757 958
837 838
184 86
536 537
960 537
680 1295
870 871
22 1074
63 555
293 77
101 581
256 603
295 532
389 724
1049 1107
623 626
787 994
409 410
615 622
839 1041
73 1213
635 192
767 612
978 975
1170 1145
147 265
181 178
173 174
1084 1078
516 513
121 20
1065 1064
1085 1079
212 1177
807 805
194 89
239 240
686 1257
582 579
821 825
221 228
712 918
25 24
1036 1158
845 545
56 11
739 1261
22 18
750 393
368 283
44 1183
346 344
1132 1131
1125 1092
1168 1170
232 358
13 1194
918 915
586 590
304 1217
393 805
328 331
828 1290
339 340
372 374
1070 1048
1161 1166
484 435
385 572
413 411
984 981
143 141
436 1220
179 180
56 109
736 735
707 708
769 768
1020 1024
1043 1044
843 839
835 834
701 791
111 695
1127 1128
1138 1137
1109 1110
171 1199
175 308
828 831
349 344
1032 1155
239 1240
285 588
312 313
513 303
10 11
429 489
1149 1151
149 26
334 337
313 314
72 71
378 379
29 411
536 964
644 642
636 638
1102 1048
906 907
408 407
706 702
1139 1115
767 1276
669 671
721 718
441 440
185 105
710 708
131 134
466 469
124 360
187 416
747 748
227 223
839 831
674 1249
1057 1053
736 738
809 808
168 173
656 450
559 817
2 226
842 841
1049 1054
596 327
541 540
106 54
768 255
13 12
1034 1047
415 400
46 45
824 828
745 1266
49 50
340 342
594 258
1025 854
570 575
857 861
629 217
40 86
879 885
23 33
681 900
982 977
974 973
661 662
485 1253
684 682
964 965
127 126
967 970
694 695
522 1222
151 74
296 578
469 648
16 115
727 728
1052 1050
679 688
200 201
1030 1031
441 443
473 475
963 977
927 1054
1042 1041
1150 803
1045 1046
547 546
50 642
518 519
1075 1074
1038 370
383 65
259 264
1129 1130
84 3
281 282
201 1230
7 1187
847 923
647 1243
85 227
1131 274
612 611
292 297
670 473
53 51
786 1311
258 1227
896 900
915 913
1163 1164
675 672
169 82
218 203
418 414
959 961
337 604
23 0
76 155
949 947
381 382
422 420
618 1076
434 622
454 452
505 947
664 670
444 443
1077 1074
19 644
599 955
676 1250
778 777
178 180
210 212
458 463
498 499
749 750
150 1203
160 391
1129 1120
930 503
605 334
782 783
219 37
591 583
1130 1121
1170 1157
760 764
14 13
487 233
844 843
265 269
1029 1154
701 980
866 867
504 815
445 501
358 353
1017 807
1096 1100
35 108
41 417
1148 1147
867 868
758 961
773 1309
851 860
322 1196
66 217
415 105
431 458
384 383
416 415
488 440
914 921
933 934
106 109
785 770
917 926
936 939
1090 997
904 499
667 671
107 110
966 967
118 119
366 370
952 803
169 170
77 1204
990 771
946 1110
268 148
1032 1033
602 254
487 488
214 213
371 1035
1028 775
320 316
1066 1067
571 572
942 1117
68 1205
321 317
244 213
564 569
603 604
122 336
1154 1152
302 303
294 299
917 916
51 1190
70 33
615 614
855 861
476 312
47 49
88 87
799 780
898 902
637 638
648 647
80 82
401 403
630 635
67 414
451 260
777 389
762 790
714 713
994 996
906 883
179 182
897 691
720 1058
504 1060
220 219
1039 1040
826 667
571 562
310 112
706 979
673 425
1080 1077
333 132
224 225
600 1114
556 555
808 734
825 823
660 1247
1105 1106
357 345
584 473
264 266
1010 725
835 836
276 277
887 883
308 309
759 963
287 286
538 542
874 949
341 342
850 857
673 666
342 343
660 468
931 930
784 768
875 886
375 376
789 1294
654 658
78 1171
738 509
34 348
128 126
419 418
1123 1109
190 186
120 387
772 951
452 451
1064 1059
862 1073
327 47
1002 1003
975 986
1035 1037
41 1207
496 499
515 512
1075 1073
507 508
685 1254
278 276
8 43
508 509
1060 1066
1100 1102
1119 1115
37 1209
708 763
988 1305
304 306
557 1159
1022 666
307 1189
78 79
57 56
356 352
329 335
908 909
635 634
1156 1160
1167 1169
646 680
383 571
938 937
930 933
462 634
941 942
920 919
493 479
740 1267
123 122
492 1007
953 952
390 730
672 673
145 146
983 980
1000 1149
1007 1008
511 876
45 324
588 572
755 1275
446 259
48 1241
727 730
393 369
771 773
211 212
271 263
1070 1069
222 221
52 75
1059 1096
823 819
1009 1095
724 962
856 852
127 370
496 502
643 1242
1107 1108
310 311
201 1231
814 711
503 890
871 873
569 835
624 623
675 674
73 1214
643 48
646 647
392 507
245 752
599 800
711 712
433 1221
763 759
962 968
223 441
196 195
1026 1025
640 316
438 630
1007 1011
291 288
477 478
550 548
542 544
557 851
540 354
4 2
1143 1142
274 500
841 840
394 156
432 448
1044 1019
568 574
460 631
18 250
539 547
659 656
866 869
877 878
1136 1138
349 535
48 49
80 81
870 875
82 307
362 361
517 384
333 563
956 798
934 896
733 726
573 544
940 939
924 851
478 1219
674 676
896 1298
373 375
944 945
447 32
1051 928
449 450
428 427
983 793
707 709
147 148
678 682
966 969
1018 1016
763 762
1083 1081
660 898
176 1198
946 1112
304 518
307 523
973 985
488 1236
747 1264
1065 1068
1109 1111
1058 1065
1145 1033
1102 1108
54 55
913 912
928 547
405 398
472 1245
583 584
796 777
266 504
1165 1168
578 590
637 640
491 442
153 154
709 601
1090 1317
388 322
154 155
445 447
503 716
96 70
81 170
576 378
34 95
467 242
371 125
456 461
1047 1046
690 888
1153 1027
385 288
1050 1051
932 1303
813 815
1112 1111
512 514
953 1318
564 561
552 141
287 288
1146 1145
879 801
57 320
312 52
621 622
901 905
972 965
537 1304
563 573
850 859
493 1256
643 645
684 683
386 387
377 567
317 637
761 758
182 184
939 128
772 773
1138 1010
338 59
269 188
1082 1078
577 75
252 692
482 481
173 220
111 1229
292 586
604 816
246 61
216 218
187 420
248 250
663 1248
787 788
567 561
247 62
551 553
62 16
20 19
970 765
53 52
1106 811
264 235
1163 1165
359 360
596 1089
149 550
818 609
57 58
812 943
92 1176
957 952
1030 1022
1066 222
1148 1014
1089 1316
971 972
350 252
137 781
160 1172
174 175
164 161
1004 1005
156 157
351 253
908 659
659 450
186 185
609 857
170 177
448 678
510 511
1019 1020
521 520
151 163
203 210
263 261
522 521
1033 1040
860 852
525 526
438 1215
494 766
1082 1081
592 27
1104 1105
277 280
361 916
1136 1137
1115 1114
74 366
421 410
419 628
421 181
619 618
606 1284
92 91
319 133
1140 1143
848 855
620 619
882 884
1162 1167
355 357
642 643
904 908
549 715
998 1313
882 740
988 987
153 78
845 858
614 23
159 158
948 950
461 459
729 275
399 404
560 1031
741 742
725 1063
733 738
752 751
1040 1038
933 683
15 5
753 752
785 784
247 248
185 187
258 257
42 1223
252 97
237 234
919 1049
580 573
280 281
291 290
1111 810
1121 1120
414 397
339 595
872 910
959 978
1099 1101
1151 1148
837 544
782 607
881 878
833 838
723 966
1056 359
1103 1107
838 545
1147 1150
874 875
847 858
495 97
137 389
877 880
690 1300
14 1192
1158 1164
98 137
391 390
913 1104
722 719
862 613
232 482
829 1293
940 941
424 423
1113 1134
306 58
988 990
479 480
458 457
679 241
623 489
1060 1100
325 49
535 761
494 495
535 533
133 373
918 1052
844 837
17 18
809 736
847 848
1054 1061
6 8
578 579
1128 1126
390 150
594 702
880 881
601 1274
6 44
1139 1141
590 589
711 551
364 362
397 396
412 30
346 350
644 645
678 903
906 910
148 105
947 948
335 833
94 479
692 694
183 184
846 608
612 1232
928 1055
1002 1004
183 40
766 764
744 745
527 523
290 287
240 466
261 260
1112 1113
992 968
810 811
993 376
27 587
323 320
294 293
686 1296
46 48
813 265
142 281
136 121
316 317
927 923
606 608
319 1195
134 133
374 787
990 984
83 87
403 177
233 440
519 388
856 1020
145 147
752 1270
723 348
127 129
1046 1037
430 432
765 350
968 974
309 291
549 352
560 775
207 243
742 747
1041 1043
501 497
731 737
595 997
1042 1044
1027 1144
482 483
534 758
234 89
588 586
817 818
593 63
901 897
1019 1032
786 830
1152 1153
20 21
871 874
222 235
311 1191
323 58
585 589
432 459
516 309
617 621
24 112
1144 1153
377 379
1086 17
929 972
399 174
815 1099
949 950
242 456
134 136
720 718
144 149
802 1016
175 402
455 456
753 751
526 516
226 224
208 206
229 0
622 1234
407 415
746 748
943 1113
162 732
130 372
270 266
100 529
628 1238
532 531
167 30
842 837
794 760
533 760
514 519
521 378
565 564
719 358
254 707
1087 116
59 60
38 37
165 77
970 963
80 527
1137 1140
234 442
620 621
971 964
104 103
957 800
69 1212
102 142
682 681
114 116
685 686
912 914
353 1071
109 303
1015 1006
715 714
471 654
1144 1156
398 176
110 38
1067 236
21 46
232 229
451 453
793 791
484 486
1055 1056
226 227
140 940
1036 1042
1096 1093
340 328
788 569
372 1269
1014 651
1118 1117
854 778
66 210
1001 797
819 820
992 977
903 899
324 325
583 585
626 627
852 853
716 929
417 409
576 582
55 56
406 399
379 382
492 932
692 693
113 119
788 1278
172 168
437 1252
681 683
112 568
920 557
424 425
9 1085
143 146
755 754
700 1281
921 558
936 945
379 130
509 733
1143 1015
659 902
1087 1083
891 650
113 541
792 793
832 829
1072 1076
178 261
305 302
189 270
523 524
512 106
474 667
833 830
825 826
865 862
941 364
1116 1118
43 1182
1053 1098
314 1218
816 1283
327 325
1157 1155
538 545
570 577
951 1310
888 887
61 62
508 1260
618 617
911 870
283 668
91 90
1003 724
8 92
73 72
884 889
655 657
649 498
954 953
1023 559
391 731
1105 1122
898 1299
257 1228
337 123
128 129
24 566
160 161
979 982
395 737
677 680
172 171
991 992
412 418
202 199
425 1030
204 653
1005 1012
1024 1025
1093 716
756 537
1086 1085
353 224
1157 1145
123 256
820 822
65 580
301 299
1098 1095
1131 1129
51 1226
242 657
31 29
644 1258
1101 1106
1120 1119
593 592
10 91
495 693
315 318
878 804
924 920
796 1000
628 629
709 703
824 1288
895 893
887 889
457 29
1045 917
343 538
691 690
1013 1006
32 272
124 355
145 149
684 687
255 137
746 747
341 60
757 756
197 195
436 477
189 191
1008 1012
201 202
806 877
500 498
1071 1068
119 132
125 63
842 836
88 181
650 931
231 229
223 225
794 795
296 295
630 1239
824 823
245 249
996 786
300 301
803 885
1160 1159
422 183
543 64
86 197
631 629
31 32
638 117
914 1103
664 662
164 152
243 1181
409 1208
514 387
704 1282
662 366
400 401
698 696
938 943
1001 999
993 995
273 445
433 434
39 1175
25 51
347 251
466 467
193 192
185 188
797 796
1007 1014
488 491
7 38
614 1233
166 211
1018 1029
830 829
801 802
7 1184
581 575
779 783
790 792
579 385
1 1225
543 548
562 561
375 326
806 736
741 1262
1092 1099
156 367
67 66
1026 861
897 896
70 71
318 322
743 801
369 367
559 1021
380 562
365 661
152 289
922 925
82 1188
129 162
848 859
251 124
468 467
653 656
114 118
685 688
283 749
697 699
737 735
985 986
864 1314
686 689
188 189
199 198
237 490
859 846
1029 1028
1051 1052
699 256
1062 1061
535 534
781 782
199 90
620 1237
1095 1094
774 779
587 580
150 727
539 540
942 364
392 1246
528 530
165 298
299 298
331 330
343 341
641 636
911 905
611 613
795 959
1162 1161
376 374
881 882
302 308
666 665
997 1312
354 355
794 1279
457 447
988 981
696 693
491 624
398 397
677 679
108 186
729 726
148 142
140 138
420 421
14 1224
435 436
468 470
155 159
822 666
766 765
486 487
465 464
744 746
510 472
788 789
780 785
363 946
821 822
228 84
95 722
593 591
3 2
854 855
965 722
36 35
68 67
866 865
298 300
230 22
250 753
1098 1107
331 333
383 380
969 962
80 1201
932 931
1005 1001
432 241
726 948
891 1015
157 158
827 850
209 205
786 998
139 140
460 461
556 922
190 191
1020 1021
180 263
404 416
464 467
748 598
286 280
433 70
743 748
936 734
235 234
515 517
967 758
1086 1087
1094 1091
369 807
268 267
87 192
239 469
627 430
1079 1084
205 449
28 407
93 536
194 439
12 1193
551 712
625 626
356 357
582 520
615 433
698 695
957 955
1009 1002
689 1301
720 719
39 1174
327 1088
485 480
703 258
267 28
856 1024
518 513
724 725
74 127
1038 1037
459 463
1082 1315
230 231
1089 1088
708 494
58 1185
1133 1130
525 529
1008 1135
296 297
975 958
1126 1127
5 4
318 321
728 937
818 1286
876 872
1104 1108
308 307
919 1062
886 885
102 287
289 293
297 154
540 549
60 61
633 413
890 891
689 493
653 655
99 254
672 668
93 94
932 973
923 924
894 1126
108 110
25 570
755 1273
141 27
728 277
159 161
956 957
997 995
429 430
687 689
245 349
769 987
1072 616
462 463
463 428
31 276
233 231
775 774
1063 1061
1103 1097
246 694
455 460
506 505
193 194
226 228
1004 1011
365 157
83 179
465 244
496 497
427 625
520 525
207 214
1037 371
7 305
135 45
511 740
819 821
33 34
42 528
44 43
332 330
431 452
863 864
274 505
1122 1124
645 641
822 1287
595 596
96 95
587 592
347 351
78 77
612 92
68 1179
240 632
776 1289
907 911
100 101
886 888
951 954
1030 1018
668 665
919 921
607 98
144 143
665 368
96 481
1003 1000
683 502
585 151
734 732
166 167
811 915
158 163
177 176
449 455
3 554
1058 1057
531 530
812 279
454 426
195 86
792 794
1139 1167
892 652
1062 1063
1154 1146
781 784
793 795
844 840
225 230
1092 1091
1132 1127
352 5
524 526
799 954
39 1211
818 824
808 1039
360 539
780 797
907 901
85 191
773 1308
1110 1117
35 190
601 602
633 634
332 333
865 611
873 880
795 1280
768 1277
427 426
958 960
1039 1034
329 565
729 728
330 121
735 394
162 164
125 362
217 216
1025 1027
446 453
30 209
478 485
126 591
828 827
260 262
694 1259
519 522
563 565
742 1265
1091 1093
305 306
552 555
603 601
810 814
553 556
338 339
65 64
1168 1169
898 899
567 576
1146 1150
116 639
304 1216
121 117
363 553
710 704
1118 944
702 700
558 1136
102 103
767 866
382 386
742 1268
361 363
961 960
426 429
405 406
135 136
994 993
438 439
976 981
1016 1017
168 169
489 490
301 290
1071 1069
471 472
501 500
762 764
802 800
1141 1169
72 93
546 98
860 926
492 651
319 315
575 12
84 189
289 292
548 552
872 873
1131 1133
985 1307
632 631
935 934
1070 713
396 167
789 1292
284 599
657 660
97 99
628 633
404 107
400 402
687 688
1031 1023
669 670
171 170
381 388
668 674
153 152
1047 1116
1141 894
680 685
699 698
321 114
753 754
506 275
697 710
17 4
1059 717
1056 1057
377 130
219 1210
238 237
278 273
849 843
1089 1090
75 475
203 215
1122 1123
853 849
27 138
741 1263
904 900
1084 867
1155 1156
1134 1133
834 841
566 568
617 614
285 289
609 610
381 522
616 618
1167 1166
899 677
354 16
554 714
542 332
5 356
104 515
146 103
639 637
879 884
704 703
497 446
1 13
453 259
905 649
417 422
76 1173
945 950
284 423
730 733
437 436
647 470
574 669
472 658
532 524
11 35
771 770
111 122
646 1255
211 209
978 983
717 1064
893 652
204 206
775 776
1147 1142
1126 1119
506 507
834 831
805 804
1125 1123
1036 1045
269 271
443 200
41 40
42 530
892 893
832 1291
89 196
903 902
139 282
925 926
600 1166
196 444
336 338
193 438
885 889
64 144
937 936
754 1080
713 1048
971 1306
380 386
410 408
162 163
413 419
1063 1053
3 26
476 475
206 205
1017 1022
424 284
717 502
1128 1118
1 101
520 517
914 558
6 36
218 215
150 1202
464 213
384 104
969 721
192 428
0 751
243 244
273 272
408 88
326 135
917 912
1124 1125
1151 999
827 609
1073 1079
351 721
910 909
1077 1086
9 55
134 315
608 607
817 1285
1121 1092
328 329
1034 944
172 1200
1163 600
470 677
974 929
652 649
706 769
779 610
651 690
663 664
139 285
160 79
954 956
394 395
236 483
392 471
696 697
260 431
759 982
99 334
987 989
460 462
1010 1009
442 444
740 739
1028 1026
204 392
619 1235
1097 1013
1021 1023
881 1297
1076 1075
1035 1043
247 246
279 278
335 995
705 759
37 107
817 820
836 833
1013 1140
239 241
527 528
272 275
312 311
39 36
671 474
1142 1141
10 9
840 839
832 835
207 1180
345 344
1164 1165
862 863
597 336
894 895
546 927
286 294
367 368
625 627
348 534
76 75
876 883
987 979
120 118
999 953
238 259
50 59
980 976
113 115
282 938
412 411
991 985
804 750
715 1050
131 132
434 435
533 1271
875 895
248 15
253 359
279 268
486 481
534 1272
1097 1124
197 198
238 236
809 806
120 131
448 454
832 789
761 765
813 812
253 251
255 705
16 15
846 845
1134 1132
598 743
566 567
1116 1114
182 83
654 909
1159 1161
598 599
90 85
311 53
1160 1162
19 61
1069 221
602 605
890 892
1149 1152
345 347
574 584
21 636
577 589
138 139
749 745
916 922
316 1197
59 111
211 208
477 1251
1012 1011
935 1302
485 484
731 732
770 989
215 214
508 880
41 1206
1067 1068
655 1244
26 54
778 557
270 271
989 1005
249 248
262 267
529 531
1006 1094
581 578
798 799
641 1081
295 300
1083 639
326 324
220 1186
605 606
1155 1158
595 597
986 971
366 365
1101 814
798 776
691 650
849 858
402 403
701 700
925 853
723 718
115 117
249 346
661 663
705 706
996 998
396 401
1 100
262 28
216 1178
200 202
771 772
1051 1055
483 490
543 541
554 550
973 991
