1244 1214
1257 1183
1300 1222
1172 1259
1180 1221
1285 1239
1305 1253
1260 1271
1198 1314
1299 1189
1248 1205
1302 1217
1307 1195
1268 1193
1309 1254
1191 1200
1291 1206
1243 1186
1267 1194
1228 1234
1277 1236
1306 1197
1173 1229
1310 1255
1202 1273
1177 1233
1181 1220
1303 1196
1318 1269
1266 1282
1261 1280
1284 1230
1289 1240
1292 1209
1288 1208
1249 1227
1283 1231
1256 1182
1250 1178
1265 1226
1293 1174
1296 1184
1286 1215
1311 1175
1219 1276
1290 1207
1301 1185
1278 1210
1225 1242
1297 1279
1281 1252
1224 1241
1247 1188
1223 1315
1203 1270
1264 1190
1246 1272
1312 1232
1287 1238
1298 1216
1179 1235
1245 1304
1313 1176
1295 1187
1274 1237
1204 1275
1262 1192
1171 1258
1294 1211
