37 38
192 268
75 72
31 3
48 47
53 357
182 98
299 301
154 439
343 344
352 318
99 100
239 479
13 94
240 250
325 331
257 349
137 136
43 514
284 548
223 566
152 478
208 32
256 593
140 181
284 642
198 166
206 43
205 2
216 217
10 8
165 409
293 52
251 291
271 270
82 40
71 610
164 187
346 344
293 162
237 186
140 264
87 15
71 638
38 9
23 1
155 380
95 97
43 154
271 45
29 41
101 466
143 274
45 194
116 120
224 559
159 386
99 103
183 144
102 467
329 66
338 670
197 296
350 226
218 588
322 605
250 615
338 350
83 553
223 224
92 44
275 235
186 420
289 705
17 15
278 277
160 237
48 214
173 219
154 36
27 301
341 692
327 631
44 221
7 57
293 554
321 602
227 318
124 541
24 181
15 406
90 460
200 611
347 718
13 12
201 612
16 17
276 278
5 7
218 546
240 616
314 671
144 202
162 622
281 656
39 154
153 154
66 145
25 40
293 556
337 669
299 244
295 701
252 212
105 320
15 175
340 677
61 215
123 547
221 451
199 99
177 415
53 474
108 227
337 123
139 329
21 57
74 134
99 255
292 655
318 739
256 198
325 653
52 484
104 106
168 334
316 156
337 730
83 161
79 421
251 109
144 504
158 221
90 428
162 164
226 599
336 349
218 289
248 188
291 122
227 579
314 311
305 342
217 543
100 329
81 112
279 280
336 198
80 11
174 572
36 77
159 385
155 282
195 250
298 241
51 57
283 335
104 438
110 111
211 697
346 146
344 183
155 156
136 525
304 253
15 4
194 193
53 441
218 709
279 34
132 47
56 53
331 325
236 314
153 461
307 240
74 728
146 634
110 67
275 278
51 481
124 121
88 426
223 560
339 732
209 636
247 238
5 395
57 7
291 342
318 263
126 128
60 147
175 176
10 0
219 220
219 14
288 148
51 374
89 407
286 215
85 175
350 339
219 654
281 703
25 425
308 309
288 287
177 91
70 172
260 663
20 57
320 319
187 238
129 125
200 320
260 210
327 632
133 335
37 219
208 657
293 555
337 668
147 145
138 527
181 643
343 711
240 197
265 626
87 174
177 414
180 448
249 624
347 720
73 726
22 56
209 285
72 73
106 608
334 198
73 74
44 446
225 463
200 596
319 321
115 114
116 80
88 258
131 132
107 144
7 29
214 440
209 136
114 18
19 244
4 368
266 685
1 362
167 170
323 201
80 30
31 25
198 659
340 679
227 578
282 704
8 10
111 99
57 56
271 204
181 600
255 199
175 224
153 36
216 485
1 6
318 740
313 118
99 486
22 59
34 279
335 136
344 345
83 52
290 268
40 391
136 524
33 317
119 419
152 619
342 708
0 365
219 153
285 529
284 667
98 182
233 230
188 688
153 26
215 286
264 263
218 291
342 291
182 328
217 330
188 266
161 83
178 96
128 124
314 186
329 328
103 102
309 115
245 130
238 187
96 99
211 266
102 468
154 508
31 120
329 67
92 101
52 132
286 138
237 196
121 126
216 442
314 195
85 174
28 87
289 706
262 326
351 339
22 475
226 576
194 65
334 255
341 693
119 470
268 585
120 117
92 91
352 737
208 333
268 649
139 140
121 538
138 526
59 408
327 203
111 594
179 176
335 349
321 201
349 257
299 49
195 338
347 719
185 58
17 355
219 453
217 288
209 284
240 617
15 87
270 277
319 320
84 82
94 329
260 665
280 510
324 625
345 110
109 110
89 258
350 351
41 87
293 557
299 245
102 347
295 702
1 361
322 105
12 35
188 192
168 170
256 564
165 462
340 678
5 367
202 639
265 628
135 473
132 216
55 47
47 373
78 403
347 722
69 65
123 666
141 297
260 522
176 224
53 22
333 658
324 683
323 321
93 456
219 173
28 5
225 465
307 186
138 137
183 645
72 215
221 444
107 498
142 143
0 364
283 136
338 314
222 84
207 205
0 28
41 167
21 83
293 623
307 195
249 190
208 281
267 68
212 252
81 113
25 23
80 378
208 155
224 490
41 15
163 46
311 76
165 89
31 472
186 237
158 445
84 389
334 172
66 139
122 123
120 156
339 351
147 534
215 72
212 698
318 200
15 5
224 225
18 10
330 46
110 329
159 63
285 531
249 250
233 232
187 162
220 570
146 635
71 202
3 40
92 450
193 315
188 268
352 736
160 247
88 225
43 157
106 139
36 80
12 64
44 158
279 575
81 94
335 348
189 324
317 333
276 234
289 707
250 191
7 4
66 329
210 284
287 647
61 128
56 55
154 39
142 300
119 471
179 166
257 74
124 218
17 396
144 346
117 186
21 369
156 116
145 532
113 81
213 493
84 222
340 613
239 197
138 528
5 366
181 644
151 152
343 712
295 281
96 180
159 459
226 227
224 294
319 106
113 333
347 721
262 261
219 454
145 633
57 359
213 257
108 580
55 57
333 577
27 273
95 93
209 60
205 516
211 105
73 215
152 190
21 4
11 402
241 228
157 513
266 686
329 139
37 95
80 31
94 181
254 595
5 0
63 387
218 539
63 21
42 272
195 307
80 377
180 91
290 291
175 569
266 696
333 226
196 308
135 22
49 50
311 313
186 236
292 549
90 89
25 583
99 166
228 184
337 662
335 725
147 533
40 422
174 400
79 423
335 73
268 192
82 63
14 69
319 606
285 530
295 675
0 30
349 335
34 33
43 206
15 17
291 125
91 413
284 122
78 375
27 29
349 74
117 118
268 148
230 184
250 340
119 79
252 68
163 480
13 64
127 126
307 618
346 501
254 111
219 178
339 673
303 290
341 189
221 449
333 317
140 598
242 241
57 20
9 45
23 159
147 517
341 627
151 299
58 20
2 279
22 257
51 52
264 140
337 62
156 672
268 586
351 350
42 86
105 609
61 138
30 10
219 37
165 59
331 341
89 429
224 562
188 590
116 155
332 731
306 290
10 3
165 404
20 49
138 537
14 9
79 31
314 307
59 89
54 53
265 341
55 56
103 96
56 57
280 511
4 54
22 229
200 323
119 120
66 105
21 371
237 160
146 147
342 212
288 268
171 199
305 188
322 262
48 229
153 219
158 157
221 180
256 565
98 469
317 64
257 88
351 333
55 48
94 81
266 695
196 307
48 443
176 225
260 337
46 150
203 212
291 290
316 208
261 338
323 322
350 734
35 76
138 61
140 106
226 113
229 48
283 60
289 342
335 72
107 499
192 189
338 315
283 520
83 63
207 206
295 674
346 713
190 249
61 536
44 101
211 212
59 17
219 292
321 495
218 122
183 329
35 33
201 496
25 392
297 296
277 274
291 710
298 297
103 487
47 216
76 310
192 306
164 477
282 512
324 687
25 3
84 390
293 552
337 664
101 411
14 170
60 209
212 699
81 574
206 208
345 715
314 339
98 417
58 19
109 60
53 16
259 334
314 316
193 112
336 334
231 42
80 382
77 42
120 383
121 148
176 198
141 142
77 153
232 19
213 74
319 601
294 561
118 120
100 347
18 114
333 208
88 464
152 163
240 239
332 351
267 266
63 222
242 243
287 648
280 81
149 131
330 287
179 294
185 231
234 275
289 290
31 582
331 330
133 254
17 397
2 280
143 302
21 370
100 98
248 266
158 507
291 203
23 8
88 430
223 563
137 209
159 393
218 148
190 188
159 25
332 733
240 307
146 714
110 716
342 252
139 24
74 724
343 723
16 53
106 433
62 61
102 98
134 89
108 581
71 66
324 190
256 489
315 350
254 519
105 264
66 202
177 96
134 431
326 340
269 291
6 23
174 175
66 212
31 424
321 494
5 1
69 329
281 700
230 231
212 211
289 591
289 248
280 279
36 32
164 476
135 257
53 55
106 436
147 110
157 506
213 134
152 620
26 78
248 342
81 573
214 135
330 341
246 235
148 217
158 455
319 607
258 15
124 62
0 399
78 30
237 238
349 336
52 46
273 270
145 629
5 4
51 83
42 276
4 353
80 381
253 65
172 334
86 87
267 211
101 103
346 502
40 160
145 147
78 153
250 240
87 28
267 322
182 646
129 304
3 31
303 291
225 223
177 412
132 51
11 10
147 518
234 70
4 7
182 94
299 298
67 99
59 22
342 694
89 88
93 94
280 93
284 545
326 266
210 640
319 603
191 188
97 44
165 405
188 684
209 210
284 209
329 183
330 150
174 85
93 416
287 650
256 488
320 323
299 300
312 115
260 138
334 133
156 119
268 589
10 363
184 141
352 741
104 71
296 307
340 614
174 551
145 327
284 641
332 735
182 418
307 237
337 260
106 435
102 100
52 651
74 73
155 379
150 149
107 500
215 135
89 59
212 203
171 334
103 410
283 521
316 333
235 228
208 207
112 227
238 237
201 497
6 4
267 105
38 204
300 302
261 68
130 161
98 97
75 348
101 102
158 447
120 80
334 336
123 218
198 567
8 25
83 293
50 233
44 92
50 27
125 291
123 544
93 2
17 4
262 680
281 208
74 257
220 571
340 250
347 717
96 44
204 310
54 354
55 358
262 340
307 308
153 376
28 0
156 592
55 130
67 110
63 372
181 139
87 398
83 57
134 492
266 682
6 63
1 360
98 44
348 127
166 171
340 676
7 6
177 180
198 336
242 244
285 535
236 584
243 245
330 288
185 232
53 356
256 166
288 540
99 254
318 738
282 156
325 652
104 434
52 483
39 219
174 550
169 167
136 727
81 227
323 262
144 503
88 661
162 163
180 44
205 206
86 169
23 388
295 351
220 221
249 681
155 32
220 452
174 87
67 329
217 542
26 30
341 265
306 305
254 334
310 312
235 246
328 329
206 515
330 691
134 432
159 384
48 127
155 281
308 247
218 587
2 158
305 191
322 604
186 313
210 523
269 327
198 259
243 304
256 568
139 181
333 279
180 221
285 147
93 280
279 113
24 329
280 505
301 302
157 205
341 690
299 131
313 312
325 287
53 56
106 437
15 59
54 57
123 124
180 558
209 269
261 318
5 394
148 218
338 318
318 262
215 213
350 227
216 47
75 257
204 309
338 742
145 630
350 338
238 239
222 458
270 274
340 262
97 98
163 621
98 457
324 689
210 260
168 259
134 491
173 169
157 509
11 31
286 729
202 637
70 253
214 215
229 129
8 6
217 149
45 272
292 219
0 401
250 249
87 41
181 597
272 273
291 251
216 482
249 324
303 304
85 219
315 314
162 52
55 132
90 427
151 187
88 660
318 227
246 307
283 133
262 743
320 264
318 338
207 279
135 213
257 22
112 263
178 220
336 88
147 60
