542 597
374 573
537 723
543 598
541 437
443 644
391 660
677 533
453 639
570 629
485 581
354 505
647 607
404 544
704 415
471 564
680 714
691 596
355 455
474 417
737 722
538 643
454 638
687 640
619 526
554 735
673 487
378 686
478 727
616 519
549 694
558 634
383 676
627 522
386 428
356 456
701 413
592 488
509 434
400 709
395 587
664 500
551 708
379 604
460 669
360 650
584 489
484 599
382 679
515 601
409 668
388 652
373 574
475 457
370 658
401 591
371 575
444 499
462 667
572 710
407 730
451 504
377 685
390 430
571 633
655 699
672 414
678 531
662 498
381 682
559 636
539 436
492 467
477 728
448 501
739 712
536 645
740 716
582 683
550 706
441 418
375 696
363 688
671 486
553 733
380 605
654 698
458 431
675 412
690 611
429 450
365 589
617 520
618 595
425 465
626 528
493 468
665 502
490 642
670 594
364 590
702 411
693 496
461 697
442 600
742 718
384 700
625 523
439 609
424 563
613 517
628 527
463 641
507 438
482 580
483 579
561 630
420 593
369 577
361 649
405 545
614 518
560 530
366 586
481 576
452 637
389 661
406 548
656 602
423 566
674 410
398 546
552 734
651 578
479 725
432 466
569 631
743 715
402 684
396 547
648 606
555 731
480 726
358 510
403 705
622 741
459 427
620 525
357 416
392 464
621 729
615 521
359 511
353 506
473 469
732 717
387 703
419 565
568 532
612 713
738 721
440 646
508 610
376 695
540 608
394 588
681 535
393 426
449 503
556 491
372 657
624 524
421 567
476 724
513 433
422 659
397 447
408 446
653 495
362 585
399 707
583 689
562 632
514 603
368 516
