-1.139658354738193324e-01 -1.914909815649480374e-01 -4.591969050293986943e-01
-2.349559847889203246e-01 -3.672216181944942814e-01 -4.682279954871382266e-01
-4.614029793480541042e-02 4.394400884161531740e-01 -2.200823896587038864e-01
-4.117148231048914364e-01 -1.802875051999996980e-01 -4.288240318104873938e-01
-7.332168469477721995e-02 -4.352637028499849459e-01 -3.083743286553611851e-01
-5.430839189301395198e-02 -3.255191987203625015e-01 -4.445083611535953771e-01
-2.371386998642600885e-01 -3.972826194933025690e-01 -3.729487328916520350e-01
-8.695712885817379056e-02 -3.851359374560344717e-01 -2.821808438485273740e-01
-2.661546832337903790e-01 -2.556714965287723018e-01 -3.743608316428186922e-01
5.325541944681655426e-03 4.450158324286577344e-02 -1.598145529908735762e-01
-2.444364273880912930e-01 -1.510928580262511089e-01 -4.017454953479794866e-01
-3.226951212416804271e-01 -1.063583942048900999e-01 -4.641006747019843504e-01
-9.158247376875924828e-02 1.965481315658381134e-01 -1.130733431598242023e-01
-4.835047214946457117e-02 2.190880668554601174e-01 -1.213994982721996463e-01
6.972114567340409463e-02 1.704753517094465681e-02 -1.636588094154669826e-01
1.217165693262844406e-01 -3.053881042051419525e-01 -3.925685821585945812e-01
1.137755141899955968e-01 -4.471439710909740906e-01 -2.328310727509353417e-01
1.526885964197920165e-01 -4.383437009332655787e-01 -3.636709345595368070e-01
-2.562277145526992150e-01 -1.097799979562872896e-01 -2.683253004196525238e-01
-1.086770166112474428e-01 -2.417544298862719931e-01 -1.078047804881101523e-01
-1.102975915695296183e-01 -3.176943366767961408e-01 -1.532204990843699377e-01
-1.934811263605136777e-01 -4.580779992567283188e-01 -2.222156545496134783e-01
2.509614461664994578e-01 -4.041903889233776637e-01 -2.140021736722765300e-01
-3.721989327661712754e-01 -3.663415788223097769e-01 -4.480753226580282411e-01
9.232758100780739940e-02 3.816114855529395000e-01 1.897860298543870838e-01
-4.499000909856855634e-01 -2.597763495921648902e-01 -4.131823028381059748e-01
-1.093801426569591673e-01 -4.715479044051349572e-02 -4.384278342918475624e-01
-1.411176435847549815e-01 -1.672478411977738055e-01 -1.328596907939074701e-01
-3.834927793423226899e-02 -2.114945601749243509e-01 -3.844794279855382468e-01
-1.266734142111360269e-02 -2.675368555835437867e-01 -2.776061267124456111e-01
-1.582067235927266391e-01 -9.442918872107751438e-02 -4.371218969997854309e-01
-4.240491611629505497e-01 -1.436900694801197809e-01 -4.574922511031184746e-01
-2.494686512188311056e-01 2.143345698702877333e-01 -4.120017038167175794e-01
-1.749652834529511758e-01 2.894831412329777476e-01 -1.604588799193323589e-01
-1.270256139124473493e-01 3.856076839258147371e-01 -1.831391485561974231e-01
-1.627180291611331209e-01 2.115927241604664277e-01 -1.664387889352611782e-01
-1.866493680170747127e-01 1.371040881043732729e-01 -4.164639875530498636e-01
9.343284830028598942e-02 1.791158575940438036e-01 -3.010057062230663272e-01
-2.329279086302244589e-02 6.585597158861718203e-02 -1.915140133086351004e-01
-2.670675767004421913e-02 2.428031706562396030e-01 -4.046284217517617798e-01
-4.624157232674830365e-01 -2.169594711360871009e-01 -2.625847110983624555e-01
6.833005729476639145e-02 -2.266295281793055394e-01 -3.196194425667433503e-01
-5.333254195629379829e-02 -1.254724681807895814e-01 -1.183622777237242629e-01
-1.138741525426612555e-01 3.964781361413136085e-01 -4.495155658161675838e-01
3.326589924416474275e-01 4.266398791120937783e-01 -2.843012472925149914e-01
-6.408210670041875057e-02 1.586250825568287504e-02 -8.119636038131348987e-02
-3.674696866194502864e-01 -4.056518640337853920e-01 5.792257222606328471e-02
-4.230382227612308754e-02 -4.343027411399517645e-01 5.179437323556185246e-02
8.138513190697463373e-02 -3.695229391070224412e-01 4.116755015997906192e-02
-1.361780371574387027e-01 -2.497976287561918807e-01 -1.004994702650266747e-01
-1.240354704450130768e-01 -2.120763491898958186e-01 -1.239728282162672751e-01
-1.899748495601963072e-01 -4.644510639273269903e-01 -8.479946941532091886e-02
-2.870465068019715793e-01 -4.692845927575845510e-01 -1.824047968931413917e-03
9.728250571990804119e-02 -4.520518568056164366e-01 -1.765771103710267464e-01
-3.712229099703723625e-03 -4.484792272386201040e-01 -2.405087369191406255e-01
-1.433897521853725980e-03 -4.063652830923633608e-01 -3.521728719597098239e-02
5.181945627986583175e-02 -3.805612389185551447e-01 -1.463172038936446928e-01
-1.108802186755505487e-01 -3.960488134245286895e-01 -1.904547155404714143e-01
-9.889107871101764091e-02 -2.640460970600831958e-01 -1.373049665893512905e-01
2.830060884807834021e-01 -4.380414832455597485e-01 -3.232092799349964296e-01
3.624480166495048228e-01 -8.035836637409088379e-02 2.669224051731544090e-01
3.619518156378976337e-01 -4.421888564558042467e-01 2.525501581549038921e-01
2.916682473207799497e-01 -4.350253651444252467e-01 3.201661515760934607e-01
-3.091806167296458630e-01 -4.516762477039457102e-01 -2.801585436389666395e-01
-7.689312429430492091e-02 2.120088486090988267e-01 -1.144466436867131454e-01
-7.173961282439479670e-02 9.084160226453223685e-02 8.605455941558762256e-02
1.774670045931774631e-01 2.876103127626174483e-01 2.332708621449612607e-01
2.453802968238336657e-01 2.098758904978509920e-01 1.571869458220669646e-01
-1.124091284220668091e-01 8.556063495543417274e-02 2.927920150171208769e-01
-1.095342128754491981e-02 1.648739218271591533e-01 5.642669718570902937e-02
-2.019523721415816472e-02 1.007542161956140672e-02 1.030571792880760201e-01
1.092063984124020948e-01 3.202816958331162200e-01 4.769621232546800149e-01
3.562824713098936003e-01 -3.681192021245092150e-01 1.187857662857857988e-02
4.118110231639429686e-01 -3.559632396442732327e-01 6.136446368816420374e-03
4.248591678551920103e-01 -3.519625514879889394e-01 -9.288827670941678105e-02
3.375863950042328754e-01 -3.166695914178250804e-01 -3.191467724338951928e-02
-2.158808841727615502e-01 7.404063922945379461e-02 -1.889253814474692872e-01
-1.315341650898858294e-01 1.077865437577315844e-01 -3.915938114472428677e-01
-1.005802604935474159e-01 -7.791102313680048352e-02 -4.617556892040355909e-01
-4.736928639964056442e-01 -8.095042905667178268e-02 -3.864964848823305155e-01
-2.694228053615508323e-01 1.182714199743643314e-02 -4.670965691614196724e-01
-7.455292773610840140e-02 4.305873007639968164e-01 -9.892362697568410357e-02
-4.475102307295256709e-01 -2.993615347856732334e-01 -2.370690119684834007e-01
-2.688743674878775747e-01 -4.176702109046342426e-01 -1.402392928051842957e-01
-4.613619287478513686e-01 -3.571187920847926356e-01 -2.334948321339693211e-01
9.616945590884788675e-02 -1.032805957208912384e-01 -4.284335860386922490e-01
6.988358181771937849e-02 -1.393259489334975065e-01 -3.002776891067858722e-01
6.835138959202706477e-02 -2.043232353467101248e-01 -3.597914424052058302e-01
4.723613922628986384e-01 -3.281276672186470011e-01 -3.119416690620271382e-01
3.774334579724840655e-01 -4.226331272964042873e-01 -3.528240222770435697e-01
4.631154888823657556e-01 -4.571669583567569140e-01 -4.434419624918770619e-01
4.318165307437094036e-01 3.872721084750457843e-01 -3.656445291982080570e-01
3.714602440033548669e-01 4.343580989020890959e-01 -2.868499425767504496e-01
7.647225849947869580e-03 4.503605483428569922e-01 -1.790374483227694102e-01
-1.210669381073131885e-02 4.037122337350689261e-01 -1.079423206106817495e-01
9.803531520219306572e-02 2.871130262704580383e-01 -2.297124483355104108e-01
3.646361176544254956e-01 3.308887757932646445e-01 -3.491634786854038719e-01
2.372367745599410493e-01 4.028869257676727100e-01 -1.749589433411922190e-01
2.334598285952410035e-01 4.308766233192976025e-01 -1.354334924054147737e-01
3.905540913737244324e-01 1.621150012894308490e-01 -1.532746465372606393e-01
3.401978077881793183e-01 3.672266963227775460e-01 -1.034733580951096577e-01
4.329184517866060955e-01 4.140960072287764859e-01 -2.206162617943926429e-01
4.180487240894389944e-01 4.115123174572365428e-01 -1.027239712617489253e-01
4.596538602746910729e-01 3.569573392860221350e-01 -1.753702463084448326e-01
3.885995786453132900e-02 4.385564337435549631e-01 4.999427541342763570e-01
-1.365397114385022981e-01 2.330610881016765001e-01 4.256186210943088133e-01
-3.215686445703061502e-02 4.724796893213913940e-01 4.940879787383472554e-01
3.157743650694969650e-01 4.470189220596998414e-01 4.458460138212868573e-01
-1.263905249406956921e-01 4.953039524659361703e-01 1.295106999530656888e-01
3.171226815906935670e-01 -4.174868341889298451e-02 2.403690367045350496e-01
3.745720930940559246e-01 1.616925424410785295e-01 1.771359412922829946e-01
4.379262544086824360e-01 1.047383860326368127e-01 1.073802056608792466e-01
-1.737612783771309288e-01 2.444085485488504683e-01 3.395701979466066861e-02
-1.390817059928741717e-01 4.261701695584851901e-01 -1.239295443352745746e-01
-2.654533633825680305e-01 -8.382228395914104180e-02 -2.457237432925288290e-01
-2.704485345893222203e-01 -2.614125417622384373e-02 -2.076445093749797743e-01
-3.496586543755902943e-01 1.295253270310416926e-01 -3.760210577952523003e-01
-3.646935052490939411e-01 1.213301229545805243e-02 -2.612260927108959740e-01
-3.429759918156258802e-01 1.306326561106039424e-02 -2.772041759195019717e-01
-4.655034013375081159e-01 3.722595075572623924e-02 -3.411652278355777335e-01
-3.679249244146337028e-01 5.804052813819967488e-02 -3.500719075575407513e-01
1.025635437255004584e-01 -4.142108662492247073e-01 2.643276131891463820e-01
1.981573684538262270e-01 -3.209496540861322966e-01 4.505147712536025084e-01
2.045081747864422317e-01 -4.159420318085007562e-01 4.572685836512276891e-01
1.940457233350034172e-01 -4.255448962709216243e-01 3.390601763165344562e-01
1.005539106680258393e-01 -1.194597899804409752e-01 3.144156290072646076e-01
1.466523955403443435e-01 -3.711999161650487156e-01 2.353808445234048807e-01
1.286078468264930386e-01 -3.678571786061208826e-01 1.292250223879346238e-01
2.419025605973630366e-01 -4.051889930923292527e-01 2.788728314261909591e-01
-5.925571427147589831e-02 -2.412898038659642697e-01 7.213711794836173696e-02
-1.767279882047963213e-01 -2.967848612286945187e-01 -4.958151411887817134e-02
-1.567742265152900216e-01 -3.725390821122165352e-01 1.042197263730427897e-01
-1.113059014373092293e-01 -4.272634949928732495e-01 4.921520440562569820e-02
4.441080008061756845e-01 -8.911589213225008799e-02 1.000177622480597356e-01
4.487107631218095749e-01 -4.556256719365366359e-01 -1.476742732641982414e-01
3.058105604869031380e-01 -4.212612219749932163e-01 -8.682620836077505067e-02
4.526506578220297894e-01 -2.069031445134854597e-01 1.789840211438534223e-01
4.226440559577820943e-01 -2.298543674053463437e-01 2.492386920975294684e-01
4.463923964491693375e-01 -4.148106676811234017e-01 2.471917132750328649e-01
1.058275823086188838e-01 3.624959103724167409e-01 2.146887555236698109e-01
-8.742437123227404794e-02 4.225126071875626166e-01 2.991676210549183423e-01
-1.467253395087785295e-01 -1.380736905854083318e-01 -4.762562602852747629e-02
-1.628482601940481334e-01 -1.235170470575876478e-01 -6.785566428977884978e-02
-1.730261992200630150e-01 -1.111592667394922657e-01 -7.336324113671813252e-02
3.155273169332309391e-01 3.725632853926909571e-01 4.551605694627403609e-01
3.719292550677020803e-01 8.324037532460129563e-02 4.789899891775545315e-01
4.677352488238050165e-01 3.096330636259239655e-01 4.572443439546597932e-01
4.420913026201213070e-01 9.016099548489409088e-02 3.959755096684356990e-01
-1.645470047818377995e-02 -3.705595243451004772e-01 3.741350443239890300e-01
-1.474105719717443141e-01 -4.117106543736139823e-01 1.892950076223073874e-01
-1.956355637171244832e-01 -4.156163484947729136e-01 2.227637676466705519e-01
-4.264769814709344908e-01 -2.640603513217775755e-01 1.413451865664673013e-01
-4.618669429107829516e-01 -2.749676402260175512e-01 1.549683096675087968e-01
-7.539768465987491119e-02 1.087948215037334021e-01 -4.467714840277532407e-01
-5.035079119831509242e-02 2.517775041810993986e-01 -4.288831487860432778e-01
-3.127349123665305042e-01 2.258898132920576229e-01 -4.377772362624167135e-01
-4.183747783021369293e-01 1.758941441398763350e-01 -3.444091048821843470e-01
-2.525327160597837933e-03 4.626059899777194562e-01 -4.514333512530699366e-01
1.072329373046763956e-01 4.641792070259861402e-01 -4.220123981457952200e-01
-4.544471425785545082e-01 -4.243053615590561267e-01 -4.112201269337169562e-01
-3.977324473486585910e-01 -1.644772859626468242e-01 -1.179882451507439367e-01
-2.698265472527399123e-01 -3.732874218510070508e-01 -1.206133831511622817e-01
-4.085012270490543940e-01 -4.068661856670555133e-01 -3.195136829973525133e-02
-4.480573723230507066e-01 -3.777535406350932545e-01 7.688940473048062885e-02
-4.618192077692631625e-01 -3.360382745484344902e-01 -9.135074605488401056e-02
3.441979133319953976e-01 -3.720532633721496119e-01 -4.783231420308863280e-01
4.157162802387295852e-01 4.074198041994002428e-02 -2.683014817516221062e-01
1.040994274533308395e-01 -1.114375932609845687e-01 -2.544277793679106114e-01
2.167671366722526971e-01 -7.579989371360873474e-02 -1.580425067994252752e-01
9.139344111399586024e-02 -8.772059822719942279e-02 -2.787604106670787951e-01
1.285103031166183740e-01 -5.930325931018672753e-02 -1.608479384262866685e-01
3.714996608401453515e-01 4.087705193418521982e-02 -1.682490522212095607e-01
3.605785524084175742e-01 -3.047949900830788580e-02 -1.204696966792139362e-01
1.330623536564736475e-01 8.880994673762725167e-02 -3.575380524934925197e-01
9.081971248690090537e-02 -1.336975483207846205e-01 -4.525688021002304273e-01
2.101574309628475579e-01 -1.266670360122776340e-01 -4.559042249243450140e-01
3.320718062713458596e-01 -1.424370299933128414e-01 -4.159482556355990623e-01
4.512680369598070507e-01 3.205542379638245398e-01 -3.673899967403650435e-01
2.483859658323910313e-01 1.952868495660193826e-01 -4.333496525710878178e-01
3.774131099189650396e-01 3.484741122850416872e-02 -3.586586186011248567e-01
3.751899724052545348e-01 3.517188526660428582e-01 -4.244593622588395676e-01
3.743186765709693303e-02 4.519958265577934120e-01 1.873450924096236314e-01
1.691555298010011532e-01 4.487991397888482781e-01 -7.773798705544869569e-02
3.342070157867136349e-01 4.106874923494266416e-01 2.660527905117227587e-01
-1.172497767257780349e-01 -1.610143537647061307e-01 -4.790010637222792689e-02
-6.243308428433543000e-02 -2.233098469668266806e-01 -1.184530375571574007e-01
-3.933559989438606963e-01 -1.837352796884477585e-02 -1.941012477231968958e-01
-4.371785091965328940e-01 -2.536565161603501206e-01 -6.630965351091158699e-02
-2.359561643016643007e-01 -1.956275223414344899e-01 4.463931220352521656e-01
-3.487067704497354148e-01 -2.779268229261850354e-01 4.105201118559719808e-01
-4.234698423058406713e-01 -1.803545610599490978e-01 3.369942328209014071e-01
-3.421596673568173541e-01 -6.138741189637215295e-02 2.509511156032880885e-01
-2.217063147055874928e-01 -2.574814527942319020e-01 4.022080781897459101e-01
-1.884557144476754209e-01 1.832230381571342548e-01 6.705112808386841025e-03
-1.187308933067954125e-01 1.010879377693993941e-01 2.923487828931929655e-02
-3.537561499308365387e-01 8.269788936125500867e-02 1.314892336783698989e-01
-4.002770642736859230e-01 -7.680894980871766364e-02 -6.293971633418338207e-02
-3.503596304590353427e-01 -1.682507188478375160e-01 8.809468634490504046e-02
4.390535619187053151e-01 -7.826728707479266300e-02 -2.422377704094076656e-01
3.828803236674897525e-01 1.065969729762651641e-01 -1.340166830951478039e-01
-3.476736761527467467e-01 4.388311272691213238e-01 2.823355133362563940e-01
-4.390019236011292181e-01 4.679176424117885702e-01 4.326121298250524827e-01
1.920640696010995629e-01 2.601957255154352389e-01 4.648409400082259557e-01
3.657561697389039024e-02 3.246042900819115506e-02 3.500142209484253253e-01
-1.950284205521340686e-01 2.211578700148758916e-02 -1.590568083047894377e-01
-8.342786573176844134e-02 4.445829234308030786e-01 -3.519143820245129728e-01
-1.557238652772742760e-01 4.147979240790032329e-01 -4.138537008356397706e-01
-1.619329167920900425e-01 3.916557325071329809e-01 -3.271267188486283728e-01
-2.327618884008801348e-01 3.689587795261094483e-01 -3.532586739503290607e-01
3.668320190499597677e-01 -1.811741338669913270e-01 3.296890590479001903e-01
4.529074750856229015e-01 -3.314329224869883017e-01 4.480252570534121181e-01
-1.120830021867593729e-01 1.272006091039425968e-01 4.083326515631811038e-01
-4.767637748914959478e-03 5.646277284927449930e-02 3.624974266470668005e-01
3.825843287516755842e-01 -4.237264070996131227e-01 -7.967821916312781139e-02
2.161898423960935123e-01 -4.548538720185453244e-01 3.947858456840176028e-02
3.582805889142907096e-01 -4.125360309244366919e-01 2.475747163436279805e-02
-6.953782045888415309e-02 -4.698718926814599017e-01 1.164438478798623527e-01
-1.011444176133737827e-01 -4.589835842229100238e-01 2.318842342991624395e-01
6.874633888995784758e-02 -3.313680545054364934e-01 4.492519076718722304e-01
1.056950162057156278e-01 1.269443237911629940e-01 -3.722207963478132986e-01
2.636164314008629939e-01 1.849177329151116544e-01 -4.792142254124067691e-01
3.056344648154844523e-01 3.559106953872921975e-01 -4.636749397780315363e-01
-4.370960938921046868e-01 -3.851769840796581690e-01 -2.471025152981704553e-01
4.249054578623968070e-01 -1.219183795536374348e-01 -4.459368877087945271e-01
3.326122211971099252e-01 -1.466099496825400139e-01 -4.640511136001034265e-01
3.820501219076897215e-01 -1.894983551864171945e-01 -4.406240028456082092e-01
-2.524530792263001699e-01 4.363170971437341783e-01 -2.954746760459528443e-02
-2.602062741903449217e-01 4.393002489966533197e-01 6.824140734874147018e-02
-1.128147937481823460e-01 -1.520143424585838621e-01 -2.330594793456149810e-03
9.366295893416752560e-02 -3.019127362546547566e-01 2.996787674431379903e-02
-9.414560367417014464e-02 -1.907351581223895309e-01 -7.503593976662586984e-02
-5.777212048199369815e-02 -1.847754210661147478e-01 -1.091746721205102549e-01
-7.570427629411266568e-02 -2.263847767596713356e-01 -1.109268575627720965e-01
-1.022903694126360563e-01 -2.144056790143568647e-01 -1.036411934962457176e-01
-3.986431750483014624e-02 -8.010950101991848316e-02 -1.548779703473511689e-02
-1.126434165140152988e-01 -1.097895692429930459e-01 2.142430982979749710e-02
-4.584083170799220230e-01 9.825124218474851068e-02 -1.549632179718945790e-01
-4.096760076500491898e-01 -1.450288581654091691e-01 -9.870296018444787989e-02
-4.295418469649323057e-01 -1.962657481272033211e-01 -7.528510811595016949e-02
-4.266627064248808554e-01 -1.508509948871533946e-01 7.279106271076374313e-02
-4.584567385719668375e-01 -5.246040441133767440e-02 1.061861892008463537e-01
-1.386875904554738803e-01 -1.880426735812834871e-01 -1.974725578467676629e-02
-1.321354414609428041e-01 -2.207001061317385715e-01 -3.288713664277256171e-02
-1.267957458289162287e-01 -2.307780253185148511e-01 5.341125701646957935e-03
-1.494072396826847948e-01 -2.335633310143706842e-01 -5.301225138804217113e-02
-1.597527478211124841e-01 -2.438487727129620419e-01 -2.983219673502634367e-02
-1.208625747917065618e-01 -1.060068345696012493e-01 4.289215417537681901e-02
-3.931809852913346615e-01 -1.530657345354237142e-01 -9.089326460367559701e-02
-7.192320087560366559e-02 -9.033268412610644116e-02 4.352410121854217162e-01
-4.575812665453503070e-01 -1.325578688959315188e-01 3.252352030950126371e-01
-4.137117589908604343e-01 -3.071530128275865718e-02 2.432178998638903078e-01
1.068056844994268451e-01 -7.763051493599770758e-02 2.694122161023824180e-01
-3.584759806072129740e-02 3.722148085501462977e-02 3.346834189006798188e-01
-3.401644870126084574e-02 2.373861160635464679e-02 1.080710470767290432e-01
4.596276174112140511e-01 1.033096693582558241e-02 5.513291549499092781e-02
3.951614600399396271e-01 7.484452350818893152e-02 -1.320689674517084300e-01
4.727080158332614968e-01 4.781475156770403911e-02 -3.066863323131873154e-01
3.622309041682731379e-01 -3.479606012878199706e-01 -1.197576189173422401e-01
4.006075831603045367e-01 -3.474985285925454859e-01 -3.415513055296791056e-01
3.338577285086857249e-01 -9.746215484821194042e-02 -1.682219578111402714e-01
4.476029325810592097e-01 -4.313396978904233126e-01 4.513492476326969594e-01
-3.476404408970151239e-01 2.237425653931319480e-01 1.780690892931635627e-01
-4.284244572722670230e-01 1.309072850756533013e-01 3.222134177714901515e-01
-1.582398485164045465e-01 3.116824840790366480e-01 2.314132342746550719e-01
-1.376178669460821347e-01 3.770876049167606880e-01 3.412498463916345259e-01
-4.903222699213752311e-01 -4.252067997037863867e-01 2.860408886616633284e-01
-1.895544693944543613e-01 3.707832702834178845e-02 4.490793820787268298e-01
-1.710839495052037529e-01 1.311873553269140846e-01 3.988657897582964518e-01
-1.952815854783075122e-01 -2.848754504649567698e-01 4.400793311757105197e-01
2.084816263628320454e-01 -1.009711722808965123e-01 3.843847006705960467e-01
-1.361086345819810528e-01 -6.444051396710079316e-02 -6.463442882129849520e-02
-1.264386502446712413e-01 -9.379013489098312478e-04 -9.014742636148348476e-02
-8.535977520978418887e-02 -6.728371556869654213e-02 -9.661328470220725828e-02
-1.229359241582509560e-01 -9.287488274425649559e-02 -8.792349688902885430e-02
-1.505456908548338246e-01 -8.971215449859411273e-02 -5.799502005636569119e-02
-8.071004978405613151e-02 -1.055777168298179247e-01 -1.386982945072413875e-02
-6.062652633871706831e-02 -9.623719771152748625e-02 -6.642673534717390138e-02
-1.308448581075862260e-01 -8.699253940446759203e-02 -5.646008462593667121e-02
-9.299757306453232397e-02 -9.680637993704764577e-02 -4.950443166642092691e-02
-1.183263931477348402e-01 4.236692722419546087e-01 -1.903979824086533545e-01
-5.053863025974936196e-02 4.580673627407488291e-01 -1.676147627851110045e-01
-3.524566167165483765e-01 4.366819354778441187e-01 -3.743444463283633339e-01
-4.524884452348211239e-01 2.756070178149630512e-01 -4.201175946403543637e-01
4.581384044983353721e-01 -1.274198558751497290e-01 1.390248927021850434e-01
3.377652697866297404e-01 -2.549618584408976374e-01 4.661470331066818740e-01
4.836546283341415786e-01 -1.851913381201819586e-02 4.143073917082536473e-01
4.309941067772161127e-01 -4.091346400641217018e-01 9.295692782169327761e-02
-2.125076536049967657e-01 -4.509870678957758061e-01 4.554505672602418009e-01
-9.973956226777849765e-02 -4.197061131543305401e-01 3.495588907739881623e-01
-4.912627598585349309e-02 -1.410006740852289275e-01 4.660758941630838148e-01
-2.043336108209002633e-02 -1.527402664933755760e-01 3.208322452790322021e-01
7.207202296116600737e-02 -9.575157332649274211e-02 3.252516779235853361e-01
7.944247667650666811e-02 8.258083045578742953e-02 -4.189118091138363531e-01
-3.770250545504386652e-01 -4.737145183889713840e-01 -7.709664878658931131e-02
3.752949271665580455e-01 4.712389403192268622e-02 -4.471041769299777258e-01
-4.706887158085498180e-01 3.705294039794154726e-01 -2.560727113711532832e-01
-2.642428535977787152e-01 -1.715725993709714403e-01 6.274042427748137418e-02
-1.885438511077091595e-01 -1.683023968181833196e-01 -1.673134973198866365e-02
-1.833971276791434568e-01 -1.948978065414909699e-01 -1.670509848619349674e-02
-1.908507136410208804e-01 -2.233417419768383427e-01 -3.691271760374306016e-02
-1.915626647902753665e-01 -1.583254077494732071e-01 -6.126533128816625401e-02
-1.973398914144645910e-01 -1.722760089412244677e-01 -9.673044051736590099e-02
-1.922211792834322419e-01 -1.431624150359308012e-01 -8.607136691339048462e-02
1.635792714731167108e-03 -1.406393244597239911e-01 2.827866828075222827e-01
-9.456835354984291508e-02 -2.395598340842220730e-01 5.460120319221468954e-02
-1.289894397892971112e-01 -1.258204361780672909e-01 3.558670728519903181e-01
-1.325763741882148850e-01 -1.856600958979360561e-01 3.227001541404346252e-01
-4.434085377644146897e-01 -2.708715351860038409e-02 5.790274339037757012e-02
-3.623828636463258812e-01 -7.007372948536544355e-02 -1.062424711553853762e-01
-2.737962014437104741e-01 7.031685801096002227e-03 -1.609374492081886432e-01
-2.287851045324383603e-01 4.319091976628729873e-02 -1.871210691849924945e-01
-2.735158027981161588e-01 3.964567151112227683e-02 -1.863521995007777210e-01
-2.914079895944385878e-01 1.376013607338460142e-02 -1.949057655942277034e-01
-3.192567191189853992e-01 5.536661329866902903e-03 -1.979764117086096065e-01
-4.120108625715688255e-01 1.588785844429384253e-01 -1.098722395935771562e-01
-3.635002556649283845e-01 2.401901731865067058e-01 -3.921593635662683902e-02
-3.947037296688578056e-01 2.183464123197368933e-01 -2.466437925216255767e-01
-2.063770371918872137e-01 3.138173097468204831e-01 -1.545301822899884381e-01
-4.177534684756106786e-01 3.063086535264406551e-01 1.357961927080279241e-01
-2.173097430096472271e-01 4.502568448654174493e-01 4.641094830259432924e-01
-2.145437957470686940e-01 4.056019827275224587e-01 4.109460820097014522e-01
-3.554582092416099792e-01 4.730473939681079099e-01 4.646118726088164785e-01
-2.534936247541695331e-01 2.400846970305192951e-01 4.526661654270037194e-01
-3.377966544932383686e-01 4.390716357610064402e-01 4.201404520563385425e-01
-4.487899517674693861e-01 -2.569159460874007594e-01 4.490354927028149534e-01
-3.257228670354703759e-01 -4.155644395081644626e-01 4.506057019574303824e-01
-4.093080733841092389e-01 8.967142177228051847e-02 3.502858589817637869e-01
2.351674685871572579e-01 -9.855196731007501154e-02 4.591354440430439054e-01
1.800973860347475364e-01 3.282187102634528397e-01 1.605680803704049309e-01
1.831889218812616793e-01 3.055870299664432688e-01 1.909194938503072925e-01
-2.182664543193209850e-01 -4.451797216108022703e-01 2.796309726629357395e-01
-3.302376082405078517e-01 -4.009063330300280947e-01 3.839350250344553128e-01
-3.893479906374745503e-01 4.756752946395721993e-01 -1.356342630868516419e-01
-2.341896832111016458e-01 3.691117405048934264e-01 -1.837576564183116545e-01
3.821427830309408469e-01 -4.990107029016283002e-02 -1.275672936700495697e-01
4.275867869976487379e-01 -1.906154664587617897e-01 7.318592903937261307e-02
4.389228249878284194e-01 -1.211387377435399759e-01 -1.536127317791127211e-01
3.664001686978647920e-01 -4.584600917343229498e-01 4.582558232216343286e-01
-3.982426860512426892e-01 2.708378480536978161e-01 1.244474587442006945e-02
-4.320509654324929949e-01 3.375276181668385167e-01 -1.188609572642596451e-01
-4.542743652433526291e-01 7.358651126025975153e-02 3.528084530945281849e-01
-4.673445032120134845e-01 -4.534731938647744154e-01 2.993775033035175337e-01
-2.120413426782740904e-03 -6.514028677427924352e-02 4.051443839048364248e-01
4.677466326690379872e-01 4.457086855233108880e-01 2.536683951662732084e-01
4.204308111956136518e-01 3.911890155260632218e-01 2.839030665442290879e-01
4.554534891144740305e-01 2.473729924705977135e-01 2.324518977763240513e-01
4.325268360765330278e-01 3.746173925925740944e-01 4.315211618682028849e-01
4.872485145681298424e-01 4.152016713602172393e-01 -1.796708985544312812e-02
3.663127801743319423e-01 -2.137856238742116832e-01 6.902773953457505551e-02
4.312858035065275653e-01 -2.065212856154896304e-01 -5.573909412629625415e-02
-3.558069091182086141e-01 3.392763428842515694e-01 -4.472269341816295651e-02
-3.956604084647810660e-01 3.780743119258111462e-01 -1.379235137693033131e-01
-4.813777402070662514e-01 4.776342360951771893e-01 7.549234616382100027e-02
2.154982982603787997e-03 -5.000000000000000000e-01 -4.191594192427220422e-01
4.737243207598690331e-03 -5.000000000000000000e-01 -2.125032989864701072e-01
1.434290037177345656e-01 -5.000000000000000000e-01 -3.751807470042287096e-01
8.537741614965828341e-02 -5.000000000000000000e-01 -1.924968692561367933e-01
8.834263463317984511e-02 -5.000000000000000000e-01 -1.875825683732427196e-01
-1.220269053921219787e-02 -5.000000000000000000e-01 -6.195121505254472943e-02
-7.113878652555696847e-02 -5.000000000000000000e-01 -1.486817672767765941e-01
-2.109160927628024318e-01 -4.123845046327793140e-01 -5.000000000000000000e-01
-2.608920500043876989e-01 -3.454629743891497462e-01 -5.000000000000000000e-01
-1.995023850643343200e-01 -3.738357687041229394e-01 -5.000000000000000000e-01
-2.305953621444967183e-01 -2.163022359265397432e-01 -5.000000000000000000e-01
-1.726089608160399358e-01 -2.179860703302262948e-01 -5.000000000000000000e-01
-1.418120391763956212e-01 -2.404230044744791184e-01 -5.000000000000000000e-01
-1.373026551969877829e-01 -2.958471228242389728e-01 -5.000000000000000000e-01
-2.053474877881601018e-02 -4.718083763724412183e-01 -5.000000000000000000e-01
-9.038214322941126588e-02 -5.000000000000000000e-01 -3.295500128536398288e-01
-2.047627988929023590e-01 -5.000000000000000000e-01 -2.082188840940210894e-01
-2.333851166244133579e-01 -5.000000000000000000e-01 -2.253530880151223825e-01
-1.931260209811058726e-01 -5.000000000000000000e-01 -2.102829982801131814e-01
-2.594453080414134138e-01 -5.000000000000000000e-01 -3.157420494377222164e-01
-5.941938585312824678e-02 -5.000000000000000000e-01 9.155521315506086333e-03
-1.538926621818367257e-01 -5.000000000000000000e-01 -7.203276853774391586e-02
-1.303959296978534077e-01 -4.476694835826269814e-02 -5.000000000000000000e-01
-1.008129677090838366e-01 7.308196418700467489e-02 -5.000000000000000000e-01
-2.410314740176920378e-01 4.785507183797846342e-03 -5.000000000000000000e-01
-2.005030276459145167e-01 6.398925925594872721e-02 -5.000000000000000000e-01
-2.534367557458367393e-01 2.388864575360360731e-01 -5.000000000000000000e-01
-3.039106615146351387e-01 2.462187174447891813e-01 -5.000000000000000000e-01
-2.872806638318370909e-01 -1.689879881540164164e-02 -5.000000000000000000e-01
-3.393630758044700602e-01 2.520517217701599699e-03 -5.000000000000000000e-01
-4.123615318325558055e-01 8.923533166855115994e-02 -5.000000000000000000e-01
-4.257305084448881338e-01 -5.000000000000000000e-01 -4.107735887413401787e-01
-3.951530512605193612e-01 -5.000000000000000000e-01 -4.990468064120916480e-01
-5.000000000000000000e-01 -4.679131871743694160e-01 -4.375697140165900056e-01
-3.779405062439546992e-01 -5.000000000000000000e-01 -3.336823671794940660e-01
-3.378893295782062767e-01 -3.676292778308464793e-01 -5.000000000000000000e-01
-5.000000000000000000e-01 -3.045611375433489032e-01 -2.565046064001897386e-01
-5.000000000000000000e-01 -3.789379629443765385e-01 -2.813633820258474860e-01
-5.000000000000000000e-01 -2.732365717772308744e-01 -2.783833875833329197e-01
-5.000000000000000000e-01 -2.911154501953386875e-01 -3.639474298462087587e-01
-5.000000000000000000e-01 -3.847170036979720709e-01 -3.585354868014865581e-01
2.331865921511365458e-02 -3.438706644699359716e-01 -5.000000000000000000e-01
1.217053394926477516e-02 -3.371833070981642977e-01 -5.000000000000000000e-01
1.781186772632138982e-01 -4.584860257660647864e-01 -5.000000000000000000e-01
1.478517135298751950e-01 -5.000000000000000000e-01 -3.772510061387140401e-01
1.206799857286134231e-01 -2.814935847655882228e-01 -5.000000000000000000e-01
-4.127770113721343503e-02 -1.705601659575682327e-01 -5.000000000000000000e-01
9.275468408442555379e-02 -1.645264297588447666e-01 -5.000000000000000000e-01
-1.158990050479600520e-01 -1.907423590132822921e-01 -5.000000000000000000e-01
-3.125900379198567336e-01 -1.200293715941270073e-01 -5.000000000000000000e-01
-8.563509389266318883e-02 -1.468259717358719185e-01 -5.000000000000000000e-01
3.097410664256574631e-01 -4.062359550193767044e-01 -5.000000000000000000e-01
3.018463303808452403e-01 -2.981030756022176598e-01 -5.000000000000000000e-01
2.762203397153073503e-01 -2.775694515253570027e-01 -5.000000000000000000e-01
3.616125317663389516e-01 -4.369028742294858714e-01 -5.000000000000000000e-01
2.990277855720266942e-01 -5.000000000000000000e-01 -3.198650486478377686e-01
3.607715951073802718e-01 -4.358561373335900213e-01 -5.000000000000000000e-01
5.000000000000000000e-01 3.462716038842473254e-01 -2.289424781899511707e-01
5.000000000000000000e-01 4.070450515904865951e-01 -2.562720410985524500e-01
5.000000000000000000e-01 3.301780470930775757e-01 -2.615383387567647433e-01
5.000000000000000000e-01 4.029507979407958573e-01 -3.623646559606613082e-01
5.000000000000000000e-01 2.484302915576926951e-01 -3.436879683536465113e-01
5.000000000000000000e-01 3.091364383399570759e-01 -4.255179108354026907e-01
8.834263463317987286e-02 5.000000000000000000e-01 -1.875825683732426918e-01
1.312056331957628941e-01 5.000000000000000000e-01 -1.593170482496578111e-01
9.298018465103805030e-02 5.000000000000000000e-01 -1.131034072418685144e-01
-5.000000000000000000e-01 2.961919134101580545e-02 -3.229486765134650383e-01
-5.000000000000000000e-01 2.113456372795691207e-02 -2.877220453730517935e-01
-5.000000000000000000e-01 -8.206422932530088588e-02 -3.614816631328444663e-01
-5.000000000000000000e-01 -1.425582788512470556e-01 -2.420622974577046616e-01
-5.000000000000000000e-01 -8.525154353450077604e-02 -3.983629806916511029e-01
-5.000000000000000000e-01 -1.253465155812009679e-01 -4.625645069000291487e-01
-5.000000000000000000e-01 -2.361500875567118518e-01 -4.673374776620217719e-01
5.000000000000000000e-01 -3.847170036979720709e-01 -3.585354868014865581e-01
5.000000000000000000e-01 -4.551002870271002587e-01 -4.327917709607000396e-01
5.000000000000000000e-01 -4.679131871743693605e-01 -4.375697140165900612e-01
3.755403205339625794e-01 -5.000000000000000000e-01 -3.029190801702642544e-01
5.000000000000000000e-01 -3.789379629443765940e-01 -2.813633820258474860e-01
5.000000000000000000e-01 -4.323245770359840923e-01 -1.891493196627668516e-01
4.463233474011577551e-01 -5.000000000000000000e-01 -2.134301127575076173e-01
-7.074427959745241065e-03 4.714249267494836082e-01 5.000000000000000000e-01
5.427088249719960733e-02 4.363537873234063502e-01 5.000000000000000000e-01
-1.898141203494596932e-02 5.000000000000000000e-01 4.740817565179293869e-01
-1.422775609590435503e-02 5.000000000000000000e-01 4.630974871318666031e-01
8.355060106706527212e-02 5.000000000000000000e-01 4.275142536941756166e-01
6.574262005671833997e-02 4.313133125914924149e-01 5.000000000000000000e-01
-6.953373146818753181e-02 2.762362513038425504e-01 -5.000000000000000000e-01
1.831670049077817608e-01 -5.000000000000000000e-01 2.864290933399710887e-02
9.298018465103827235e-02 -5.000000000000000000e-01 -1.131034072418683062e-01
-1.019340799387676716e-02 -5.000000000000000000e-01 1.318045324174136890e-01
6.194979362625338548e-02 -5.000000000000000000e-01 1.477432229896768479e-01
2.881811653269918949e-01 4.065767153916851062e-01 -5.000000000000000000e-01
1.640067927348649313e-01 5.000000000000000000e-01 -4.960987083055302671e-01
2.990277855720266942e-01 5.000000000000000000e-01 -3.198650486478377686e-01
1.478517135298751672e-01 5.000000000000000000e-01 -3.772510061387140401e-01
4.006680904292131973e-01 3.529528092088451419e-01 -5.000000000000000000e-01
3.069215347620036782e-01 3.531175532868614519e-01 -5.000000000000000000e-01
3.755403205339625794e-01 5.000000000000000000e-01 -3.029190801702641989e-01
2.966709073946786068e-01 3.642894499292500532e-01 -5.000000000000000000e-01
2.497888092241445646e-01 2.004828709882165716e-01 -5.000000000000000000e-01
1.635416411663238034e-01 2.210138978912081775e-01 -5.000000000000000000e-01
1.059194248720110448e-01 3.058371482230352045e-01 -5.000000000000000000e-01
1.434290037177345101e-01 5.000000000000000000e-01 -3.751807470042287096e-01
8.537741614965832504e-02 5.000000000000000000e-01 -1.924968692561367933e-01
2.328033075394467522e-01 5.000000000000000000e-01 -1.477153407630542592e-01
-5.000000000000000000e-01 -4.323245770359840923e-01 -1.891493196627668516e-01
-5.000000000000000000e-01 -4.551002870271002032e-01 -4.327917709606999841e-01
4.429567315293893026e-01 -4.618486400301520245e-01 -5.000000000000000000e-01
-5.873385374934284031e-02 9.747546764492673321e-02 -5.000000000000000000e-01
3.452087274373003556e-01 -2.875147724247527070e-01 -5.000000000000000000e-01
3.739456230224196820e-01 -2.514503495536171140e-01 -5.000000000000000000e-01
5.000000000000000000e-01 -2.911154501953386875e-01 -3.639474298462087587e-01
5.000000000000000000e-01 -2.361500875567118518e-01 -4.673374776620217719e-01
4.463233474011577551e-01 5.000000000000000000e-01 -2.134301127575076173e-01
4.241020487185991894e-01 5.000000000000000000e-01 -9.166791806778601392e-02
3.999717903392492890e-01 5.000000000000000000e-01 -6.842915055589872397e-02
2.625883571690648122e-01 5.000000000000000000e-01 -9.040425754492448229e-02
-5.000000000000000000e-01 1.134462745624289226e-01 -4.394679388451464552e-01
-5.000000000000000000e-01 4.876241137242493667e-02 -3.474205340549684773e-01
-4.445027998539444192e-01 -1.393535606638727498e-01 -5.000000000000000000e-01
2.625883571690647567e-01 -5.000000000000000000e-01 -9.040425754492448229e-02
1.312056331957630328e-01 -5.000000000000000000e-01 -1.593170482496578111e-01
2.328033075394467522e-01 -5.000000000000000000e-01 -1.477153407630542314e-01
-5.000000000000000000e-01 -3.341249882259165194e-01 -9.939006690491641871e-02
-5.000000000000000000e-01 -3.485423855769384516e-01 -1.204287793342605772e-01
-5.000000000000000000e-01 -2.327997113482811464e-01 1.206535375099939689e-01
-5.000000000000000000e-01 -1.967693243415641891e-01 9.541299415049961374e-02
-5.000000000000000000e-01 -3.538551741355361879e-01 6.586947475391177753e-02
-1.797017371283924081e-01 -5.000000000000000000e-01 -7.684741723330261454e-02
-8.918376497057051155e-02 -5.000000000000000000e-01 1.183978281450256270e-01
-2.735550022037737117e-01 -5.000000000000000000e-01 3.229115731636460207e-02
-2.774815136924375092e-01 -5.000000000000000000e-01 9.105998700327813666e-03
-7.254411245500859418e-02 -5.000000000000000000e-01 1.397527002079513581e-01
5.000000000000000000e-01 1.599322191378214630e-01 -1.074153607504173824e-01
5.000000000000000000e-01 3.125777799618347230e-01 -1.407709842804541478e-01
5.000000000000000000e-01 1.434376997858913816e-01 -3.384666609537991255e-01
5.000000000000000000e-01 1.048130814406281891e-01 -1.741210610639259415e-01
3.293058085946696800e-01 -1.867447629939292808e-01 -5.000000000000000000e-01
5.000000000000000000e-01 -4.312113508695284980e-01 -1.497704389391494861e-01
4.241020487185992449e-01 -5.000000000000000000e-01 -9.166791806778605556e-02
3.999717903392492890e-01 -5.000000000000000000e-01 -6.842915055589872397e-02
-3.945644734582899882e-01 4.996267237911328762e-01 5.000000000000000000e-01
-3.709312869772574683e-01 5.000000000000000000e-01 4.700847110120164318e-01
-4.517700355864760486e-01 5.000000000000000000e-01 3.731340276923089672e-01
-5.000000000000000000e-01 4.948391819995764385e-01 4.451667621831676414e-01
3.048381366416221816e-01 5.000000000000000000e-01 4.309834194311881195e-01
2.881811653269918949e-01 4.065767153916851062e-01 5.000000000000000000e-01
3.391867070446236143e-01 5.000000000000000000e-01 4.608077710828499818e-01
4.006680904292131418e-01 3.529528092088450864e-01 5.000000000000000000e-01
4.467621450547999973e-01 5.000000000000000000e-01 4.875467663400439577e-01
3.069215347620036782e-01 3.531175532868615075e-01 5.000000000000000000e-01
2.966709073946785513e-01 3.642894499292501087e-01 5.000000000000000000e-01
4.737243207598678188e-03 5.000000000000000000e-01 -2.125032989864701072e-01
2.154982982603796671e-03 5.000000000000000000e-01 -4.191594192427220977e-01
6.574262005671835385e-02 4.313133125914924149e-01 -5.000000000000000000e-01
7.077650631597222353e-02 3.045050412430517217e-01 -5.000000000000000000e-01
5.427088249719967672e-02 4.363537873234062947e-01 -5.000000000000000000e-01
-1.220269053921220655e-02 5.000000000000000000e-01 -6.195121505254472249e-02
-7.113878652555695459e-02 5.000000000000000000e-01 -1.486817672767765941e-01
-5.000000000000000000e-01 2.950007026981725233e-01 -4.659165454518598981e-01
-7.074427959745244535e-03 4.714249267494836082e-01 -5.000000000000000000e-01
-1.356804951802507986e-01 4.066594680086705327e-01 -5.000000000000000000e-01
-2.123162880121595153e-01 4.750051872927015251e-01 -5.000000000000000000e-01
-9.038214322941123813e-02 5.000000000000000000e-01 -3.295500128536398843e-01
5.000000000000000000e-01 1.337171942412465342e-01 3.442409163955161278e-01
5.000000000000000000e-01 1.073373947051785432e-01 3.667835304007365793e-01
5.000000000000000000e-01 -2.770071926740827473e-02 9.789227347078641173e-02
5.000000000000000000e-01 -6.882756303925875729e-02 1.106862283573114281e-01
5.000000000000000000e-01 -8.291285316823564233e-02 1.840893066871816530e-01
5.000000000000000000e-01 -3.922722550306508849e-01 3.397349956570100971e-01
5.000000000000000000e-01 -2.815014252513552973e-01 4.545802804787105189e-01
5.000000000000000000e-01 -1.494529305702043120e-01 3.143845578985253741e-01
5.000000000000000000e-01 -2.545495288156472413e-01 1.801101111778725672e-01
5.000000000000000000e-01 -3.969032880570637634e-01 2.487720144628063901e-01
5.000000000000000000e-01 -4.077487248102005246e-01 2.598922443290020423e-01
5.000000000000000000e-01 -4.096992683666812463e-01 2.627062050852583819e-01
5.000000000000000000e-01 -5.271038682107118123e-02 4.270100067927363185e-01
4.228791174132136010e-01 -4.703831382794974869e-02 5.000000000000000000e-01
5.000000000000000000e-01 9.861172975081329561e-03 3.987360724195189721e-01
3.927294481527617842e-01 6.547826340977137838e-02 5.000000000000000000e-01
5.000000000000000000e-01 8.682558797521088001e-02 3.879263457345594746e-01
4.717806652946369694e-01 1.089002845440584510e-01 5.000000000000000000e-01
5.000000000000000000e-01 -6.809249324133509473e-02 3.860119965592404001e-01
3.500979012483533825e-01 -5.000000000000000000e-01 2.414374828694147157e-01
4.627823247233002202e-01 -5.000000000000000000e-01 2.282053199936108501e-01
6.363314894762792107e-02 -5.000000000000000000e-01 1.800110225553316345e-01
-1.422775609590433421e-02 -5.000000000000000000e-01 4.630974871318666031e-01
-1.826458694852980957e-02 -5.000000000000000000e-01 4.605641950372872939e-01
8.355060106706528600e-02 -5.000000000000000000e-01 4.275142536941756166e-01
-4.990094216160303325e-02 -5.000000000000000000e-01 1.915154140932885662e-01
-9.050673816888352152e-02 -5.000000000000000000e-01 2.578006225077595914e-01
3.097410664256574631e-01 -4.062359550193767044e-01 5.000000000000000000e-01
3.018463303808452403e-01 -2.981030756022176598e-01 5.000000000000000000e-01
1.206799857286134092e-01 -2.814935847655882784e-01 5.000000000000000000e-01
1.781186772632138704e-01 -4.584860257660648419e-01 5.000000000000000000e-01
2.762203397153073503e-01 -2.775694515253570027e-01 5.000000000000000000e-01
4.634256040820980416e-02 -3.678227783468401846e-02 -5.000000000000000000e-01
-4.114014751719435870e-03 -1.328816249391836235e-01 -5.000000000000000000e-01
5.700774642559515437e-02 -1.005599688669563119e-01 -5.000000000000000000e-01
-3.416501255310517848e-01 -5.000000000000000000e-01 -3.524470613094266014e-02
-3.682997542282893111e-01 -5.000000000000000000e-01 -1.498284183077968623e-01
-3.765895970514425706e-01 -5.000000000000000000e-01 -1.229471138307561273e-01
-3.924035215808236998e-01 -5.000000000000000000e-01 -1.280201452751001390e-01
-5.000000000000000000e-01 -4.312113508695284980e-01 -1.497704389391494861e-01
-4.528045408531999882e-01 -5.000000000000000000e-01 -7.685617683451712034e-02
4.292938281532024947e-01 3.209803916389522005e-01 -5.000000000000000000e-01
3.233170224415308769e-01 -1.444718794558957631e-01 -5.000000000000000000e-01
4.228791174132135455e-01 -4.703831382794972787e-02 -5.000000000000000000e-01
3.874500239631110676e-01 6.587917730462741761e-02 -5.000000000000000000e-01
3.054824017358678812e-01 -1.269829910347276547e-01 -5.000000000000000000e-01
5.000000000000000000e-01 -1.253465155812009402e-01 -4.625645069000291487e-01
5.000000000000000000e-01 4.876241137242490892e-02 -3.474205340549684773e-01
5.000000000000000000e-01 2.961919134101578463e-02 -3.229486765134650383e-01
5.000000000000000000e-01 -8.525154353450076217e-02 -3.983629806916510474e-01
5.000000000000000000e-01 -8.206422932530088588e-02 -3.614816631328445773e-01
3.927294481527618397e-01 6.547826340977136450e-02 -5.000000000000000000e-01
1.965712217107788151e-01 -9.522707531341370601e-02 -5.000000000000000000e-01
3.047319264928157190e-01 1.193258370245166983e-01 -5.000000000000000000e-01
2.646562738900636869e-01 1.858692266549126226e-01 -5.000000000000000000e-01
9.778857643476471240e-02 -1.479898871422279383e-01 -5.000000000000000000e-01
-1.538926621818366425e-01 5.000000000000000000e-01 -7.203276853774392974e-02
-5.941938585312828147e-02 5.000000000000000000e-01 9.155521315505940616e-03
-1.931260209811058726e-01 5.000000000000000000e-01 -2.102829982801131814e-01
-1.797017371283924358e-01 5.000000000000000000e-01 -7.684741723330265617e-02
-2.047627988929023590e-01 5.000000000000000000e-01 -2.082188840940210617e-01
-3.120027999067574997e-01 5.000000000000000000e-01 1.068976090048785049e-01
-2.735550022037736562e-01 5.000000000000000000e-01 3.229115731636468534e-02
-8.918376497057062258e-02 5.000000000000000000e-01 1.183978281450255854e-01
-7.254411245500864969e-02 5.000000000000000000e-01 1.397527002079513303e-01
-4.397888750861253526e-01 -1.490391178556074170e-01 -5.000000000000000000e-01
-4.655282551311446526e-01 -2.779955704436554154e-01 -5.000000000000000000e-01
-5.000000000000000000e-01 1.048130814406281891e-01 -1.741210610639259970e-01
-1.995023850643343200e-01 -3.738357687041228838e-01 5.000000000000000000e-01
-1.373026551969878106e-01 -2.958471228242389728e-01 5.000000000000000000e-01
1.217053394926484455e-02 -3.371833070981642977e-01 5.000000000000000000e-01
2.331865921511366846e-02 -3.438706644699359716e-01 5.000000000000000000e-01
-1.418120391763956212e-01 -2.404230044744790629e-01 5.000000000000000000e-01
-1.726089608160397415e-01 -2.179860703302262392e-01 5.000000000000000000e-01
-1.158990050479601075e-01 -1.907423590132823199e-01 5.000000000000000000e-01
-5.000000000000000000e-01 1.434376997858914371e-01 -3.384666609537991255e-01
5.000000000000000000e-01 2.113456372795689125e-02 -2.877220453730517935e-01
5.000000000000000000e-01 1.809870422804447931e-01 4.532443469273763487e-02
5.000000000000000000e-01 -1.859627245798754422e-02 2.810653072189517321e-02
-2.860956843679646755e-01 5.000000000000000000e-01 2.331915249744473950e-01
-4.990094216160298468e-02 5.000000000000000000e-01 1.915154140932885662e-01
-9.050673816888350764e-02 5.000000000000000000e-01 2.578006225077596469e-01
-2.774815136924375647e-01 5.000000000000000000e-01 9.105998700327817136e-03
-1.019340799387675675e-02 5.000000000000000000e-01 1.318045324174136890e-01
-2.123162880121594875e-01 4.750051872927015806e-01 5.000000000000000000e-01
-3.546803064940340366e-01 4.420103999163890185e-01 5.000000000000000000e-01
-1.356804951802507431e-01 4.066594680086704772e-01 5.000000000000000000e-01
-2.534367557458367393e-01 2.388864575360360731e-01 5.000000000000000000e-01
-3.039106615146350832e-01 2.462187174447891813e-01 5.000000000000000000e-01
-2.447361990749059857e-01 5.000000000000000000e-01 4.551263546994078202e-01
-2.119630278325941863e-01 5.000000000000000000e-01 4.843637443128399056e-01
-1.826458694852980263e-02 5.000000000000000000e-01 4.605641950372873494e-01
-6.953373146818753181e-02 2.762362513038424949e-01 5.000000000000000000e-01
7.077650631597212638e-02 3.045050412430517217e-01 5.000000000000000000e-01
-4.491806737223281720e-01 5.000000000000000000e-01 2.951624797811963075e-01
-5.000000000000000000e-01 4.451968722641094778e-01 4.105834508793056448e-01
-5.000000000000000000e-01 1.337171942412465619e-01 3.442409163955160167e-01
-5.000000000000000000e-01 1.073373947051785016e-01 3.667835304007365238e-01
-5.000000000000000000e-01 -8.291285316823572560e-02 1.840893066871816530e-01
-5.000000000000000000e-01 -2.770071926740834065e-02 9.789227347078637009e-02
-5.000000000000000000e-01 -6.882756303925868790e-02 1.106862283573113864e-01
-5.000000000000000000e-01 -1.859627245798752687e-02 2.810653072189515586e-02
-5.000000000000000000e-01 -3.969032880570638189e-01 2.487720144628065011e-01
-5.000000000000000000e-01 -2.545495288156472413e-01 1.801101111778725672e-01
-5.000000000000000000e-01 -4.371760161981793624e-01 1.071212686384356433e-01
-4.645959012343295891e-01 -5.000000000000000000e-01 7.141054322416537370e-02
-4.266068680942192715e-01 -5.000000000000000000e-01 -6.472529471712173965e-03
-5.000000000000000000e-01 -1.494529305702043398e-01 3.143845578985253186e-01
-5.000000000000000000e-01 -2.815014252513552417e-01 4.545802804787104634e-01
-5.000000000000000000e-01 -4.096992683666813018e-01 2.627062050852583819e-01
-5.000000000000000000e-01 -3.922722550306508293e-01 3.397349956570101526e-01
-5.000000000000000000e-01 -4.077487248102006356e-01 2.598922443290022644e-01
3.047319264928157190e-01 1.193258370245167677e-01 5.000000000000000000e-01
3.874500239631110676e-01 6.587917730462741761e-02 5.000000000000000000e-01
1.965712217107788429e-01 -9.522707531341367826e-02 5.000000000000000000e-01
3.054824017358678812e-01 -1.269829910347276269e-01 5.000000000000000000e-01
2.646562738900636869e-01 1.858692266549126226e-01 5.000000000000000000e-01
4.292938281532025502e-01 3.209803916389520895e-01 5.000000000000000000e-01
4.840557044377910567e-01 2.916224531522629837e-01 5.000000000000000000e-01
3.233170224415308769e-01 -1.444718794558957631e-01 5.000000000000000000e-01
2.497888092241445923e-01 2.004828709882165438e-01 5.000000000000000000e-01
1.059194248720110726e-01 3.058371482230352045e-01 5.000000000000000000e-01
1.635416411663238034e-01 2.210138978912082053e-01 5.000000000000000000e-01
5.000000000000000000e-01 -2.812105045514908808e-01 4.588476000300544255e-01
3.739456230224196265e-01 -2.514503495536171140e-01 5.000000000000000000e-01
3.293058085946696245e-01 -1.867447629939292808e-01 5.000000000000000000e-01
6.363314894762789331e-02 5.000000000000000000e-01 1.800110225553316345e-01
6.194979362625337160e-02 5.000000000000000000e-01 1.477432229896768201e-01
3.500979012483534381e-01 5.000000000000000000e-01 2.414374828694147157e-01
1.831670049077817330e-01 5.000000000000000000e-01 2.864290933399694233e-02
-2.119630278325941863e-01 -5.000000000000000000e-01 4.843637443128398501e-01
-2.447361990749059579e-01 -5.000000000000000000e-01 4.551263546994078202e-01
-2.608920500043876989e-01 -3.454629743891497462e-01 5.000000000000000000e-01
-2.109160927628024318e-01 -4.123845046327792585e-01 5.000000000000000000e-01
-3.120027999067574997e-01 -5.000000000000000000e-01 1.068976090048785188e-01
-3.378893295782062767e-01 -3.676292778308464793e-01 5.000000000000000000e-01
-3.709312869772574683e-01 -5.000000000000000000e-01 4.700847110120164873e-01
4.693769685554177729e-02 7.380416752942962899e-02 -5.000000000000000000e-01
5.451494461583452494e-02 5.294528957112500794e-02 -5.000000000000000000e-01
-3.546803064940340922e-01 4.420103999163890185e-01 -5.000000000000000000e-01
-2.594453080414134138e-01 5.000000000000000000e-01 -3.157420494377222164e-01
-2.333851166244133579e-01 5.000000000000000000e-01 -2.253530880151223548e-01
5.000000000000000000e-01 -1.425582788512470556e-01 -2.420622974577046616e-01
5.000000000000000000e-01 -2.732365717772308744e-01 -2.783833875833329197e-01
5.000000000000000000e-01 -3.045611375433489032e-01 -2.565046064001896831e-01
3.048381366416221816e-01 -5.000000000000000000e-01 4.309834194311881750e-01
4.885566801758979283e-01 -5.000000000000000000e-01 4.570987069155313387e-01
3.391867070446236143e-01 -5.000000000000000000e-01 4.608077710828499818e-01
4.467621450547999973e-01 -5.000000000000000000e-01 4.875467663400439577e-01
1.659914577928126855e-01 -4.955545508955649381e-01 5.000000000000000000e-01
3.452087274373003001e-01 -2.875147724247527070e-01 5.000000000000000000e-01
3.607715951073802718e-01 -4.358561373335900768e-01 5.000000000000000000e-01
4.429567315293891916e-01 -4.618486400301520245e-01 5.000000000000000000e-01
-5.000000000000000000e-01 1.809870422804448209e-01 4.532443469273770426e-02
-5.000000000000000000e-01 1.599322191378214630e-01 -1.074153607504173824e-01
-5.000000000000000000e-01 2.484302915576926674e-01 -3.436879683536465668e-01
-5.000000000000000000e-01 3.125777799618347230e-01 -1.407709842804541200e-01
-5.000000000000000000e-01 3.462716038842473254e-01 -2.289424781899511430e-01
-5.000000000000000000e-01 3.301780470930775202e-01 -2.615383387567647988e-01
-4.123615318325558055e-01 8.923533166855118770e-02 5.000000000000000000e-01
-5.000000000000000000e-01 8.682558797521089389e-02 3.879263457345594746e-01
-5.000000000000000000e-01 9.861172975081336500e-03 3.987360724195189721e-01
-3.393630758044701157e-01 2.520517217701620516e-03 5.000000000000000000e-01
-5.000000000000000000e-01 2.905719347297450739e-01 4.353371213649097626e-01
-5.000000000000000000e-01 -6.809249324133509473e-02 3.860119965592404556e-01
-2.872806638318370354e-01 -1.689879881540164858e-02 5.000000000000000000e-01
-4.397888750861253526e-01 -1.490391178556074170e-01 5.000000000000000000e-01
-3.125900379198567336e-01 -1.200293715941270351e-01 5.000000000000000000e-01
-2.410314740176920656e-01 4.785507183797861955e-03 5.000000000000000000e-01
-2.005030276459145167e-01 6.398925925594872721e-02 5.000000000000000000e-01
-5.000000000000000000e-01 -2.812105045514907697e-01 4.588476000300544255e-01
-2.305953621444967183e-01 -2.163022359265396877e-01 5.000000000000000000e-01
-4.655282551311446526e-01 -2.779955704436553598e-01 5.000000000000000000e-01
-4.491806737223281165e-01 -5.000000000000000000e-01 2.951624797811963075e-01
-2.860956843679646755e-01 -5.000000000000000000e-01 2.331915249744474228e-01
-4.644465975164288052e-01 -5.000000000000000000e-01 2.923778170291904677e-01
-4.517700355864759376e-01 -5.000000000000000000e-01 3.731340276923090227e-01
4.634256040820977640e-02 -3.678227783468408091e-02 5.000000000000000000e-01
-1.008129677090839060e-01 7.308196418700460550e-02 5.000000000000000000e-01
-1.303959296978534355e-01 -4.476694835826264957e-02 5.000000000000000000e-01
-5.873385374934279868e-02 9.747546764492669158e-02 5.000000000000000000e-01
4.693769685554177729e-02 7.380416752942961511e-02 5.000000000000000000e-01
5.451494461583452494e-02 5.294528957112503570e-02 5.000000000000000000e-01
-4.257305084448880783e-01 5.000000000000000000e-01 -4.107735887413401787e-01
-5.000000000000000000e-01 4.029507979407958573e-01 -3.623646559606613082e-01
-5.000000000000000000e-01 4.070450515904865951e-01 -2.562720410985524500e-01
-3.779405062439546992e-01 5.000000000000000000e-01 -3.336823671794940660e-01
-5.000000000000000000e-01 3.091364383399570759e-01 -4.255179108354026907e-01
-8.563509389266320271e-02 -1.468259717358719185e-01 5.000000000000000000e-01
-4.114014751719449747e-03 -1.328816249391835957e-01 5.000000000000000000e-01
-4.127770113721339340e-02 -1.705601659575682327e-01 5.000000000000000000e-01
5.700774642559514743e-02 -1.005599688669562702e-01 5.000000000000000000e-01
9.275468408442560930e-02 -1.645264297588447111e-01 5.000000000000000000e-01
9.778857643476472628e-02 -1.479898871422279660e-01 5.000000000000000000e-01
5.000000000000000000e-01 4.664232106748533724e-01 2.604003941455639848e-01
5.000000000000000000e-01 4.285200345739138550e-01 2.316236083178611349e-01
5.000000000000000000e-01 4.451968722641094223e-01 4.105834508793056448e-01
5.000000000000000000e-01 2.905719347297450184e-01 4.353371213649098181e-01
5.000000000000000000e-01 2.303572235455488282e-01 2.629932636686972969e-01
5.000000000000000000e-01 2.818877480890372711e-01 1.336241171543322559e-01
5.000000000000000000e-01 3.608520524629201254e-01 -7.470201435120929490e-02
5.000000000000000000e-01 3.833519900970423500e-01 3.935750684287109280e-02
5.000000000000000000e-01 4.634523087382471651e-01 -4.681279963069275019e-02
5.000000000000000000e-01 4.459973048373947480e-01 2.809346105103242494e-02
5.000000000000000000e-01 3.788901133019672018e-01 4.945299584144132593e-02
5.000000000000000000e-01 4.661680317859731582e-01 7.138390401630195781e-02
4.627823247233002202e-01 5.000000000000000000e-01 2.282053199936108501e-01
5.000000000000000000e-01 -3.341249882259164639e-01 -9.939006690491644647e-02
5.000000000000000000e-01 -1.967693243415641613e-01 9.541299415049959987e-02
5.000000000000000000e-01 -3.538551741355361879e-01 6.586947475391177753e-02
5.000000000000000000e-01 -2.327997113482811187e-01 1.206535375099939550e-01
5.000000000000000000e-01 -3.485423855769383406e-01 -1.204287793342605772e-01
5.000000000000000000e-01 -4.371760161981793624e-01 1.071212686384356433e-01
3.616125317663389516e-01 -4.369028742294859269e-01 5.000000000000000000e-01
-3.924035215808236998e-01 5.000000000000000000e-01 -1.280201452751001390e-01
-5.000000000000000000e-01 3.608520524629200699e-01 -7.470201435120933653e-02
-3.682997542282893111e-01 5.000000000000000000e-01 -1.498284183077968068e-01
-3.416501255310517848e-01 5.000000000000000000e-01 -3.524470613094266014e-02
-3.765895970514425706e-01 5.000000000000000000e-01 -1.229471138307561412e-01
-5.000000000000000000e-01 4.789015114555873476e-01 8.464855634308091070e-02
-5.000000000000000000e-01 4.661680317859731026e-01 7.138390401630187454e-02
-5.000000000000000000e-01 3.788901133019670908e-01 4.945299584144145777e-02
-5.000000000000000000e-01 4.285200345739137995e-01 2.316236083178611072e-01
-5.000000000000000000e-01 2.818877480890372711e-01 1.336241171543322837e-01
-4.645959012343295336e-01 5.000000000000000000e-01 7.141054322416535982e-02
-5.000000000000000000e-01 3.833519900970422944e-01 3.935750684287099566e-02
-5.000000000000000000e-01 2.303572235455488282e-01 2.629932636686972969e-01
