97 984
810 777
792 463
601 603
868 867
899 705
11 14
299 301
777 865
83 268
598 597
569 570
901 900
360 167
628 1150
691 532
74 75
66 71
706 697
373 371
365 367
442 1261
509 268
113 39
126 121
760 753
729 1174
439 438
853 306
280 1204
431 433
34 654
671 680
23 904
443 444
454 453
561 399
505 504
524 517
476 477
159 770
333 657
867 856
115 434
253 813
852 1258
808 806
328 318
609 1271
762 281
542 543
270 84
432 1049
12 234
240 241
193 129
252 1118
251 1010
22 921
721 779
0 1019
886 846
365 357
434 1131
796 809
890 215
627 1153
69 71
416 1198
701 693
230 928
413 555
86 160
339 340
372 374
374 972
412 410
464 457
715 856
723 717
361 364
704 703
176 175
168 988
315 1007
438 440
168 170
109 386
770 769
593 90
279 568
285 611
213 214
305 1200
847 1254
88 448
643 441
14 907
164 586
328 200
866 858
331 205
848 1255
637 397
276 275
515 520
586 580
96 344
837 836
268 270
870 1278
652 647
563 569
256 152
418 1154
862 865
334 337
729 1275
453 28
556 566
316 733
523 388
421 606
806 862
474 123
486 326
630 636
876 777
0 60
692 696
423 422
175 177
463 464
725 729
551 549
212 1003
201 207
241 243
902 663
541 540
54 947
661 456
573 572
13 12
773 783
233 15
847 848
309 10
877 876
472 153
308 310
431 1018
651 649
50 51
112 111
83 84
662 663
504 751
53 61
321 141
615 847
876 888
142 255
718 716
78 764
400 635
448 446
728 729
73 11
707 706
200 201
211 210
73 276
142 1050
485 486
236 419
64 950
288 286
547 546
242 993
253 1231
65 48
264 257
423 1004
831 1244
871 1280
281 282
548 546
872 1281
20 18
12 14
812 821
271 274
591 593
21 99
646 645
344 343
876 878
875 882
679 678
400 131
710 702
377 376
42 917
588 187
576 707
333 571
64 37
432 433
447 449
735 736
746 745
673 495
336 581
465 466
229 226
747 746
378 1108
171 1044
749 755
801 802
290 506
183 380
284 283
882 1284
304 1164
686 851
565 561
217 229
317 316
163 29
55 50
422 109
59 960
158 1082
189 395
599 1233
616 648
243 1040
40 43
558 414
155 704
371 179
310 312
383 382
531 317
631 633
531 1220
41 44
249 976
621 439
598 1129
673 1159
147 146
87 1035
566 395
169 170
712 714
176 102
478 1041
869 783
300 217
476 479
735 559
132 934
172 970
549 548
198 470
173 971
870 1277
382 556
384 108
370 173
327 476
103 997
443 1182
875 839
59 927
272 1071
605 606
896 898
339 715
140 97
105 405
452 363
390 388
638 639
528 767
678 675
150 147
592 788
401 403
671 672
323 483
146 149
176 177
725 1173
343 25
86 1186
171 98
759 762
653 1269
822 818
213 445
221 220
719 576
792 795
803 804
782 781
202 206
795 800
383 1121
695 224
665 461
804 805
589 588
319 318
6 7
829 1243
454 1037
212 112
820 340
873 877
260 942
39 40
531 768
571 575
364 325
144 996
234 926
385 384
633 635
455 894
124 120
803 817
5 19
65 70
648 650
607 618
707 705
128 211
401 406
441 442
6 105
249 128
164 169
777 778
835 639
766 768
570 564
442 644
581 579
519 518
511 514
271 273
293 291
1 3
529 159
85 1165
832 834
376 591
865 868
844 845
847 850
574 575
359 358
46 47
610 614
836 840
58 924
319 321
559 568
444 730
265 1253
691 687
330 336
101 98
414 415
23 264
212 1103
423 1137
385 387
685 505
270 1080
848 648
739 741
92 930
477 475
484 142
521 518
153 122
89 595
780 778
171 176
116 240
237 1024
462 468
740 741
244 245
463 469
461 359
134 1
26 22
538 728
277 278
276 499
256 255
488 498
27 23
63 62
310 311
289 288
261 46
44 48
1 6
322 178
648 1245
665 660
45 49
56 58
416 1124
687 684
27 903
78 82
507 79
181 323
628 634
688 685
709 708
680 681
76 157
410 411
23 905
590 378
705 710
724 723
130 250
420 1135
852 500
2 967
694 700
215 702
757 756
736 553
716 724
708 720
207 209
353 263
9 81
240 242
883 873
295 294
853 1259
631 1152
210 1009
616 614
96 90
878 879
510 489
808 820
40 45
191 1117
110 109
702 695
600 418
755 1195
663 703
671 298
114 115
174 166
455 265
373 375
198 194
565 396
449 450
485 1047
520 510
27 906
199 195
450 451
709 711
114 236
182 1045
866 774
113 1031
472 475
632 427
494 493
742 744
181 182
381 1110
246 248
222 299
497 275
15 235
896 658
279 281
446 458
546 545
424 1193
840 879
408 202
852 853
417 107
525 723
252 1122
604 607
615 616
87 88
67 30
386 384
675 1161
117 116
244 974
668 664
47 51
379 381
398 394
139 808
722 720
21 938
700 701
233 1086
711 710
703 706
761 1205
442 293
733 734
182 482
756 754
725 1175
377 986
788 786
281 1098
769 1218
68 496
9 267
851 1256
85 1079
619 604
775 888
172 180
779 858
2 263
811 810
294 700
556 557
545 1185
113 216
13 49
436 640
17 19
95 347
36 32
589 590
179 197
319 320
350 164
689 533
352 353
393 391
611 613
652 651
551 1093
506 676
54 961
426 424
682 1167
757 1197
117 119
380 987
282 415
689 690
419 420
751 750
135 252
234 231
481 480
205 204
175 181
482 481
868 782
242 994
317 530
827 601
785 784
216 218
475 149
473 1042
170 187
850 849
82 74
249 251
902 896
692 677
843 846
441 686
854 855
314 316
239 1225
625 623
24 25
564 384
143 1028
376 184
407 400
38 948
266 955
536 550
143 884
331 526
699 693
571 773
265 846
693 506
152 151
72 945
51 922
467 837
662 667
119 10
185 184
459 460
133 933
750 752
189 190
722 690
448 450
513 516
20 912
329 206
163 668
24 918
296 294
632 1146
115 1036
367 354
558 559
59 58
241 623
507 742
410 135
580 583
19 21
699 683
322 324
445 1032
195 103
278 775
38 1059
373 374
344 347
676 677
861 722
458 454
43 1029
248 989
399 404
402 409
115 87
661 898
161 203
742 743
680 539
469 584
103 118
618 829
798 796
811 878
18 913
557 553
880 834
362 350
901 893
420 440
346 262
860 712
572 574
363 580
235 1068
874 875
125 150
651 1248
263 1023
429 152
886 885
99 97
347 348
421 642
2 1067
27 257
80 1166
21 937
260 50
802 1273
598 603
672 1163
413 414
527 399
547 1168
443 293
377 985
727 726
86 1187
457 456
789 786
719 721
750 1203
479 480
85 1078
822 1228
349 141
793 792
844 1252
885 875
412 1100
483 486
721 772
826 825
524 523
804 806
17 18
807 811
188 165
623 1139
26 920
578 579
1 567
244 999
747 1211
624 1140
243 625
154 962
611 612
136 239
62 61
634 632
893 892
405 400
612 613
713 287
704 696
84 85
537 290
667 665
605 610
621 1192
430 429
877 889
608 615
74 156
306 542
62 38
741 735
232 220
612 1264
823 810
194 193
734 552
60 1016
70 14
63 1058
195 194
15 492
251 211
737 742
425 247
228 227
183 979
220 223
508 510
479 483
679 508
191 16
851 849
243 471
816 253
732 748
264 944
204 521
371 369
240 1081
101 99
432 1022
360 359
640 642
228 963
652 653
94 96
354 321
714 713
104 375
717 718
415 416
386 389
737 732
768 1214
489 487
731 1183
387 210
226 113
541 1171
563 552
379 1109
762 761
470 473
575 526
237 1025
764 1216
122 958
504 502
209 325
195 390
238 1026
213 295
566 562
834 642
537 535
156 1072
588 586
831 1247
19 20
104 244
850 851
157 1073
491 15
333 332
880 879
311 313
355 356
504 744
53 54
633 629
585 589
471 1061
416 1125
451 594
49 56
680 682
87 842
547 1092
76 158
462 459
454 455
94 966
411 413
447 452
698 708
804 609
488 489
218 219
458 466
289 279
619 1237
521 522
236 798
812 814
20 914
584 578
292 290
131 107
683 849
470 476
363 350
853 1260
274 272
430 1014
514 519
252 253
25 965
897 894
714 284
587 588
166 186
890 891
348 342
620 621
155 33
92 93
801 1227
445 1034
136 1102
642 645
621 622
305 502
585 785
212 423
596 794
643 646
554 568
37 952
492 1087
766 307
687 688
159 160
449 343
278 790
225 226
525 338
647 1267
108 315
848 1257
210 1000
731 443
174 180
539 538
18 915
426 1155
229 232
557 555
816 815
342 258
280 283
303 675
259 260
553 1115
706 162
292 293
98 1065
604 1282
894 892
428 1056
346 349
254 940
710 891
26 258
7 16
255 1021
660 661
797 1224
378 188
350 355
77 80
48 53
172 168
511 308
650 652
549 1094
393 1112
424 425
435 434
103 110
686 690
41 1038
819 811
415 1099
3 288
278 456
766 1213
129 104
460 469
822 1230
490 491
11 493
716 574
501 506
512 515
78 1077
564 562
499 1070
302 296
165 407
294 292
553 552
338 335
815 817
856 855
47 42
264 943
335 329
388 192
287 289
623 1141
627 1148
837 841
649 641
29 30
725 1274
360 358
619 618
711 701
434 838
94 95
32 40
302 538
35 45
411 1119
193 402
656 658
106 105
157 156
128 129
758 1199
653 1262
229 297
150 153
764 1215
286 1096
701 292
161 656
223 222
763 761
248 166
55 0
273 488
685 698
532 864
283 1212
287 279
422 998
538 535
3 340
530 531
89 114
626 1142
183 981
260 261
261 262
297 1088
24 26
323 322
304 80
855 857
626 625
92 17
637 634
57 59
629 630
322 479
845 254
79 83
144 63
155 487
681 682
185 100
51 923
696 697
379 990
769 767
396 405
127 131
388 401
638 1250
786 590
863 285
551 544
758 757
380 991
641 617
579 791
780 781
427 248
759 758
245 128
762 763
234 235
614 605
622 1134
525 527
687 1263
784 787
824 823
24 919
592 1111
160 1188
167 330
577 573
836 833
437 419
869 867
406 202
30 31
197 208
801 1226
136 1101
581 585
383 191
116 76
403 398
140 1107
417 598
534 774
126 125
138 136
266 959
182 142
417 1128
440 437
887 897
5 100
73 909
751 744
451 452
740 734
713 717
282 759
776 773
487 490
466 467
174 179
714 718
199 123
426 251
838 833
695 704
228 1089
779 783
831 830
144 946
802 803
550 551
597 1157
532 533
791 793
4 5
185 983
385 1008
35 221
644 1268
8 124
842 844
824 826
254 939
246 935
836 800
436 421
651 1249
845 885
679 673
797 1223
184 93
247 936
329 331
245 975
314 1105
672 670
122 266
375 977
204 192
684 500
683 684
664 33
166 165
250 424
757 749
137 138
387 398
200 163
490 670
468 359
728 727
78 1076
203 204
850 689
594 583
761 760
753 756
0 1013
233 232
214 218
382 1114
258 261
816 817
299 298
37 1052
602 601
752 280
54 58
140 1064
324 327
369 478
75 117
594 596
882 883
154 1084
325 328
28 41
152 485
370 973
139 137
347 352
398 397
581 784
669 222
265 892
612 1265
263 968
753 746
432 431
130 969
727 730
617 1236
481 1046
509 507
183 980
800 799
341 105
519 520
498 497
43 1085
169 178
833 832
101 1062
492 1069
36 35
856 857
28 31
888 889
837 843
377 184
881 886
620 436
331 333
358 207
91 92
102 101
410 1120
317 1194
135 134
419 796
897 457
478 473
645 650
745 737
430 433
157 158
291 1177
190 191
285 608
464 467
134 412
223 224
753 1207
238 1027
774 772
482 484
66 951
518 523
807 805
818 1229
691 859
617 830
821 1234
257 258
341 337
548 550
560 561
2 4
297 1090
428 1015
53 55
682 1160
89 237
655 654
871 803
818 797
356 357
348 353
120 117
659 660
858 869
670 669
743 739
153 1053
404 406
31 44
238 114
536 674
771 577
305 549
474 470
145 1054
149 121
409 197
507 503
186 188
77 1184
230 231
619 1238
511 738
699 709
158 1145
219 221
772 779
541 537
326 320
622 1136
813 816
544 542
275 274
595 593
610 609
809 818
16 135
622 439
681 674
60 61
812 599
628 1156
392 391
814 1283
395 396
37 953
428 429
647 653
459 453
750 745
73 911
119 124
901 654
730 1181
770 1217
272 74
613 1270
764 765
477 326
543 537
634 426
794 793
225 227
776 775
196 200
450 345
22 47
798 799
838 835
145 1057
528 529
745 1201
107 127
430 259
521 526
602 600
33 34
32 218
140 1063
332 330
98 1066
403 390
841 881
861 859
34 35
277 659
627 629
740 569
254 941
427 1012
668 666
67 68
366 364
530 732
789 1221
617 620
657 656
720 712
146 68
132 133
162 161
420 1130
765 81
304 546
425 427
246 132
830 1235
458 460
262 256
91 932
169 177
513 512
366 462
491 493
190 7
535 536
227 154
392 636
225 230
505 513
516 522
795 840
587 582
429 1048
324 208
627 1149
438 1133
599 821
624 1143
900 898
542 1190
299 300
372 370
230 57
726 1276
849 852
364 365
833 435
16 1116
664 663
635 636
667 668
354 357
394 393
624 626
255 351
657 659
817 239
577 895
72 908
217 216
209 361
235 233
250 249
312 309
778 782
658 573
499 1074
600 1126
283 287
637 635
68 69
859 864
371 372
318 366
202 334
69 70
418 1127
80 79
345 90
763 752
755 748
606 805
241 118
126 954
397 402
610 1241
656 662
503 303
289 1097
638 1251
655 666
315 1006
471 472
327 198
374 130
493 496
173 1043
826 785
844 839
389 524
160 1189
267 269
843 465
534 533
46 41
801 239
256 259
116 1039
156 1075
788 794
286 138
309 307
821 827
873 874
592 595
72 70
64 66
413 1123
143 1033
769 529
130 133
728 1170
125 957
743 512
196 199
385 394
25 88
754 755
756 1210
216 213
809 807
208 209
515 509
38 63
781 336
540 1176
148 428
314 311
453 655
784 791
304 303
307 308
378 597
298 1162
857 860
649 831
297 300
431 1017
472 1055
607 605
314 1106
887 888
370 369
250 978
362 365
414 412
392 393
550 1095
267 514
154 228
407 408
480 478
739 738
760 1206
444 295
91 931
284 688
106 7
770 1219
749 1196
192 196
613 1272
203 205
411 383
491 492
544 1172
502 501
494 497
10 75
576 572
547 545
242 992
835 832
827 828
819 824
97 982
438 1132
580 578
860 861
871 870
201 667
270 272
351 346
286 854
343 342
245 1002
872 871
591 592
603 417
355 352
882 884
382 189
788 1222
624 625
409 408
107 106
309 1144
639 641
870 802
42 916
545 1091
151 148
391 395
173 172
539 1169
206 205
738 740
104 194
509 508
102 4
726 1180
763 280
52 39
614 1240
591 582
523 527
790 791
394 562
842 838
841 464
306 305
481 1060
313 1104
519 269
783 724
609 608
641 640
61 65
79 528
881 887
339 338
111 1005
145 64
631 632
582 590
672 1158
361 362
125 122
639 1246
795 819
468 461
675 674
108 563
465 455
697 698
71 910
147 145
133 247
719 716
310 517
3 137
77 86
839 638
730 731
291 540
552 315
88 446
754 1209
715 723
796 797
186 379
247 246
567 565
422 1001
829 1239
771 889
630 392
829 830
301 302
337 404
814 1232
10 9
862 863
425 1011
604 1242
334 335
630 1151
313 312
345 344
895 896
367 368
13 56
522 162
17 929
899 902
178 208
266 995
67 148
495 1083
692 694
503 678
674 676
445 444
126 956
748 747
805 872
758 760
168 171
52 225
111 311
484 1051
500 501
529 1202
471 474
271 269
349 368
814 813
214 143
544 543
694 222
231 232
291 1266
43 32
863 854
555 558
815 139
825 827
57 52
524 570
736 749
746 1208
809 819
8 196
473 375
599 600
71 72
82 81
60 62
112 109
12 925
123 118
94 91
854 862
893 36
185 587
147 66
673 670
93 95
665 666
159 77
644 643
539 298
884 890
895 899
108 111
141 28
418 602
437 435
42 22
731 1178
508 495
669 677
132 180
320 151
485 484
732 733
773 771
313 112
215 214
187 381
274 120
765 766
237 238
828 822
496 498
655 900
275 121
567 558
787 790
127 631
224 155
144 949
626 1138
489 495
55 1020
534 646
872 1279
820 823
880 874
584 583
628 1147
341 825
864 866
891 883
332 776
554 560
296 301
647 644
356 351
100 102
540 1191
554 717
381 380
368 447
167 277
52 964
273 29
596 799
754 747
39 1030
517 511
726 1179
520 516
768 767
787 780
789 597
527 560
219 215
543 541
494 499
557 1113
828 789
269 8
389 110
