1125 978
935 955
1084 1215
1205 977
1154 1078
1100 933
1132 1121
1102 970
1208 1140
1235 1124
1236 1123
1128 1071
1109 911
1225 1168
1117 1077
1157 1070
1026 1151
1108 909
1282 1275
1097 973
1238 912
1098 972
1189 992
1101 934
1263 1060
930 924
1107 950
1149 1075
1261 1017
986 907
1228 1087
1206 974
1254 1050
1031 1213
966 1010
1212 1041
1182 1211
1271 1066
960 1082
961 1081
1252 1007
1177 1013
1033 1194
1020 1139
1032 1214
1028 1106
1204 1042
1034 1220
906 976
920 1002
1226 981
1259 1048
1268 1209
1012 1039
1146 1073
1237 1276
1229 1162
1221 1069
964 1145
1111 926
1222 1068
980 952
1096 971
1037 1004
1267 1210
1178 1019
1240 1067
1280 1167
1233 1159
987 957
990 956
1247 944
1248 943
1200 1055
1173 949
1120 1184
1224 1086
1127 1080
1253 1003
916 997
1250 1196
1223 1090
1122 1166
1186 995
1251 1115
1255 1021
1116 1079
917 998
1231 1164
982 945
915 1193
1180 1219
1266 1014
1181 1218
985 925
1243 967
1260 1047
1188 1040
931 1155
929 947
1024 928
1244 968
932 1156
1136 1179
1095 1052
1153 1076
1176 1016
939 1006
1038 1137
1201 1143
1203 1061
1269 942
1232 1161
1234 1158
940 1105
1270 1044
1027 963
1283 1160
965 1009
1258 1051
918 1001
1264 1046
1230 1163
1011 994
941 1005
1131 1114
1241 1062
1099 969
1279 1174
989 954
1171 1058
1172 1057
1064 996
1191 1015
1272 1043
1242 938
1190 1056
1152 1072
1249 1197
1185 959
1170 1059
1091 958
1025 1150
1175 948
1126 1083
1035 1008
1110 910
1239 914
1256 1049
1273 1065
1029 1104
1202 1142
1085 1103
1192 1119
1130 1089
983 908
1227 988
1135 1088
923 1141
919 1000
984 946
1265 1045
1036 1112
1281 1169
1093 1054
1094 1053
1284 1195
1262 1018
991 951
1257 1022
1129 1074
1278 1063
903 975
1246 1113
1030 1144
921 999
1245 1023
1118 1165
