4.486868074118560701e-01 2.986797883620657124e-01 -3.768856542275838550e-01
-2.945942729819340244e-01 -2.710626948978177020e-01 2.270237885864794247e-01
4.704046740885447497e-01 -2.420299870992138058e-01 -3.489188472537637642e-01
-3.105708679770934899e-01 -2.636799879091596410e-01 1.535310847317507554e-01
4.058988227804090632e-01 -2.762343416916978600e-01 -3.019405861758870935e-01
3.827164969815440299e-01 -3.518245403724118980e-01 -3.150078345802737601e-01
-1.468843136088324453e-01 -2.971536032232210967e-01 2.320899163458042536e-01
-1.333106311250233933e-01 -4.124163028406215292e-01 2.567130894856718970e-01
7.971264735369060217e-02 2.000948856347405103e-01 1.057706003656590094e-01
-3.874097318183724464e-02 2.845222145450704843e-01 3.332226164441153271e-01
3.996910767258672614e-02 2.754932789457628095e-01 3.416608224857589082e-01
1.660932525094255541e-01 3.992278730344453463e-01 -1.027985195688954495e-01
1.772301422809318405e-01 4.354843886510741946e-01 -2.733997825270302329e-01
1.850758241518520864e-01 3.865534340196836727e-01 -3.463461584142160654e-01
2.174372965610298913e-01 4.275317004638131135e-01 -2.164566678696438762e-01
4.784359617509167939e-02 4.482047067308327915e-01 -1.764969117721533198e-01
-1.695048714659340705e-01 -4.311961375303247634e-01 2.657893376271089347e-01
3.987564306517976664e-01 -4.619114851364343188e-01 -4.479676559924424262e-01
4.201818087914608868e-01 -4.420191922936350104e-01 -4.755730398543465132e-01
4.355382965812186202e-01 -4.528489784781059013e-01 -4.061191893858845381e-01
4.559875985931874931e-01 -4.434196876345326555e-01 -4.446664996108138368e-01
4.745777887074288937e-01 -4.728400681490854129e-01 -3.595024087852493611e-01
3.093016850831174502e-01 9.342912923934304503e-02 -4.858484587963877166e-01
4.764045432306686090e-01 -1.652745806424198716e-01 -4.649192246355350888e-01
1.271447624171573865e-01 -7.765738452619379284e-02 -4.939887158696468772e-01
1.072184943861465012e-01 -1.235391634250924131e-01 -4.492202446303792951e-01
3.112541852586218072e-01 -4.384394836868853521e-03 -4.693963858901859521e-01
4.184188550456000022e-01 -1.595530114309980374e-01 -4.797403002802945737e-01
1.781500281068423563e-01 1.386553380232136146e-01 -3.365860790267595215e-01
1.343246207197011377e-01 1.563540298216933577e-01 -1.349044580698322560e-01
1.894797761821950532e-01 1.895836917991547688e-01 -1.979558203799305083e-01
1.629275577816153564e-01 1.776710434049398601e-01 -3.143495229060737084e-01
1.441427894505655297e-02 2.152483611634987415e-01 -4.155891278266803934e-01
7.798848076095238335e-02 1.708108139376534884e-01 -1.786069316567373000e-01
8.785243930407461710e-02 1.466978458005049613e-01 -2.526567637530923172e-01
5.618121064105233847e-02 2.010750398502197112e-01 -3.132216665296065350e-01
-3.763411512647174204e-03 1.898955978128114563e-01 -3.562050733836081284e-01
4.809032756668596420e-01 4.802292268589827273e-01 -1.175092007032922242e-01
4.876025507052530461e-01 4.068673589548010838e-01 -3.259951826156406440e-01
4.900889409794374763e-02 2.949485005208291044e-01 -4.817935954477365335e-01
6.046925437179904994e-02 2.022933430813960987e-01 -4.265056875164991435e-01
1.760843365387678439e-01 1.573836677193064804e-01 -3.927983827573572895e-01
2.957556877147663466e-01 8.660942508631991332e-02 -4.998046355131789964e-01
5.472593123579508334e-02 1.757038847339437715e-01 -4.554924939873754575e-01
1.770277067039517926e-01 1.950207529851628041e-01 -3.803209813768301251e-01
1.120536985308428629e-01 2.114433229943353809e-01 -3.534676142244589925e-01
2.860172141301159376e-01 1.135366787249945525e-01 -4.400953687153551508e-01
2.885584772064031522e-01 8.652203823789449133e-02 -4.800508798051167370e-01
2.375014507182816315e-01 3.291916443082957833e-01 -3.551856377007233112e-01
1.860035854830048296e-01 3.417300499734235997e-01 -3.597407849747337183e-01
3.283587723757884769e-01 1.695023795462718696e-01 -4.471530874165055014e-01
3.246868986178560457e-01 1.322598757695730431e-01 -4.790085483232077723e-01
7.704912388863888184e-02 3.777334227991112070e-01 -4.598510608944834654e-01
3.377366398362779965e-01 3.235384621180342202e-01 -4.382614261324970784e-01
3.258565727480393082e-01 3.774548283116144765e-01 -4.545622953233419139e-01
3.597199433960628911e-01 2.840115464592046779e-01 -4.530656257926238273e-01
2.075380033489533926e-01 3.836771591706984452e-01 -3.795865951140557915e-01
1.539611595557905943e-01 4.014910993827284225e-01 -4.193505920821050115e-01
2.459429220172756336e-01 4.083217325967047895e-01 -4.321932295868683993e-01
1.974627139130648856e-01 4.071226462495270981e-01 -4.415770687301689978e-01
4.604339243299648277e-01 3.340450872635952750e-01 -3.303917891513681870e-01
4.176040187030093942e-01 3.561171502719985837e-01 -3.420070095679367816e-01
4.587571018785290833e-01 3.823199314656048897e-01 -3.373675987107198071e-01
4.676313405706298276e-01 4.028085922218162529e-01 -3.043847438631875901e-01
4.381531096302280770e-01 4.575153770425151589e-01 -1.267670167879640375e-01
2.388003450204822797e-01 3.467909761523658152e-01 -2.779629805499511663e-01
3.751811995177444237e-01 4.475714277502695349e-01 -7.817669626762094315e-02
2.639903036494735677e-01 2.840315539786248400e-01 -1.538215739403637761e-01
2.409131842834441872e-01 3.400138469224388560e-01 -1.216222384090197423e-01
2.523938511534847273e-01 3.927918865469475218e-01 -1.593243998265121419e-01
2.443807315343813347e-01 4.003973082784780813e-01 -2.075205806505293626e-01
3.120593502117276485e-01 4.495611160914206317e-01 -1.254000813215750409e-01
3.228565603260912242e-01 4.648637500792310306e-01 -1.805676716116499103e-01
1.272278603876229319e-01 4.695238956340192504e-01 -1.808005427865198855e-02
9.450868591307649835e-02 4.453773500762424065e-01 3.004003097700443381e-01
1.175960216614971854e-01 3.441244317605608449e-01 3.130357025695320039e-01
1.598163230414345326e-01 4.022435583640101009e-01 3.515672846235001758e-01
-4.168211140010628091e-01 4.586755660309844163e-01 3.065380535332146161e-01
-1.013042944063555773e-01 4.645179232514097811e-01 3.739059594664904118e-01
-2.802700686668429531e-01 3.521071215994703851e-01 2.505767036038603068e-01
-3.238851306848094525e-01 4.369819179278612298e-01 2.350927102177418349e-01
-1.143148691527980099e-01 3.503605807701531960e-01 3.312563684860669877e-01
-1.166618409496963521e-01 4.076362038550212508e-01 3.368855655386704395e-01
-1.662694754727915281e-01 3.449686137677493991e-01 2.043978709973152119e-01
-1.397558179241627230e-01 4.147468935670635681e-01 2.050986651264777860e-01
-1.795196909100894023e-01 4.830978053374000991e-01 1.940528925030574059e-01
-4.758529514585191911e-01 4.647512901057285206e-01 3.008314299569296302e-01
2.789530895273674774e-03 -1.792714962564059544e-01 -4.567003342462720439e-01
7.992476228029979368e-02 -1.404377728472255560e-01 -4.114057848096414616e-01
6.210267699124479707e-02 -3.393863148518306283e-01 -3.841845607458060918e-01
1.404469437067001336e-01 -2.761970885073359860e-01 -3.441197871238380612e-01
2.386424573159071361e-01 -3.358051293720643593e-01 -4.749649062949247158e-01
3.033955148582059280e-01 -4.117964627190335292e-01 -4.346812205545553254e-01
3.134628605195691753e-01 -3.755042635851235655e-01 -4.037710773157759392e-01
2.336259682698019202e-01 -3.178718458850894324e-01 -4.416632710155379837e-01
2.659382434907766046e-01 -3.110553844331100937e-01 -4.055803464569117112e-01
1.978987043106973653e-01 -2.814087205337680309e-01 -3.947672509243960737e-01
4.127605847821971263e-01 -4.939666683728584640e-01 -2.212521690499852922e-01
4.713452410603289899e-01 -3.369381970803030368e-01 -1.528210308348298407e-01
4.054782333042306064e-01 -4.166114955098085826e-01 -2.647957324396879031e-01
3.700981515999988702e-01 -3.941166435461148088e-01 -2.611300260110309690e-01
4.267446839260319869e-01 -3.365673401034413037e-01 -2.148262353360137766e-01
3.903220930247421339e-01 -3.114116699457163961e-01 -2.321551639079260099e-01
2.013400601189151151e-01 1.191411422010036913e-01 3.369297259256297528e-01
3.453775109300477597e-01 -6.569051654602357793e-02 3.038184799611839959e-01
-1.097713737151477520e-01 -2.727539860500658997e-01 1.780968810937871849e-01
-9.959453474928831040e-02 -4.006838576768917970e-01 1.740622014346580038e-01
8.996270684746723867e-02 -4.126892022962164175e-01 1.751722580557886211e-01
-8.697277328696824406e-02 -7.451394088744138500e-02 4.380338738887794570e-01
1.033791435976779693e-01 7.595429740633950766e-02 4.572674015329025732e-01
1.216931953648406201e-01 7.953880976747869369e-02 4.018383081174202176e-01
-3.635652193413521638e-02 5.402622082364740008e-02 4.795891821671384170e-01
6.407355246092938383e-02 9.313113364905446778e-02 4.803357112384262773e-01
-7.713357864129474772e-02 3.741751724069797280e-01 -4.632167193262694549e-01
1.799871401670948001e-02 -3.433595020678489318e-01 -4.209964702219861077e-01
-2.673111690434281512e-02 -2.726835372173198602e-01 -4.734924309111522844e-01
1.863738044446792141e-01 3.879150765479079666e-01 3.269249281569601151e-01
1.802886566240428368e-01 3.077525989748602364e-01 2.675845908049299116e-01
2.106527531697548750e-01 1.690240918853433694e-01 2.631021621119472020e-01
2.051740557786403407e-01 2.316447937095460208e-01 2.172840209122962052e-01
1.938153744419477686e-01 2.469186676890227361e-01 1.928122476108719008e-01
2.649771151268681679e-01 3.093608484617322296e-01 9.758544591138167135e-02
4.478918361283105720e-01 4.010143380577870786e-01 1.500219847736735390e-01
2.259372203910424426e-01 1.841367302526956962e-01 2.183634175192977755e-01
1.986699185848673777e-01 2.170826639568438354e-01 1.919944411619647351e-01
3.631162879464907012e-01 4.367443451948487265e-01 9.354098926842782658e-02
3.419247039157023438e-01 4.783922867156296665e-01 1.094402433188998991e-01
1.117958438355937251e-01 -4.176203595715716754e-01 2.414141787593867272e-01
3.233425960666847510e-01 -1.810532125340248433e-01 3.922395028365618930e-01
3.159439724720383147e-01 -1.357797433881834104e-01 3.044050852390436934e-01
4.508844434734213258e-01 -2.941350049783960086e-01 3.158163714488161911e-01
1.283386244581293245e-01 -3.749657837270604088e-01 1.894055045116155023e-01
4.133901922469803147e-01 -3.352764279190552088e-01 2.151866763720859110e-01
4.511916991827812362e-01 -3.580166827025275667e-01 2.774885188195975738e-01
-3.165957668711674167e-01 -3.261181786700272922e-01 2.497475204188555620e-01
-2.674374468581605102e-01 -4.216628526587983816e-01 2.606521943145869713e-01
-4.632336963268615104e-01 -3.274444355194447431e-01 1.071325725459849887e-01
-3.401429053361945676e-01 -3.158152434967455569e-01 1.172344492331829358e-01
-3.951494416245598940e-01 -2.958467620308513069e-01 1.046084813643051170e-01
-3.310422807660397537e-01 -3.713881027139571689e-01 7.642465206774837205e-02
4.543167385721607610e-01 -4.794966035264711657e-01 -1.978823666905220324e-01
3.019616035949315158e-01 6.847903042537584195e-02 -2.535360040190657305e-01
4.566933767548638778e-01 -1.090512790256310122e-01 -1.324073115470929540e-01
-1.470823056252579253e-01 1.199898782912858786e-01 -4.547085001331235277e-01
4.532962625277026092e-01 4.689304004279087890e-01 -2.670386088891433807e-01
4.605420647059215167e-01 3.933939776882563466e-01 -1.121092868707014162e-01
3.272372265055409901e-01 3.349496628280841382e-01 -7.650228568752918956e-02
3.682836294405610333e-01 3.708023913508002867e-01 -5.643170952695055614e-02
3.370545558041757594e-01 2.387579432983472638e-01 -1.275430297502592181e-01
3.267556302127667123e-01 2.787896748791577339e-01 9.480664067862777655e-02
3.580729376532742481e-01 3.295685047942572554e-01 9.267148360825236408e-02
3.689677354395073383e-01 1.364411743738671579e-01 -1.155608355183670166e-01
4.167369698811814183e-01 1.305315347282151595e-01 -1.261736354135041260e-01
4.348356946937728673e-01 2.885180350289028306e-01 1.391518594897110939e-01
-7.267539638001509206e-02 4.640572403323549588e-01 -4.816347615535611637e-01
6.961343990170312107e-03 2.355200492020839143e-01 -1.289999255972208714e-01
1.065322076598958223e-01 4.728744162397572337e-01 3.266837345446321206e-01
1.372892710086406620e-01 4.416450005512484456e-01 3.443266089406881170e-01
1.539780893156401931e-01 4.147508317089095842e-01 3.950776555268650791e-01
-4.050747605003927054e-01 4.393122723263206408e-01 3.509498283263984830e-01
-4.702208283403380151e-01 4.421461793341221469e-01 3.286812724832000043e-01
-2.751396593880192989e-03 2.663319945856657683e-02 -6.025732206991770562e-02
-1.068803388965237633e-01 5.880169831802402325e-02 -1.746639446777919005e-02
1.269634438479956273e-01 1.080128478167571987e-01 -1.040166448448082148e-01
3.050610297332200238e-01 -2.994221395360583959e-01 -9.385019459600364711e-02
2.024386671240513691e-01 -3.503239200139254272e-01 1.011043416081512797e-01
2.436819052418600362e-01 -3.694364398289868845e-01 1.165308808155400833e-01
1.160922071433319464e-01 -1.279781575492223156e-01 -7.864232925389161646e-03
4.296558112358674353e-01 -3.170530660814889212e-01 -2.053184616544732194e-02
3.263304102619329350e-01 -2.993974459350790540e-01 -2.826358254301142986e-02
3.467806576881908298e-01 -3.079657338096875585e-01 3.968159794206756533e-03
4.522706280713355564e-01 -2.911845280039445094e-01 -1.030456228826412551e-01
4.547452557368677484e-01 -2.856097569266172753e-01 9.128253358548815699e-02
4.654372989261200688e-01 -2.629286212009682711e-01 8.278987460342793203e-02
2.989016597566129807e-01 -3.139239154234818585e-01 1.232385145176655011e-01
3.667919743790259424e-01 -2.378281221628114894e-01 -1.571166176535209180e-01
3.778653612399618944e-01 -2.855565392944588443e-01 -1.599036559096147503e-01
3.450410432599649857e-01 -2.768619954868080657e-01 -1.433381244796593512e-01
2.639174977251019794e-01 -2.164417578421299615e-01 8.004380579139555585e-02
3.032284743021664841e-01 -2.370798024809073201e-01 1.322218608865761424e-01
3.790568660052383021e-01 -2.928922871984123710e-01 1.461871048100333303e-01
3.877958971414927070e-01 -1.669589450140422093e-01 -1.107162845328567291e-01
4.388432776580482586e-01 -1.322879300427663163e-01 -1.047813579439048348e-01
4.752807533464141199e-01 -4.847957120940944997e-01 -3.882869209235122188e-02
2.609278191627969479e-01 -4.326326794334852677e-01 -2.418609622650247093e-01
3.098938224713417289e-01 -4.338434649082491545e-01 -2.087665045280728826e-01
2.412321665677846227e-01 -3.880909154655778903e-01 8.449055167274223399e-02
2.890443743651261999e-01 -3.399956557112023270e-01 2.675301458656143688e-02
1.825859136504507929e-01 -3.867930276000607903e-01 7.359656482402267275e-02
-1.130386855174134453e-01 -2.939324780890989475e-01 3.936031590844836225e-01
-1.243537839392970107e-01 -4.140018137396870856e-01 3.447204598079137150e-01
-1.407936237128463441e-01 -4.476598850656354767e-01 3.487914884962412532e-01
5.590532478804435823e-02 5.029161741610142788e-02 1.257920398013980812e-01
2.796964446551519212e-01 -1.302431698361093959e-01 2.902572673912073853e-01
2.799004209434566293e-01 -1.160271660805694063e-02 2.758166535460261359e-01
1.865463803377512830e-01 9.827938308555851654e-02 2.967719082189109736e-01
1.028223469976549675e-01 1.236967317214789225e-01 1.114432611572028498e-01
2.396357496936451781e-01 -2.168313352108431902e-01 1.231168207801635189e-01
2.552740560184453833e-01 1.343238061240831227e-01 2.143019653002698754e-01
1.863149535804185519e-01 1.391297085927655497e-01 2.148110911515352384e-01
1.478375514559495396e-01 5.962987215120824080e-02 2.316187687438109322e-02
1.428875932754548050e-01 2.745773616597736375e-03 5.183574659195376057e-03
1.433732091485574178e-01 -2.476168205077205753e-01 1.064363037201087742e-01
7.102900911764158109e-02 -2.019350688705407945e-02 3.462657133191870962e-02
6.212540281855939012e-02 1.580241479098266899e-02 8.064469277925764845e-02
7.945761161329888134e-02 -5.700167937742398744e-02 4.060066232517619417e-02
1.185839050541593886e-01 -1.106537863921790432e-01 2.954273324315404015e-02
1.408935563197445950e-01 -7.486929161498875884e-02 8.931873450313187676e-03
2.301396728371833400e-01 -1.379731183914936210e-01 8.669352131073874979e-02
1.880835852324389545e-01 -8.527196400890919847e-02 2.223752617832621542e-02
1.328751847551385978e-01 -1.187989787756502241e-01 4.666506195779013266e-01
1.836451352205769882e-01 -2.010180217466200903e-01 4.399118486868266453e-01
9.224135204813875555e-02 8.578097910344380239e-02 4.869885818888071705e-01
-1.772293315709142503e-01 2.649956458783853108e-01 -4.054186084852801630e-01
-1.413389510502739421e-01 1.906493755706483162e-01 -3.839886742938057873e-01
-1.415852163782150841e-01 1.815242726656997874e-01 -3.291262788777070125e-01
-1.144470264457539965e-01 3.181099052742019095e-01 -3.907849683159537180e-01
-1.074970115884120864e-01 4.027197106785439518e-01 -3.462994279395795183e-01
-5.468445927932123751e-02 2.326532764584594015e-01 -3.648777275624171534e-01
-5.447102052959146290e-02 2.240530991728529597e-01 -3.258039513733247405e-01
-2.153142398409145855e-02 3.477313512166621545e-01 -2.583521909574486575e-01
-1.454942502148505803e-03 2.405069034567090813e-01 -3.066327458887215807e-01
-1.508144307094374803e-01 3.518418504634269750e-01 -1.859432976837610274e-01
-4.524446642388242623e-02 3.234383988256319120e-01 -1.988726823828727286e-01
-3.429928713913855259e-02 2.768051352310388902e-01 -1.649973568002175150e-01
-1.491945599107117292e-02 4.348853291340776805e-01 -4.387901964805136501e-01
-6.773978936873338574e-02 4.356307591645495192e-01 -4.124409694028661200e-01
-4.546442199132848250e-02 4.545785526378794406e-01 -4.723858985578978653e-01
-6.152287235749009930e-02 4.711201002454596942e-01 -4.500496956539405402e-01
-8.063253618771198949e-02 4.553701896750742550e-01 -3.378984535007658052e-01
8.678560569975868333e-02 4.480448002065489654e-01 -3.821166133898710737e-01
9.155434268708599610e-02 4.551372695397755130e-01 -3.137037516119531855e-01
2.821006056689019659e-02 4.338007582844868870e-01 -2.714047468129189289e-01
3.060615275134837346e-02 4.619792091506245146e-01 -2.214874156782564163e-01
1.058268142328064182e-01 4.675072143106564493e-01 -2.675637353982781019e-01
6.960434639462736994e-02 4.653926296202687274e-01 -2.299989407724763180e-01
-7.791229802666682636e-02 -3.628739546798318560e-01 -3.701706570995125234e-01
8.446369135990619559e-02 -3.984760693686720812e-01 -4.412929638827440271e-01
3.623467523543712904e-02 -3.944800324313214590e-01 -4.441123367064021554e-01
-4.225567366886084919e-01 -4.192242484433441607e-01 6.163513841585886721e-02
3.564887244597507721e-01 3.403229388109607623e-01 4.405833027782324329e-01
3.882162953201665490e-01 2.693994861733282620e-01 4.216413374880721432e-01
4.287289422238532710e-01 4.677465595020579570e-01 3.757210026291608607e-01
4.366635003226024270e-01 2.594127549386157638e-01 3.919551863075060871e-01
3.667497626088484508e-01 -3.679411473678005640e-02 4.165143692009602994e-01
3.605766213640155260e-01 -8.828217077983373240e-02 4.543399894239803505e-01
3.922087951048909282e-01 -4.308582807690718441e-01 2.312126683020283013e-01
4.303925246997313270e-01 -4.241834304401043698e-01 2.685255985142854795e-01
3.267318311383985985e-01 -4.500286614444323208e-01 1.919495314629464655e-01
3.561651801846554277e-01 -2.291682653911984724e-01 4.283093127308399972e-01
4.243055164076367514e-01 -2.927347331799010632e-01 3.699111190782910508e-01
2.209085346375117276e-01 -2.766475782295602648e-01 4.708823588372801905e-01
-2.689572915168707556e-01 -4.682452989094350038e-01 1.986202604838918362e-01
-3.024161548184438608e-01 -4.736068196569173105e-01 9.376096603758797554e-02
-7.142318270479075526e-02 9.895343759540769710e-03 -4.796142882998078449e-01
4.455299892783626259e-01 -9.757939193631554042e-02 -2.199833178770465025e-01
4.141623995626975141e-01 7.423122501743051327e-02 -2.497803005297275503e-01
4.039443615055935966e-01 -1.317330200237692150e-01 -4.416070884750510350e-01
3.579143848775050429e-01 -4.738014826196485646e-02 -4.135553276326359717e-01
4.429299087400014878e-01 7.972687169560198350e-02 -2.747015476838872150e-01
4.201654462967047143e-01 7.347130754117923990e-02 -3.488893268325143904e-01
3.567197674258090201e-01 5.230916821428799324e-02 -3.689775272081731172e-01
3.590237732481972865e-01 3.868329707152509678e-02 -2.958042116167608482e-01
4.742334036677725573e-01 -2.171958865194917876e-01 -3.649011034516727037e-01
4.601785775675474865e-01 -1.480796023077288748e-01 -4.533759741923360509e-01
-5.663197369523918084e-02 -1.711428680417258208e-02 -3.809726729050857408e-01
4.774731924500725810e-01 4.503609878488533114e-01 1.869632247512501289e-01
-1.332148207770841308e-01 2.388592481409997359e-01 1.330334256870716603e-01
-1.523087547161268152e-01 3.088041773029367443e-01 1.737328146140867668e-01
3.828893404019087510e-02 2.085201609148676916e-01 1.010752989328022322e-01
-1.035001549885010974e-01 3.948089370948752452e-01 1.767063582278272094e-01
7.893477729665283882e-02 2.422276844185814459e-01 7.206559192816780479e-02
4.985688387783184655e-02 4.251881550552141231e-01 1.512060955363043191e-01
9.461547492106545110e-02 2.381224843264853064e-01 -5.711876282275021866e-02
1.223895104854116900e-01 2.930778141364007161e-01 1.092898386393994364e-01
1.213528483826606663e-01 3.620852095846389118e-01 2.361669466657607269e-02
9.052330878133098280e-02 4.369759574594391238e-01 -1.295506936538176265e-02
-1.524037680651841274e-02 -1.377225703887137997e-01 -9.833444887637451948e-02
-4.664908411905305946e-02 -1.589524489767801529e-01 -1.275125814826540138e-01
-3.520541832862478793e-01 -1.362969365116147025e-01 2.209990084033711666e-01
-4.623187283887357779e-01 2.420815494002891144e-02 2.448271863585612662e-01
-4.223625632198192981e-01 -1.218683674939449318e-01 3.106569547206081139e-01
-3.829281753081155149e-01 -1.354610584303504450e-01 3.501762503235982815e-01
-4.044268600268526304e-01 -5.494776807280300768e-02 1.369204024048520374e-01
-3.663289684986498207e-01 -3.161926281517160597e-02 1.002669755008747249e-01
-4.261306115662824023e-01 -2.062422878914770552e-01 -9.991826323356044204e-02
-3.708756844376448480e-01 -2.714434042862511332e-01 1.025732065671944582e-01
-3.373746337727747679e-01 -1.163518486911091360e-01 1.681264128437785221e-01
-3.416280674452609745e-01 -2.396305339363954678e-01 1.518709069118615307e-01
-3.450030478933673317e-01 -1.740936708291122015e-01 1.751491498683517556e-01
-3.809447300120982205e-01 2.550208088585818045e-01 -1.733071785270703380e-01
-4.716129472747930262e-01 1.966369204139326310e-01 -3.027806650629597529e-01
-2.877710412837053422e-01 2.064987124637266691e-01 -2.769014215794867173e-01
-3.817664660249731057e-01 1.515348896206100138e-01 -3.479300251001326005e-01
-2.500443957961515085e-01 2.367600944436976385e-01 -3.116379077121234631e-01
-2.319152142582358023e-01 2.637162235805576849e-01 -3.847541856379828040e-01
-2.517802930576519826e-01 3.450315851657906885e-01 -3.138130376929904042e-01
-1.264266731966596224e-01 4.690074628254725653e-01 -3.310936522196231135e-01
-2.331208958074477144e-01 4.717134822898890190e-01 -2.166888622011019783e-01
-2.009975737299218856e-01 4.102963239255434935e-01 -2.709746598698635767e-01
-1.562993124770164777e-01 4.124179086061299238e-01 -3.024000137414433187e-01
-2.266243821250756296e-01 3.812320873325881210e-01 -2.946834754899291808e-01
-2.559467583400035773e-01 3.838321973971415835e-01 -2.998447558660102819e-01
-3.900399315655870836e-01 3.748114754497706702e-01 8.805402540540881173e-02
-4.128859509623335478e-01 4.239375888227390754e-01 1.410063642547991769e-01
-4.882959423236523655e-01 2.165719584251168395e-01 9.517776561573713934e-02
-4.912759375553312768e-01 1.553850664678529669e-01 -7.326424716924910541e-02
-6.768967768279507413e-02 2.477509088810134208e-01 3.968720010100423301e-01
-9.142769950559084813e-02 1.540877008057364994e-01 3.746807826344589198e-01
1.908615517724307140e-02 2.334173950699492406e-01 4.045349830180244299e-01
-4.151659988529111944e-02 1.314502096358615146e-01 3.985657357880069140e-01
-3.403956541848578848e-02 9.885128701589376843e-02 4.570539035996856181e-01
3.660563842867058625e-03 1.672562404548862958e-01 4.108309937577767634e-01
3.409795013640366107e-02 1.310124344537579033e-01 4.737809557150773343e-01
-1.276046059360108620e-01 1.021551986926760441e-01 4.872830296979037690e-01
-1.117748512912741521e-01 -6.853989531655024781e-02 4.673800698668229003e-01
-1.778393394858031884e-01 1.350394375118028067e-01 4.531696051515101686e-01
-2.026744514160146726e-01 1.493051479673718485e-01 4.633878519599899937e-01
2.266060902985750081e-01 9.073055831341880761e-02 -8.720317910794932181e-02
2.805929240698050164e-01 9.511214994982059023e-02 -1.456292048266567829e-01
3.366193921860914373e-01 1.208840313996783489e-01 -1.248340954954513249e-01
2.953972582398550761e-01 6.711227840485242679e-02 -2.045720820056071421e-01
3.332995130595200473e-01 -8.507087204066170194e-02 1.356287260321718466e-03
3.711160351821076175e-01 -1.042203465155374653e-01 -4.823369144689364924e-02
2.448083463034256835e-01 -4.816168706221885670e-02 2.581612673350806506e-02
2.055258140335027572e-01 -5.553419263784180326e-02 -1.026653325996055612e-02
3.537589822700875630e-01 1.162565360403929327e-01 -8.432183186900198135e-02
2.391397388056399897e-01 1.514236534634283600e-02 2.270577966952440352e-02
2.061590719603341171e-01 2.983014930905581591e-02 4.613998064176005887e-04
1.051643871529200913e-01 -1.297555045182949007e-01 3.050407910213815896e-02
9.661358848887686979e-02 -1.442373385481225123e-01 6.856637695148923295e-04
3.265350174023162744e-02 -9.833210740348016787e-02 1.769210898599607104e-02
-2.667932333650537696e-02 -1.219273474474199120e-01 -6.048792991020490034e-02
-3.549001433543721995e-02 -8.807136319651455436e-02 -5.418757309945288619e-02
1.081535909748613661e-01 -2.302356540342491154e-01 8.059677637758651259e-02
1.061628406619083559e-01 -1.673281362780190407e-01 4.384440321532894619e-02
9.978468566801995676e-02 -1.696867897513844592e-01 1.319700143283435850e-02
-9.260330511094909400e-02 -2.144601757158617616e-01 1.232225913584612809e-01
-1.254470369620375447e-01 -1.448218512418431581e-01 9.825117101019698040e-02
-1.410858943054661419e-01 -1.937090388237980021e-01 6.952156850392672560e-02
-1.724543499880503428e-01 -2.300312332099757329e-01 8.221149757495706256e-02
-1.149365883698642010e-01 -2.406251604577551440e-01 1.002386894693199637e-01
3.096031064799489307e-01 -1.043818996629873874e-01 -3.644829723183894976e-01
1.490038921766930480e-01 -1.562319234803272172e-01 -3.768377615372442424e-01
1.866366898957919629e-01 -2.380898567688696510e-01 -3.756502479079253942e-01
1.498853875155067295e-01 -2.406008669140592970e-01 -3.428796973355557332e-01
3.239806718038615863e-01 -3.012673114116885820e-02 -2.752427610586303253e-01
2.967622278036475270e-01 -2.425555192547149685e-01 -3.775684499273324612e-01
3.508143945995146895e-01 -1.712205550886707894e-01 -3.728309021817190483e-01
2.832813341980158772e-01 -2.764389110941600086e-02 -2.744985284373270273e-01
2.826524172019289627e-01 -2.223528044671430060e-01 -1.683249323852673007e-01
3.675873530418062307e-01 -1.042395883011230651e-01 -2.269940116696728682e-01
3.586950933544512665e-01 -2.360744635448743522e-01 -3.042008329892064156e-01
4.134620587849796580e-01 -2.039329044275822733e-01 -3.375396479209242795e-01
2.726829816177010479e-01 -5.831337012748050858e-02 -2.084881813247115578e-01
3.331287389585715353e-01 -2.138317508584483828e-01 -1.893547230334063358e-01
3.547385594565282685e-01 -1.693196898378555859e-01 -1.848282515071868470e-01
2.866560254960516252e-01 -1.278491070530168028e-01 -1.764382037230406153e-01
1.107149332782093321e-01 -1.050975813295226685e-01 -5.254226690287389784e-02
9.926524335024525247e-02 -1.137181968696902995e-01 -1.108246245457458340e-01
1.022125262239583221e-01 -1.327049488002521593e-01 -4.513271382395121767e-02
2.016866801345998939e-01 -9.603272981976027078e-02 -5.372350495904488349e-02
2.479013323974330607e-01 -1.562631608209886225e-01 -1.413476658728447244e-01
2.371858168518519994e-01 -2.207170236096698546e-01 -1.814013377255519754e-01
2.245206595264499227e-01 -9.798438185415471458e-02 -8.637406108825583517e-02
2.521545127699135747e-01 -1.264857252779792995e-01 -1.653872603543309616e-01
2.038679788073275434e-01 -8.165861419020527256e-02 -1.827231496588460347e-01
2.363471007902895882e-01 -9.093229168789210282e-02 -2.111447668737840844e-01
1.646725475493471258e-01 -1.019411449667752406e-01 -2.773168636143432120e-01
4.166373264781552677e-01 -1.585431637487217937e-01 9.731008764681947643e-02
4.320957974207980667e-01 -2.320702120066798213e-01 1.221379692730714533e-01
3.612108416584576820e-01 -2.239107282238024521e-01 1.654764866006810109e-01
3.898061713087380142e-01 -2.590595497163402094e-01 1.699437242906975953e-01
3.966755260951990159e-01 -2.087879553329298477e-01 2.210234130061662639e-01
4.247085248930985157e-01 -2.299477913560960818e-01 2.580058876703222315e-01
4.494267457892356377e-01 -3.063888883894405613e-02 2.572268196170774401e-01
2.207855549484568358e-01 -4.123061110223302239e-01 -2.443428069317266915e-01
2.231545447577654162e-01 -4.620922986665068621e-01 -2.450612220341644720e-01
1.165514637429069800e-01 -4.423073039873098300e-01 2.670923665787559506e-02
2.702571865319529643e-01 -4.252266274689626147e-01 8.072948972687218894e-02
3.696001896123158881e-01 -4.868188040377324222e-01 -7.300152457695244408e-03
3.035082494053181201e-01 -4.168850274992332849e-01 4.173403576912686208e-02
-1.633597682207487689e-01 -2.948920471823636702e-01 4.414034475426062976e-01
-2.294829680749258805e-01 -4.065795616050808525e-01 4.434571721879948525e-01
-7.792733681725093342e-02 -9.828663439702411964e-02 4.225547440007644262e-01
1.521576029971942294e-02 -1.528995615531166530e-01 4.434180565759703319e-01
9.378398731100111296e-02 2.012010146806990363e-02 4.207300599015352804e-01
1.010318108677077387e-01 -1.302178102969440143e-01 4.355989818658315693e-01
4.915974143126032592e-02 1.720786073084273893e-02 2.358499173568261720e-01
8.388250220930203171e-02 5.060349034819765918e-02 3.716809472311938256e-01
1.102615119466511945e-01 5.142025792849245353e-02 3.075410128245787966e-01
-4.686231032956804377e-02 -3.018792329567028809e-01 3.930188135780780523e-01
6.035047816012495403e-03 -3.269550778279337044e-01 3.921533991254807505e-01
-2.469580099421604322e-02 -2.849386523997245457e-01 4.210461988145158263e-01
1.292661244854291860e-03 -2.032001410337531955e-01 4.067779679427804274e-01
-1.028421925574116852e-01 -2.744106468344040262e-01 3.621930863222829200e-01
-1.188238389319732358e-01 -2.410376711975972530e-01 2.800690377949511256e-01
1.521552758315383169e-01 -2.047264070034577610e-01 3.656015967239441555e-01
1.121531660989136536e-01 -1.655503130225411401e-01 3.830723950575224412e-01
-8.293667268372817425e-02 -1.483389221067092090e-01 2.376561728422367792e-01
1.573656286506437407e-01 -3.531754542942086017e-01 1.807679421461667879e-01
1.003191169296173552e-01 -1.260810461818024919e-01 2.650843671720974348e-01
1.802361271412830090e-01 -1.649311426058656938e-01 3.165598376976446193e-01
1.326424370795004359e-01 -1.470652763311796341e-01 3.112306670941065723e-01
-8.724653823163749933e-02 -2.107890547233356726e-01 1.726435058537592049e-01
-1.024218086488299928e-01 -2.411984873916641348e-01 2.145973932564428366e-01
1.479182861785431902e-01 -2.426285242952242738e-01 1.241829154829166143e-01
1.694303687842735606e-01 -2.849993974555558029e-01 1.242383775319726713e-01
1.605845440574510397e-01 -2.510271970813623410e-01 1.116771768034035689e-01
1.912807043671797269e-01 -2.280673653842383575e-01 1.290724686493194273e-01
-3.513077271584723049e-01 -4.309047406877042352e-01 3.147757802102564839e-01
-3.068556164675504405e-01 -3.881385879591083277e-01 4.396510330545378431e-01
-3.646683892104118363e-01 -3.333251767992532200e-01 3.108984047931646066e-01
-3.390606940263004576e-01 -3.041077328980186789e-01 4.418843964900188714e-01
-3.743068173071888438e-01 -2.787564868727805956e-01 3.790905392274933061e-01
-4.259315238659764358e-01 -2.550339469982590979e-01 3.750566819228748905e-01
-4.570887313498234739e-01 -2.475274233366449861e-01 4.483478488222001901e-01
2.324051261872864260e-03 -4.732928187331685854e-01 1.027060192157967233e-01
-1.165920211147852131e-01 -4.864458868817816972e-01 1.049628613750368256e-01
-1.427294176066909726e-01 -4.036683429730087980e-01 -3.710256708432885242e-01
-1.431266690552579768e-01 -4.642036388910462663e-01 -3.985966464689814082e-01
-2.899820130762662540e-01 -2.796780258672548758e-01 -2.780318351000421462e-01
1.229262533736660418e-01 6.646454873217200188e-02 4.892568850036240757e-01
1.109757740063429254e-01 7.213307296586335404e-02 4.761439556977620779e-01
3.890134256794474110e-01 -3.714412538256681717e-01 3.961498503176016373e-01
3.923541051234021859e-01 -4.245104997496386146e-01 2.996420758339992108e-01
2.279171098312435806e-01 -3.199875738965076155e-01 4.555025043981970612e-01
2.901186500402014312e-01 -4.547195569840429274e-01 2.723590006863980673e-01
4.730223063310928233e-01 2.070129082846881019e-01 -1.788299339967018287e-01
4.670533572106015940e-01 1.515543486816086360e-01 -1.689835705063279236e-01
4.830586942730451527e-01 1.059135685698783802e-01 -2.680697302956485117e-01
4.743788225250314960e-01 8.678412049383250892e-02 -2.873110072696463679e-01
4.945043561072623994e-01 8.847336665687756396e-02 -2.761170838381702963e-01
4.736085054076341061e-01 8.334353722894784211e-02 -2.603313424405560572e-01
-9.862676718655669084e-02 -2.864278820167288631e-01 -4.492458403187086224e-01
-1.182039393163846625e-01 -3.095834924726175164e-01 -3.994924099248021165e-01
-2.786879984343684780e-01 -2.967993015321334638e-01 -3.321442986911389283e-01
-1.575185948464237207e-01 -3.958132393419193651e-01 -4.058064630823788876e-01
-2.413676260419917452e-01 -4.399786585529867899e-01 -4.740041508262759495e-01
-2.867393697772456229e-01 -4.308120247504887979e-01 -4.744727398800592799e-01
-1.835761784945326436e-01 -4.398013181816241568e-01 -4.353663350994073644e-01
-3.086526672272940641e-01 4.629554380333150698e-02 -2.791634469951064790e-01
-3.855614512279193495e-01 1.046698709310093511e-01 -3.487272733709381733e-01
-3.534864086463908595e-01 1.925671584734898745e-01 -4.217965157530704778e-01
-2.635111203118208900e-01 2.851085805237094095e-01 -4.359385140667578207e-01
-2.161265691688128432e-01 2.569367923340912241e-01 -4.588698510090091776e-01
9.122630337905790476e-02 -1.229643611130901842e-01 -3.782378750144088086e-01
1.242381175542149052e-01 -1.595015195243561223e-01 -3.052119704793758159e-01
1.080343742697089521e-01 -1.505613339772154669e-01 -3.854522551592658441e-01
1.257491277853083900e-01 -1.733272455060778650e-01 -3.521378807624437890e-01
1.337076684137100679e-01 -1.865236704893148967e-01 -3.449758751311980398e-01
1.216182844130288265e-01 -2.265550689547945196e-01 -3.178997166456928869e-01
1.356991381950478359e-01 -2.098333051508597946e-01 -2.749886343790479692e-01
9.284150488892937980e-02 -2.909338941521194544e-02 -3.225138952946129955e-01
5.704180568327259920e-02 -5.951862737654694396e-02 -3.743728112575296363e-01
-6.780614310737512890e-03 -3.835657040070530877e-02 -3.586591364756482880e-01
-5.297843205179019604e-02 -1.354440966118679590e-01 -1.709042005414448673e-01
-6.522509050266557529e-02 -1.283480478068503849e-01 -1.914300028122943309e-01
7.601136936376663711e-02 -1.082118201133808605e-01 -3.581192293964072793e-01
1.065690941206069442e-01 -8.345164029796364735e-02 -3.026725104582438930e-01
1.012449398018209074e-01 -1.271892040504299937e-01 -3.091628052219588252e-01
7.196482924889710531e-02 -8.634953159868548334e-02 -1.660390515465842431e-01
1.188392195360761933e-01 -9.225772283079530789e-02 -2.448467052247252085e-01
-2.237320672493969820e-02 -1.955393755549771906e-01 -1.971576830668206048e-01
-4.859630284610728934e-02 -1.441412620988560267e-01 -2.353350858088986419e-01
8.714841794198074573e-03 -8.549603506276365339e-02 -3.653369578672402973e-01
3.839603947771186299e-02 -1.102719887875422689e-01 -3.721545223074620434e-01
1.605604932951598673e-02 -1.275381048122834482e-01 -3.654109745682674326e-01
8.418129048976932816e-02 -1.011912630954270448e-01 -1.870684989562687861e-01
7.394464261528888027e-02 -1.550683309896586093e-01 -2.305132607580500093e-01
3.371883705984104473e-01 1.564493405729845965e-01 1.637514523810969513e-01
4.176964572886764926e-01 1.796480634079337113e-01 1.668842488663348222e-01
4.277875817860102292e-01 2.012594404385556479e-01 1.409534322460159472e-01
4.705247084132184732e-01 -1.513095245768336823e-02 2.207559759504502950e-01
3.513682018268398100e-01 1.930673928416625218e-01 1.580441318939150019e-01
3.504745719867716769e-01 1.882841239356129182e-01 1.284661729718564738e-01
3.216783883838205127e-01 7.036072668262767504e-02 1.832387809608798657e-02
3.607054670883136915e-01 1.066419234684368583e-01 -4.000024714449748608e-02
4.587709339744984183e-01 -9.270965129871627797e-02 9.329912505970422432e-02
3.883545957100080215e-01 -4.524596803256741157e-02 5.692288841341545252e-03
4.377264918204876731e-01 -7.365273833967721229e-02 4.395475502549028857e-02
4.646027589582468198e-01 -9.073340235586054014e-02 -6.928589237194523326e-03
4.436111896144379063e-01 -6.620541618841856157e-02 -4.381903201371210171e-02
3.893098556976158919e-01 -4.971896307676122728e-02 -3.216916569093982575e-02
4.353142838763383038e-01 -1.361634315221338376e-02 -6.904665725623654327e-02
4.164704718658870930e-01 1.103262874571074720e-01 -7.257021265798571652e-02
3.776884870357347102e-01 1.153711328396103131e-01 -6.502440271734187538e-02
1.473160705358450562e-02 2.592564889695508357e-01 -1.033328764935586841e-01
5.442258822641542204e-02 2.667553437841080344e-01 -6.060280970469153483e-02
2.267358169324304451e-02 2.647102855868228577e-01 -3.773004600538766573e-02
-3.101197544142995227e-02 3.479450641184026471e-01 -1.122666494067062343e-01
5.145006167388354451e-02 4.137286997259443377e-01 -1.169341959534410669e-01
2.950776619729344671e-02 4.664600959721773576e-01 -1.229335414735020643e-01
1.024225655162175480e-01 3.944716370003410466e-01 -7.436819371977117232e-02
9.722644418452572324e-02 4.238244734777538159e-01 -2.692413826942505889e-02
-1.650607527583834999e-01 3.365182062597890655e-01 4.274057171107798619e-02
1.052522598728316550e-01 3.563214046739008323e-01 -6.239525509353868044e-02
1.005328363435729067e-01 3.755142109613280321e-01 -2.951398058152870929e-02
9.130334127531244959e-02 3.329039960812339993e-01 -5.311102580285296387e-02
8.092007683305821319e-02 4.744980742840388954e-01 -1.875810454835543685e-03
-4.277579847454942574e-01 1.039857028405441475e-01 -6.963185323686235662e-02
-4.172516732077931612e-01 1.489970204028717160e-01 -6.282668987788224413e-02
-4.529571749961127103e-01 1.748972181893022615e-01 9.004222019136050303e-02
-3.416378736077676503e-01 3.086964060994780157e-01 1.056725062448549968e-01
-3.849613739284926672e-01 1.184802899513278940e-01 1.700641055164054671e-01
-3.495659823841167912e-01 7.568235485029213561e-02 1.186457241033184867e-01
-3.394983035698947993e-01 2.172989036451754841e-01 -1.228786669757451488e-01
-2.754905607124133460e-01 2.437967609087746679e-01 1.786685694005317737e-01
-1.736773980468316048e-01 2.422576303826887156e-01 7.105627065104432039e-02
-1.759780304423275155e-01 2.294625425878487057e-01 1.387888451760374009e-01
-1.679461735177747717e-01 2.000545026396768900e-01 8.314887653044908400e-02
-1.193336790945893344e-01 1.178996433887815609e-01 2.978128330634506882e-01
-2.623005642751184974e-01 1.381616834061984711e-01 1.763240499044859411e-01
-2.647261352226535358e-01 9.475492727246670466e-02 1.354468371089214140e-01
-1.262745404148826189e-01 2.034334222359991673e-01 1.507750304929609264e-01
-1.864092833466011179e-01 1.871576347419432185e-01 1.355462757548633879e-01
-1.728057318782715568e-01 1.214865903043047535e-01 8.134027407891859796e-02
-7.695410073863304112e-02 8.011396920338567651e-02 2.957202624694670323e-01
-3.883084521527390906e-03 6.059352757504958553e-02 1.345626847027122652e-01
-8.482636870310239496e-02 1.729797403803000344e-01 1.147370875529178935e-01
-1.533191559456871245e-01 1.712746451841509476e-01 1.033567244768738014e-01
-1.232714041260303713e-02 4.361409005254138910e-02 8.950804478660250030e-02
-1.056244452434523251e-01 7.369840216957763979e-02 4.878089831340304966e-02
2.672420420629456617e-03 2.136617728730125232e-03 2.254269697492387869e-01
-3.441960243557902477e-02 1.910835089931588182e-02 2.686216092852490300e-01
-1.349705418983495331e-01 -1.013155032990647186e-01 1.208423764597818528e-01
-5.046374647110344475e-02 -8.056822904173957869e-03 7.232543344869817037e-02
-1.084942749387947242e-01 -9.708285721871623419e-02 2.363838166404726993e-01
-3.065083029916245150e-01 3.538471071099828502e-01 3.255773134896052801e-01
-3.809118938935884269e-01 3.864080256560364357e-01 3.637549579975608571e-01
-2.295832795896910195e-01 1.403108681213887377e-01 4.604027688872372459e-01
-2.147419647391718145e-01 1.858811503433438206e-01 4.712620271738834909e-01
-4.063002466132903945e-01 -1.658820680691160676e-01 -1.064961619298680495e-01
-3.628169853844223081e-01 -1.244286016628275010e-01 -1.719730096175288436e-01
-3.087102231847143607e-01 -1.214924914710129172e-01 -1.932495258104866553e-01
-4.132300392775596909e-01 2.842321356863601878e-01 -1.764708194500749783e-01
-3.803511228878646566e-01 3.748729120239025492e-01 -1.064151143927059978e-01
-4.391586236079642602e-01 2.650468520251585414e-01 -1.820386084867328946e-01
-3.147239483929330506e-01 4.144995298144255047e-01 -2.775064351572722465e-01
-2.983674639102670834e-01 4.644733088721778591e-01 -2.051495530958768188e-01
-4.870708589552290579e-01 2.224253790400726183e-01 -2.509615102010832599e-01
-4.717214862974809519e-01 2.601949571268413752e-01 -2.320777613011245077e-01
-4.762028718468835353e-01 2.402282722892490618e-01 -1.678319517193591903e-01
-4.656070179164983336e-01 2.695055231237672433e-01 -1.941733499551125952e-01
-4.757562644153368048e-01 3.064549844005364232e-01 -1.525594814116874032e-01
-4.846448294258610123e-01 4.255428565290015896e-01 1.423805289254190809e-01
-4.454944444337701759e-01 4.200755178163274595e-01 1.243849776433476606e-01
-4.579472271407695749e-01 4.609122504379162266e-01 1.030103967621630451e-01
-4.554624663926944428e-01 3.752422048647449104e-01 7.709150620464350068e-02
-4.869856720561908658e-01 2.862946841396746267e-01 9.412434915586166684e-02
-4.334372705581436280e-01 3.824732307697051858e-01 -7.946569290783787876e-02
-4.714829791425269034e-01 3.441956527279637079e-01 -1.013592505285415141e-01
-1.579119473974074650e-01 -7.459167703136129757e-02 4.326275580055560788e-01
-2.219382228459031436e-01 -1.121061591509159849e-01 4.632100226463494730e-01
-1.991401054241035418e-01 -7.898701240471370233e-02 2.226024644226192728e-01
-2.852909207624950150e-01 -2.301660929999406746e-01 4.039169481448577903e-01
-1.777655462282622945e-01 -2.350842629522475191e-01 4.221044130013416051e-01
-2.264084266095817977e-01 -1.797660210747908105e-01 4.449625233891433274e-01
-3.275272746551356473e-01 -1.915174977521356403e-01 3.632304727878060691e-01
-3.494412126774819605e-01 -1.492986915479095067e-01 3.272570724502448791e-01
-1.371058337546487427e-01 -1.102086567526177341e-01 2.612837351270189123e-01
-1.253364133310045370e-01 -1.550275236659185985e-01 2.747763041718436217e-01
-9.619777090992383262e-02 -1.916086129542452499e-01 3.527594027917779207e-01
-1.271742778753607306e-01 -9.241903115089568355e-02 3.976211356482696746e-01
-1.092080436762868784e-01 -1.001899426190003273e-01 3.859827074615249654e-01
-1.292507978886297815e-01 -2.047999333751287787e-01 2.928525285329127148e-01
-1.203183708358606802e-01 -2.325101034573166803e-01 3.527699730769813247e-01
-2.988128805522609621e-01 -2.076701519903348392e-01 2.905395439603581376e-01
-3.196248824374812725e-01 -1.355364614027914916e-01 2.666882254645771000e-01
-1.482074720323010020e-01 -3.515172204820966873e-02 3.180560793792031604e-01
-1.223468183082583177e-01 -6.196657180348728866e-02 3.053293474129818996e-01
-1.004205711156527792e-01 -8.360270751802308109e-02 -3.545384058021329443e-02
-1.182542266658960922e-01 2.444111352021932290e-02 -2.079558935335694414e-02
-1.059796288372209239e-01 -1.155728203005743256e-02 -7.808232263511385995e-02
-1.373517555900228837e-01 2.868918402808370675e-03 1.900821949214191037e-02
-1.108413778314430720e-01 -2.979446999283861391e-02 4.670923731934207429e-02
-1.891814073051461820e-01 3.404843229157630824e-02 -5.581165521112207983e-02
-1.360422601586248059e-01 -5.291217251120054754e-02 -1.237082843531343984e-01
1.396657986869366541e-01 -2.363810604387149572e-01 -1.549204844090846245e-01
7.911512036509453505e-02 -2.520056088495494229e-01 -7.669600261752834713e-02
1.997032974141489114e-01 -2.467886305244016143e-01 -1.769622502161638244e-01
9.509655502203848143e-02 -2.824543328775454554e-01 -1.849816388248926372e-02
2.120075528051025004e-01 -3.831250206825393967e-01 -2.020321664753048085e-01
1.510392199568011962e-01 -2.454490411831957430e-01 -2.274570008526287657e-01
1.196153580288916440e-01 -2.104362951174746643e-01 -2.019666898643459885e-01
1.004656350888531446e-01 -3.409697162639963586e-01 -1.089888668149565157e-02
2.601099116419453572e-01 -3.071108726956873203e-01 -1.253201562964667559e-01
2.709698378940024188e-01 -3.835818985190002639e-01 -1.653909652222042559e-01
2.525112980441813204e-01 -3.492999677765875055e-01 -9.671921655575235754e-02
1.246319467316932134e-01 -3.634092209910716464e-01 7.923200537532454346e-03
1.042356800886024282e-01 -4.042605075575589901e-01 1.302974000636353269e-02
1.641859626212327505e-01 -3.757230284592903979e-01 -2.640596942735471964e-01
1.015451601661949699e-01 -4.171499753231535657e-01 -2.742075153213427430e-01
1.184930162781350493e-01 -3.088906406202772681e-01 -2.984469485475855777e-01
1.120780516100433333e-01 -2.769206914549426357e-01 -2.877543770717534977e-01
8.958418035780639499e-02 -3.480380404928395399e-01 -3.097804777152778355e-01
7.103947527482659674e-02 -3.279671487558263876e-01 -2.766724341576596302e-01
4.849488933740093988e-02 -4.548136005151864336e-01 2.106279109873275546e-02
8.924236412675159991e-03 -4.731405871270408237e-01 5.814063557522484299e-02
-1.459815971852823635e-01 -4.874032280860491895e-01 6.290634760513380552e-02
-1.083517355291803153e-01 -4.887194129302825929e-01 9.616723956302641874e-02
-8.659953710258000426e-02 -4.698352741112314934e-01 5.140182731465181565e-02
-1.065422583527869255e-01 -4.763984133228503226e-01 8.190279027825160540e-02
-3.919804069987039424e-02 -4.779673422697260365e-01 6.556995881367394530e-02
-4.260916524622517798e-01 -4.719939139888237323e-01 -3.810489535950449258e-01
-4.011291904631438809e-01 -3.123172032620917249e-01 -2.434828376585991272e-01
-3.332828269179942682e-01 -3.233849696245950089e-01 -2.445799982377871440e-01
-3.818214033636961879e-01 -3.727680928398369176e-01 -3.309124328370792734e-01
-4.109149210293256416e-01 -1.879451942139533649e-01 -1.379347603171826309e-01
-4.265564227429590183e-01 -2.946676147663573331e-01 -1.581424377013076754e-01
-4.313377558012935764e-01 -2.911011386511560550e-01 -2.126998656066798610e-01
-4.515460932158036900e-01 -1.838486568400928001e-01 -8.292571442486340594e-02
-4.762456823993618804e-01 -1.636582838134323092e-01 -6.015917129193244783e-02
-4.872841101502425887e-01 -1.998136024925873111e-01 -6.276081033111330365e-02
-4.185022780998202130e-01 -2.779372987608803025e-01 -2.327466054701486931e-01
-4.186463690445196839e-01 -1.569233928434652092e-01 -1.976706477408725349e-01
-4.295157152236026010e-01 -1.722094003755776648e-01 -2.508278646638743559e-01
-3.814791212878401727e-01 -3.163156261107378242e-01 -4.726944844107725530e-01
-4.159507945870792867e-01 -3.976890055113219691e-01 -4.071063336068979632e-01
-4.346736865959707208e-01 -4.610983260772157366e-01 -4.277380494657351262e-01
-3.503913976462971203e-01 -3.689776398403528668e-01 -4.407616655759450941e-01
-3.167130778863523899e-01 -4.280837242618147909e-01 -4.717152758112364563e-01
-3.131494038259405310e-01 -4.578138096695391068e-01 -4.729795149951174227e-01
3.880604812842435858e-01 2.542214350786795585e-01 4.625644792562512153e-01
4.939701437221294955e-01 2.254322073793393888e-01 3.923632512440957121e-01
4.481649859346349407e-01 2.592654938079855809e-01 4.114575615621713922e-01
4.778042643427204417e-01 2.545310306128352740e-01 4.145690087341966090e-01
-2.385211831635200563e-02 -4.817219243417880103e-01 3.830666247368193500e-01
1.908768167771070223e-01 -3.657273066886971846e-01 4.927931697852112602e-01
-1.870806348200379152e-03 -4.257160018968585979e-01 3.813246904081254995e-01
3.811864721268645034e-02 -3.607168684567624295e-01 4.013183257754719402e-01
1.167703466003252866e-01 -4.446726442917785516e-01 2.923824685547002922e-01
1.728163717493359508e-01 -4.447141809614947316e-01 3.219993450772039578e-01
9.419999914595876545e-02 -4.097923792892752548e-01 3.307799763179003483e-01
1.674426275650031937e-01 -3.480066762366749167e-01 4.207855125927063011e-01
1.062596916281898368e-01 -3.602872112954986772e-01 3.533608646969990663e-01
5.093199115377860381e-02 -3.389173280733061011e-01 3.861668696184858973e-01
1.108003989118631766e-01 -3.376086746795459170e-01 3.829042538381848271e-01
-2.209931029128716640e-01 -1.259005194170097763e-01 -4.683931163745634896e-01
-2.226956958378311369e-01 -1.572831479322322756e-01 -4.535010847413398771e-01
-2.562674663603439207e-01 -2.172213264308560932e-01 -3.544250594674456245e-01
-2.838990804711013505e-01 -1.964379576833882868e-01 -4.038026527187829617e-01
-2.800390220687520859e-01 -1.840105607064482784e-01 -2.982578789358540372e-01
-3.012924609315051350e-01 2.169316185028896671e-02 -2.850823715453855156e-01
-3.863125652447971792e-01 6.424571881680257723e-02 -4.052523976242426995e-01
-3.569615608134475981e-01 -1.396449545939794090e-01 -2.860631724688094679e-01
-2.984138764199533167e-01 -1.028593456418614160e-01 -2.486069430965867910e-01
-4.208728993989365175e-01 1.699541628825372575e-02 -4.162580254434016247e-01
-4.557531623769000562e-01 -1.361036173269158100e-01 -2.855389810125589234e-01
-4.095255377169277344e-01 -1.385361925987602938e-01 -4.024721878723053758e-01
-4.054251498991441327e-01 -1.155567860624047150e-01 -3.297686256109169101e-01
-4.301972188101393368e-01 -8.695200336697340993e-02 -4.426467145256582914e-01
-4.404288122402407746e-01 -2.415035241851673509e-02 -3.966495442958443141e-01
-4.619132715352142760e-01 2.822217812036861145e-02 -3.765853988075333336e-01
4.620924429948298356e-02 8.037711304176416161e-02 -2.392561098367299577e-01
4.522093348286708447e-02 2.223218938997137406e-02 -2.536848469397647854e-01
-2.867607312150167315e-02 -4.642090495092423413e-03 -1.047726392584505534e-01
-2.574144780472752830e-02 -6.144582131057015062e-02 -8.773338687507609146e-02
-6.595401722942316469e-02 -3.277135646111522388e-02 -1.147060237405931327e-01
-1.565850368359441788e-02 -1.042298328893998538e-01 -1.285273185475619140e-01
2.155695748339692477e-02 -9.484640032050399572e-02 -1.746228956198753735e-01
-2.708185024081305459e-02 -1.069761159039138015e-01 -1.775722151991363240e-01
1.148621672855509521e-02 3.919793146611077334e-02 -1.073732370216410326e-01
-7.686240564083771445e-03 9.317959892139816847e-02 -1.610919206309554264e-01
7.840415398016091497e-02 1.119795447318321785e-01 -1.701221280216518306e-01
5.697214491277575316e-02 -5.083285458706920945e-02 -1.771515413873268330e-01
6.860779269215681875e-02 5.248171503984782119e-03 -1.900059608495388852e-01
6.836502565997142067e-02 3.019911670646096419e-02 -1.079494524084094187e-01
9.468085515383212192e-02 6.299671039308800402e-02 -1.429143702576022856e-01
-1.724476282431502416e-01 3.826343311096554456e-01 -1.291955522198457162e-01
-1.582201308126292560e-01 3.982049531750483373e-01 -8.496874970679837991e-02
-2.168181269782854803e-01 4.654609264499114385e-01 -1.650343347297164864e-01
-1.505724612678437935e-01 4.747976226784073606e-01 -1.055079633970455871e-01
-1.745784841174619073e-01 3.678239218992547244e-01 1.499248576548565214e-02
-3.392351845720474324e-01 3.622667734198973810e-01 -8.607555290107425650e-02
-3.436631731087860242e-01 3.666724870547518056e-01 2.391093793205716425e-02
-3.034513221550085849e-01 2.962001570830506969e-01 -8.227119978196235917e-02
-2.486016893424314866e-01 2.787547045866333728e-01 -7.482221377093457859e-02
-3.178058732126776142e-01 3.227681805045949370e-01 4.759820951236279352e-02
-2.342201562102861900e-01 3.030722477763189149e-01 2.079960126183288960e-02
-3.049113942867535121e-01 4.516698667112573062e-01 -1.507916452661891837e-01
-3.225615535662209044e-01 4.256854755344178232e-01 -1.033133500962370444e-01
-3.337832372209694198e-01 4.600879489583626358e-01 -1.106846906909841749e-01
-3.959200979067635240e-01 1.114973326197661735e-01 -6.352134574131017286e-02
-4.234300968227033835e-01 8.463781121327849932e-02 -5.270570082618974972e-02
-3.583275440906462661e-01 6.343102882923185026e-02 3.041853439297814710e-02
-3.108815053292910413e-01 1.798446979287243036e-02 -2.051974161608475788e-01
-4.199538002504561995e-01 -2.592481820144654919e-02 -5.589280209995094520e-03
-3.858632696336797840e-01 -1.152715368993344376e-02 3.722711074496398709e-02
-3.487190194474174554e-01 -8.129972037373338345e-02 -1.683095775093016999e-01
-2.999779053596083878e-01 -4.904262279808004055e-02 -1.663909582502215712e-01
-3.834186901112612844e-01 -8.242360297949488657e-02 -2.533499036614855066e-02
-2.437895357416679509e-01 2.443928220673529661e-01 -8.042306916852187681e-02
-3.051677448697551753e-01 1.831086628455122767e-01 -1.179323691202971980e-01
-1.828710372868045941e-01 2.591601215581448847e-01 -1.825607418605947885e-01
-1.168812889040990455e-01 2.435031660008572241e-01 -1.705456526020749930e-01
-1.798565876696149590e-01 1.848571378926045505e-01 1.450467017003153648e-02
-1.772993720040234866e-01 1.375900418616470278e-01 1.472475218417631550e-02
-2.703401647376283412e-01 1.216117431572420193e-01 -5.926537915887796631e-02
-3.061854184479736452e-01 1.283426739208795020e-01 -9.512541583398069489e-02
-2.420435921442891380e-01 2.003320887721578847e-01 -2.528035167210710421e-01
-2.511641229523208785e-01 1.708576752810563870e-01 -2.349603822977310297e-01
-1.858373497186314172e-01 1.653824035728418962e-01 -2.781178285083618640e-01
-6.060529708335969656e-02 1.143414356891376549e-01 -1.420072362210808292e-01
-5.739127065192217714e-02 1.928190814131393316e-01 -1.270278156617979382e-01
-1.492943871415743085e-01 6.212848381786763297e-02 -2.110207279923783097e-01
-1.477445397770043023e-01 7.580654698119468349e-02 -4.029831177168821665e-02
-1.710578067435774008e-01 6.026636392015782828e-02 -9.310550204776883720e-02
-2.486425590159045962e-01 7.939892171888623951e-02 -9.577522057854284676e-02
-2.609018516206270677e-01 1.003126094572796972e-01 -1.386179316074211687e-01
-1.984995499501605032e-01 1.026574660228065095e-01 -2.537467967354983256e-01
-2.473849549315703944e-01 1.134096577151849916e-01 -2.258096775393331201e-01
-3.292866076700863287e-01 -5.400706426642615937e-02 1.704641239934279184e-02
-2.970421242944329965e-01 -7.073374518257423416e-02 1.234292117947462797e-01
-3.162406070667320157e-01 -5.535998854230107097e-02 9.259510947316215712e-02
-1.684810917542097775e-01 -1.418572069627779542e-01 5.625913279839622749e-02
-1.780058578074180109e-01 -3.552141745821271041e-02 3.924307728673419315e-02
-2.375141061713755275e-01 -6.810178943577530064e-02 1.197599391285282533e-01
-2.392534217857049395e-01 -4.570187331552968274e-02 1.040341127369675128e-01
-2.177018793994250079e-01 -2.893111014726250374e-02 -5.119953598000972356e-02
-2.404900987994507411e-01 -8.252821076810109083e-03 -8.037449415939436348e-02
-2.178531403476146877e-01 -7.812277448158902460e-02 -8.537428467516447461e-02
-2.669282110573719113e-01 -5.566891623033755343e-02 -1.055334049860392892e-01
-1.641452881325377866e-01 -1.014122805275886746e-01 8.453767257425716386e-02
-1.685159362864395161e-01 -9.252882173134888144e-02 4.907262692444631230e-02
-4.826610034605260391e-01 4.630284116717101606e-01 -3.341151201490644151e-01
-3.499920689081749137e-01 4.730439586682594344e-01 -4.664794191832157266e-01
-3.694658714522300325e-01 4.489938748119857159e-01 -4.282170277211668763e-01
-4.275872973330098192e-01 4.634652018831320053e-01 -3.613638946234615235e-01
-4.551634805929453131e-01 4.802068773677853897e-01 -3.530897092621793631e-01
-3.557223438094677115e-01 3.694541345615823813e-01 -4.684201504579773578e-01
-4.418166030887820117e-01 2.744058814111731137e-01 -4.574231488515830835e-01
-2.397951453284762058e-01 1.293564590214035248e-01 4.373335047853340041e-01
-2.087397157291277783e-01 9.360288442655595453e-02 4.238466732967418604e-01
-1.937890791953826020e-01 1.211220082038858351e-02 3.882785752761780951e-01
-3.560508051085478076e-01 -1.056390255872730888e-01 3.770516417876849102e-01
-2.847023432773131413e-01 -5.760923314935398332e-02 4.451248977389382078e-01
-3.506994584471962439e-01 1.699891916685764004e-01 3.014900333101531160e-01
-1.727292603523102321e-01 7.686809202248649775e-02 2.979219740523987858e-01
-2.239194444590612842e-01 8.479462802368376018e-02 2.517999639884327401e-01
-1.663848456358568706e-01 3.019144133974902000e-04 3.138021670860576817e-01
-1.949607010005800223e-01 -6.331997564326638170e-03 2.896607846540748543e-01
-3.121412396925082322e-01 1.631930446724632888e-01 2.124898492004203554e-01
-2.699209935890002354e-01 1.378674208483265384e-01 2.145451896895534671e-01
-3.495359058188502455e-01 1.416534378030231411e-01 1.925521088028705752e-01
-4.287505766453826861e-01 1.335824385968222283e-01 3.278640607994024458e-01
-4.239380488961694282e-01 1.095330552348195430e-01 3.892477539443749968e-01
-3.511870329681529568e-01 8.652787010694439063e-02 4.664101749877955783e-01
-2.829885843563921810e-01 9.605546444668786044e-02 4.568577231420589135e-01
-3.403318680733842805e-01 5.745365421952350338e-03 4.742385392211735939e-01
-4.486898165544151995e-01 1.020321407496197347e-01 2.571660831283261173e-01
-3.863185398346700161e-01 1.222240682343933710e-01 2.184056287852922384e-01
-4.639014891522713624e-01 4.643833080951192960e-02 2.636879470968843120e-01
-4.405861787937835894e-01 6.027263110011028130e-02 4.115614156326792283e-01
-3.583837193977085778e-01 4.482217030673752572e-02 4.816938016227234609e-01
-3.391399479641906134e-01 4.173449894881530592e-02 4.619866498988950965e-01
-3.917012442537112782e-01 3.319352235433709053e-02 4.680463931830722291e-01
-3.855877496121574710e-01 -4.237156785162488580e-03 4.614088355024820731e-01
-4.243709997844420378e-01 -3.344166661838954974e-02 4.269974776472981737e-01
-3.945103045260931474e-01 -6.763843703487812387e-02 3.607627980025892023e-01
-4.529812198630239206e-01 1.710147100884877938e-02 3.926361722655204445e-01
-4.579171323905566471e-01 -6.839450795197471629e-03 3.169425322241006260e-01
-4.276637784705268341e-01 -4.367950208858500938e-02 3.042486857444146597e-01
-4.456001012122676186e-01 1.502586064053289608e-02 2.761176007532720189e-01
-1.175881236259067736e-01 4.594040791142550706e-01 4.395662756129961601e-01
-1.370278111001647092e-01 3.786392295763595928e-01 4.086465811112210411e-01
-1.329694534673677431e-01 3.177024095965070849e-01 4.428558662855818784e-01
-2.496326035449870917e-01 3.387033631297004521e-01 4.292629506119874372e-01
-1.939118017557414642e-01 2.894819044190641844e-01 4.568263241847121403e-01
-3.405162787237173139e-01 3.957738108090734785e-01 4.524339190895427243e-01
-3.565524788523802835e-01 4.723423971797819920e-01 4.666521298795798245e-01
-1.549452526670997698e-01 -9.784872171223389647e-02 -1.324100215828819260e-01
-2.305488206699702058e-01 -1.111696410599922885e-01 -1.117386365122760156e-01
-1.217196530975159507e-01 -1.247708886521460975e-01 -5.400358624817627740e-02
-2.514694563766861624e-01 -1.322567094807508281e-01 -1.382195027006780097e-01
-8.549644121784422124e-02 -1.521851246847057415e-01 -1.303494778908690088e-01
-7.134528995153853470e-02 -1.473207482025084281e-01 -7.625570868106618105e-02
-2.158571568881952341e-01 -2.332223429598995201e-01 -1.172331912274609395e-01
-1.574503493008876376e-01 -2.428505823168983502e-01 -5.299848797811199802e-02
-2.144091452962632038e-01 -1.095757834804274300e-01 -6.437216056469420578e-02
-1.097084742698682253e-01 -2.464451834561673382e-01 -5.562792644810201498e-02
-1.094542542694134507e-01 -1.894130941000492230e-01 -3.690474604317838664e-02
-1.590904481830691108e-01 -1.912741957595126552e-01 -6.102698479939655009e-03
-1.804739704076655238e-01 -1.239323778308078217e-01 1.329599884766077648e-02
5.120775165967214951e-03 -3.639566836950203776e-01 -6.583531723215088616e-02
5.698773594183480923e-03 -3.596127961202019163e-01 -3.098728039271755191e-02
2.081316149087382439e-02 -4.017891753545915212e-01 -4.259456565503746267e-02
-7.392925078593567956e-02 -3.129516433856084356e-01 -9.676241231975442336e-02
6.197026508896498476e-02 -3.946288371765178660e-01 -2.365737873695640814e-01
6.227963412772696654e-03 -4.563610965393961050e-01 -3.121208513487256850e-02
-3.710234351386167834e-02 -2.969908626587273170e-01 -1.403133901254605687e-01
7.772483151858231021e-03 -3.163689534858485919e-01 -1.401245352375234954e-01
-2.595255188111410261e-02 -2.844473318622036118e-01 -1.991815336033151140e-01
1.581776948862518434e-02 -3.233156163159255914e-01 -1.972461721232647569e-01
4.449153551234878712e-02 -3.576508756671983313e-01 -2.489221000177533061e-01
-6.629592986758256479e-02 -2.810154390588393003e-01 -2.382610184013433940e-01
-1.397824277920649838e-01 -4.164776377790679884e-01 -3.025573378880285769e-01
-1.348802636008195333e-01 -4.797588502080226136e-01 -2.748910651226126323e-01
-4.967465199055393077e-02 -3.538528764145952854e-01 -3.101013848592249489e-01
4.044612510649888207e-03 -3.372487728514725891e-01 -2.899563028820836275e-01
-4.599656223823675449e-02 -2.903841568497901315e-01 -2.779730121702393419e-01
-4.829082050997994813e-01 -4.343346401158043046e-01 -4.994610943723202384e-02
-4.554272343422924307e-01 -4.154123419031960918e-01 -9.731281159896780497e-02
-3.859323517039547902e-01 -4.153482084825432796e-01 -9.891553829691709931e-02
-3.524324372346107070e-01 -3.441481250444262119e-01 -1.582574644441285261e-01
-3.160097233929179961e-01 -3.689249534144682929e-01 -2.109508285388441151e-01
-3.263916055945430550e-01 -3.228885110981213891e-01 -8.654284367058402705e-02
-2.401635319583165784e-01 -3.589535842337784333e-01 -2.132819687386707797e-01
-3.123129210189257710e-01 -3.528403183190071957e-01 4.857541562278254454e-02
-1.876832959433986092e-01 -4.054905082859971976e-01 -2.178988764458722749e-01
-2.118605084558429219e-01 -2.904944945129673273e-01 -1.227993312726708419e-01
-2.146933112873085636e-01 -3.186534119476685523e-01 -1.800607702922777942e-01
-1.995265305012675627e-01 -4.769644859538615389e-01 4.658619644685534772e-02
-2.870672079079320538e-01 -4.596049447503678942e-01 6.297180795455112334e-02
-2.767599365411775314e-01 -4.642835146216302000e-01 3.612386434280943914e-02
-3.128798392182201571e-01 -4.008077443878016455e-01 5.985360059728942611e-02
-3.103300826020769509e-01 -4.358124755246071125e-01 6.239734409257406689e-02
-3.384686393296555962e-01 -4.213921327289379959e-01 3.876682495357337832e-02
-1.846160081791589636e-01 -4.618425249591456283e-01 -2.029549880848429966e-01
-1.414957360565240740e-01 -3.476880727639394264e-01 -1.738737190875276062e-01
-1.644318869246270964e-01 -3.116071050256553066e-01 1.025014749487612557e-02
-1.517421748212695043e-01 -4.816604967763269407e-01 1.951529495620457633e-02
-9.799827322056053891e-02 -4.744213962610561719e-01 -9.660094172765167075e-02
-1.618419199687156362e-01 -3.169898399216476981e-01 -6.636525980770011102e-02
-1.108095626972640524e-01 -3.450058328208441827e-01 -7.850711631477390318e-02
-1.059158783476614601e-01 -3.580088852557807289e-01 -1.712029431133875457e-02
-8.241994168910814211e-02 -3.570480643105696239e-01 -3.974415038056460653e-02
-9.489493930660582166e-02 -4.412735659858769699e-01 1.142594916713738501e-02
-7.233180821167456420e-02 -4.455134654811242489e-01 -4.054311158470060711e-02
-4.638268093866745323e-01 -3.383281782119771930e-01 -4.296519047518889689e-01
-4.330051245496124857e-01 -2.729862901364700778e-01 -4.630232586093823155e-01
-4.518358253379659573e-01 -1.707630907657650132e-01 -4.289131092455498173e-01
-1.975836714331852539e-01 -1.951003376635652153e-01 -3.693750986639090517e-01
-1.329666729185195739e-01 -2.375825947567374308e-01 -3.803041020410623529e-01
-2.375660204776856022e-01 -1.807400254056039102e-01 -3.157902821696264017e-01
-1.896472236368284270e-01 -1.650837184848795436e-01 -4.212804566182321575e-01
-9.289860179037104371e-02 -2.312657713297682771e-01 -3.012937473104973507e-01
-3.716377284061790631e-02 -1.559403924613102788e-01 -3.321562972836169525e-01
-1.289036536021824775e-01 -2.318154717329625747e-01 -4.197921171298178988e-01
-1.876687413285572092e-01 -1.161209415130980555e-01 -4.326193986803458236e-01
-1.127804037766440004e-01 -2.242679647428338086e-01 -2.675237186330935435e-01
-6.443686929544598097e-02 -1.604058320183712749e-01 -2.785570511839645658e-01
-6.930447658064191330e-02 -1.526466736907995669e-01 -4.339352295808734383e-01
-2.291120916976001690e-02 -1.043590022617053997e-01 -3.726556501215939066e-01
-1.114997553185477913e-01 -9.956900043178643078e-02 -4.505357388407519870e-01
-9.185977870263373202e-02 -3.452061922884669398e-02 -4.328459002084110718e-01
-5.590760141832019914e-02 -5.607917782268798806e-02 -3.761595856875324939e-01
-4.508794545305044310e-01 -1.103066868471773432e-01 -1.945075680833691090e-01
-4.703163886093680301e-01 -1.032601082839056106e-01 -2.511029726879749346e-01
-3.848140982956470557e-01 2.891861094947612010e-02 -1.346128389435612971e-01
-3.828296478733334007e-01 -2.299754953675841457e-02 -1.606766543213258847e-01
-3.757274854010844156e-01 2.123641436322364767e-02 -1.832854189908307840e-01
-4.478886093010471248e-01 8.521091633826630152e-02 -6.853972310891061348e-02
-4.843351509460230297e-01 1.181042303157967405e-01 -7.886735678937104033e-02
-3.653905983605151286e-01 -2.239085590115115210e-01 -1.837708702218203427e-02
-2.937826575884530111e-01 -1.543781079437860082e-01 7.655504641023952450e-02
-2.072476752274809431e-01 -1.469784632902348953e-01 5.454849476347863740e-02
-2.770130421081295480e-01 -1.201352855001280306e-01 6.419801816685845319e-02
-2.242075699947464751e-01 -1.495822804337900991e-01 -4.089552853771446367e-02
-3.583263213174561201e-01 -1.043172618528572099e-01 -2.705030160463498673e-02
-3.230345317546968742e-01 -8.960269485028411751e-02 1.338152407175130509e-02
-3.382531193686940663e-01 -7.319540906466860675e-02 -3.948314785367560559e-02
-3.420024889620205677e-01 -2.270412862702025636e-01 -7.271870277571919339e-02
-3.978093474326260814e-01 -2.141433898352844145e-01 -7.922992695219688297e-02
-3.885871392556708992e-01 -1.802880713309711613e-01 -7.769611702738848935e-02
-2.552724853124073712e-01 -2.106290387952600984e-01 -8.592768915462624391e-02
-2.605748535555439394e-01 -1.685626269498084195e-01 -9.304449665176700579e-02
-1.774146232404200108e-01 -1.478003018101584909e-01 3.977840013222846277e-02
-1.744416537754637231e-01 -1.680919788560162331e-01 1.857099984124974817e-02
-1.870985740704925182e-01 -1.620917044532134976e-01 2.559866501145097173e-02
-4.762899720538463222e-01 -4.669467746723101054e-01 -1.204429637262858649e-01
-3.798061969362053758e-01 -4.569262865724273981e-01 -1.413197229439068781e-01
-3.408775359430566976e-01 -4.536979683383258188e-01 -1.967456934057551232e-01
-2.410306153808588758e-01 -9.614656447888816904e-02 -2.677422603830781345e-01
-2.168798523245481502e-01 -1.210501654055855247e-01 -3.028792168805565233e-01
-1.869656244577361237e-01 -5.616741085796377736e-02 -3.702054004924220099e-01
-1.917093007558357820e-01 -1.582846630545835798e-01 -2.022713735565948301e-01
-2.058989406528577704e-01 -1.299277977715238841e-01 -1.815330471721974259e-01
-1.899148537378687884e-01 -1.799072949119096265e-01 -2.317681092880487792e-01
-1.700406631790800926e-01 -1.903428943689549346e-01 -2.590830318085582396e-01
-2.006402642203639619e-01 -1.568126228164772040e-01 -2.786406360430306317e-01
-8.783094413890459029e-02 -1.371187121083251859e-01 -2.587769421465586639e-01
-2.076268271965058809e-01 2.411382114060889315e-03 -3.482391338343430731e-01
-2.403198856484967116e-01 2.283765556746760600e-02 -3.026843093188300027e-01
-1.809648992853215288e-01 4.741008758444369142e-02 -3.442225686912552263e-01
-1.196524906890272660e-01 -3.903438889894458863e-02 -3.704795889028150713e-01
-9.358837781440543235e-02 -6.182553920918196222e-02 -3.500833236238071744e-01
-1.023937426567016890e-01 -1.183342060701817744e-01 -2.057457066620222152e-01
-1.403442945590949453e-01 -1.315493162870507438e-01 -1.642602167438129146e-01
-1.757963343598136774e-01 -1.191523261403976269e-01 -1.589392037236971866e-01
-1.520015427698350463e-01 8.870176632982240683e-02 -2.984229357211499734e-01
-1.897866009019935629e-01 8.281008788806504262e-02 -2.869275091966297375e-01
-7.956631434757517607e-02 -3.006832354135614144e-04 -3.424064095261944995e-01
-7.560468689284124966e-02 5.583690143157782337e-02 -3.078018956852625054e-01
-5.016464467330950666e-02 -2.055038023163359776e-02 -3.091061224169424082e-01
-1.259273277184994599e-01 -3.499049723775776027e-02 -1.779469634395896005e-01
-9.835123800079147161e-02 -4.112263042489058135e-02 -1.866667433791289743e-01
-8.044961640930088642e-02 -8.743588517182955544e-02 -2.143671996112174183e-01
-7.689024998303659042e-02 -8.343246592793851502e-02 -2.014117698652211630e-01
-1.100951329766567816e-01 3.690625423346698131e-02 -2.083305950218246605e-01
-4.247153204293184492e-02 5.283248348177158049e-03 -2.555821912931121043e-01
-5.486069666137039641e-02 4.335668810740700430e-02 -2.556499750523522074e-01
-9.016066901735755867e-02 5.040508784535247672e-02 -2.204125388551970710e-01
4.015642997564278782e-01 -1.346690106354657135e-01 -5.000000000000000000e-01
5.000000000000000000e-01 -1.392868054541132605e-01 -4.768597724379582958e-01
5.000000000000000000e-01 -1.805011167349762080e-01 -4.897844399548892946e-01
4.032211740637214326e-01 -1.486190637523255587e-01 -5.000000000000000000e-01
2.264694226027653134e-01 5.000000000000000000e-01 -2.490507699591398283e-01
3.200916640077656194e-01 5.000000000000000000e-01 -1.904083524812075212e-01
1.223984176345765673e-01 5.000000000000000000e-01 1.206240512059109440e-02
3.120616942377382186e-01 5.000000000000000000e-01 -8.271965925361102201e-02
1.464364319252542401e-01 5.000000000000000000e-01 1.583861263703375752e-02
5.000000000000000000e-01 -4.452225953848398254e-01 -4.284961894804089622e-01
4.192691804496606056e-01 -4.568534314867908619e-01 -5.000000000000000000e-01
5.000000000000000000e-01 -3.896801247787783362e-01 -4.406102175349065342e-01
4.141000405040909382e-01 -4.396108827497996474e-01 -5.000000000000000000e-01
2.773048277668908046e-01 1.072070094822449443e-01 -5.000000000000000000e-01
2.737353094853143820e-01 1.065208073675376066e-01 -5.000000000000000000e-01
1.232308987180193161e-01 -9.096445615839082732e-03 -5.000000000000000000e-01
1.253083938283780785e-01 -1.071124668135244734e-01 -5.000000000000000000e-01
3.214723153359151930e-01 -4.210328350304314016e-02 -5.000000000000000000e-01
2.839103766057008982e-01 9.975965684013610169e-02 -5.000000000000000000e-01
3.405792437781599569e-01 1.370797422426418832e-01 -5.000000000000000000e-01
3.254520816635201874e-01 1.623672461507976172e-01 -5.000000000000000000e-01
2.598188497415899190e-01 5.000000000000000000e-01 -4.353830058658025304e-01
2.191385814500389495e-01 5.000000000000000000e-01 -2.560659636833114705e-01
1.030770867049954631e-01 5.000000000000000000e-01 -2.634957312611966862e-01
1.905993615939116370e-01 5.000000000000000000e-01 -4.718840361444568976e-01
7.976616266279613898e-02 5.000000000000000000e-01 -4.067836179142157449e-01
3.904945346062594913e-01 -5.000000000000000000e-01 -4.679706309669995346e-01
2.598188497415898635e-01 -5.000000000000000000e-01 -4.353830058658025304e-01
2.317658585742779220e-01 -3.317759053758462806e-01 -5.000000000000000000e-01
2.265898595638341506e-01 -3.361039075193149039e-01 -5.000000000000000000e-01
5.000000000000000000e-01 -3.548594111540099849e-01 2.844297131570410198e-01
5.000000000000000000e-01 -3.297859523897199718e-01 1.504456325292014007e-01
4.582260768508392701e-01 -5.000000000000000000e-01 2.135456092373734793e-01
4.800480210785956769e-01 -5.000000000000000000e-01 2.895812554286483209e-01
4.960191573843812374e-01 -5.000000000000000000e-01 -3.619931429092139163e-01
5.000000000000000000e-01 -4.960529248865380714e-01 -3.655436573357524477e-01
-8.214054628447403639e-02 2.151916083231092056e-02 -5.000000000000000000e-01
-8.499408982219561204e-02 3.618458550145196850e-02 -5.000000000000000000e-01
-7.430005153263301299e-02 3.079758824250033999e-02 -5.000000000000000000e-01
5.000000000000000000e-01 4.205545122925592738e-02 -3.705389439634665938e-01
5.000000000000000000e-01 -1.427688205071054039e-01 -4.520836457322486290e-01
5.000000000000000000e-01 -1.658780369006547517e-01 -4.380786518724500422e-01
3.869356277452050685e-01 5.000000000000000000e-01 -2.041362150530804664e-01
4.396861480650586240e-01 5.000000000000000000e-01 -2.298828633347817785e-01
3.904945346062594358e-01 5.000000000000000000e-01 -4.679706309669995346e-01
5.000000000000000000e-01 4.725002220218081916e-01 -3.458061870103966151e-01
5.000000000000000000e-01 4.808105014391312881e-01 -3.422068806885756320e-01
4.474096824906279024e-01 5.000000000000000000e-01 -1.881343654558016720e-01
3.681342252613443167e-01 5.000000000000000000e-01 -1.483327008649389100e-02
4.843647900381331528e-01 5.000000000000000000e-01 -9.608860157021285875e-02
4.884968268621538989e-01 5.000000000000000000e-01 -1.066067105564556389e-01
3.251579186056832160e-01 5.000000000000000000e-01 1.370294303194979635e-01
4.582260768508392701e-01 5.000000000000000000e-01 2.135456092373734793e-01
3.209833132674513867e-01 5.000000000000000000e-01 1.237214935683069589e-01
3.668186212173904504e-01 5.000000000000000000e-01 4.980433513932139289e-03
5.000000000000000000e-01 4.274777046388020252e-01 1.611912621253085987e-01
5.000000000000000000e-01 4.369737334735085965e-01 1.759011867796631268e-01
1.858479943894717490e-01 4.066515151929021576e-01 -5.000000000000000000e-01
3.316140010803891869e-01 3.468226968990337222e-01 -5.000000000000000000e-01
-5.697808609245508249e-02 4.735598063546654357e-01 -5.000000000000000000e-01
-3.642659621268531933e-02 5.000000000000000000e-01 -4.558755098523328830e-01
1.140419515093887282e-01 3.780396378006000146e-01 -5.000000000000000000e-01
1.250185380408650182e-01 -1.080365834964811533e-01 -5.000000000000000000e-01
2.334940032398303278e-01 -3.154994848520740747e-01 -5.000000000000000000e-01
5.000000000000000000e-01 -2.669946576178594544e-01 -3.931897700036346976e-01
5.000000000000000000e-01 -1.785784709866867492e-01 -4.173580390373237137e-01
5.000000000000000000e-01 -2.762308335937401771e-01 3.561809460752425882e-01
5.000000000000000000e-01 -2.954051602660515141e-01 1.059027083974354161e-01
5.000000000000000000e-01 -2.656569235195842538e-01 9.400475650322490107e-02
5.000000000000000000e-01 -1.825399514749737051e-01 2.939013486843085055e-01
5.000000000000000000e-01 -2.292731116580220552e-01 1.084479521998680807e-01
5.000000000000000000e-01 1.181441218012322519e-02 4.007184230177405215e-01
4.015642997564279337e-01 -1.346690106354657135e-01 5.000000000000000000e-01
4.032211740637214881e-01 -1.486190637523255587e-01 5.000000000000000000e-01
5.000000000000000000e-01 -7.395270448535214841e-03 2.751519639722752597e-01
5.000000000000000000e-01 -2.646532065789848343e-01 4.286909802546129966e-01
4.943722238245999989e-01 -5.000000000000000000e-01 -2.107072254385293497e-02
4.843647900381332083e-01 -5.000000000000000000e-01 -9.608860157021288650e-02
5.000000000000000000e-01 -4.508012187341333687e-01 -6.609742425961950829e-02
3.869356277452052906e-01 -5.000000000000000000e-01 -2.041362150530805220e-01
3.200916640077655639e-01 -5.000000000000000000e-01 -1.904083524812075212e-01
4.396861480650586795e-01 -5.000000000000000000e-01 -2.298828633347817785e-01
2.191385814500388940e-01 -5.000000000000000000e-01 -2.560659636833114705e-01
2.264694226027652857e-01 -5.000000000000000000e-01 -2.490507699591398005e-01
3.668186212173905059e-01 -5.000000000000000000e-01 4.980433513932147095e-03
5.000000000000000000e-01 -4.398578392744069698e-01 -6.416575836728674598e-02
3.251579186056832160e-01 -5.000000000000000000e-01 1.370294303194979080e-01
3.209833132674514422e-01 -5.000000000000000000e-01 1.237214935683069866e-01
3.681342252613443722e-01 -5.000000000000000000e-01 -1.483327008649389100e-02
5.000000000000000000e-01 4.499519499843203652e-01 3.308189285473184249e-01
4.279847626382614623e-01 5.000000000000000000e-01 4.057695698940650408e-01
4.256924622215838006e-01 5.000000000000000000e-01 3.545754094636521248e-01
5.000000000000000000e-01 4.390963079342691811e-01 1.877730960851575204e-01
4.455321943721509692e-01 5.000000000000000000e-01 -2.159397024019898692e-01
2.773048277668906936e-01 1.072070094822449166e-01 5.000000000000000000e-01
2.737353094853148816e-01 1.065208073675376899e-01 5.000000000000000000e-01
2.839103766057008982e-01 9.975965684013621271e-02 5.000000000000000000e-01
1.253083938283781062e-01 -1.071124668135245428e-01 5.000000000000000000e-01
1.232308987180193577e-01 -9.096445615839263144e-03 5.000000000000000000e-01
3.214723153359151930e-01 -4.210328350304316791e-02 5.000000000000000000e-01
7.833397401443073504e-02 7.057707500822225921e-02 5.000000000000000000e-01
1.106838828862710955e-01 6.619354474582553327e-02 5.000000000000000000e-01
-7.430005153263306850e-02 3.079758824250029836e-02 5.000000000000000000e-01
-8.214054628447393924e-02 2.151916083231106280e-02 5.000000000000000000e-01
-1.188414717050149116e-01 -8.442354048376743414e-02 5.000000000000000000e-01
5.048504614288113965e-03 -1.670333296968773695e-01 5.000000000000000000e-01
1.250185380408651015e-01 -1.080365834964811533e-01 5.000000000000000000e-01
2.334940032398303000e-01 -3.154994848520740747e-01 5.000000000000000000e-01
4.256924622215838006e-01 -5.000000000000000000e-01 3.545754094636521803e-01
2.539897372989552982e-01 -5.000000000000000000e-01 2.768601317530173800e-01
5.000000000000000000e-01 2.138179862321484270e-01 -2.945368098600051887e-01
5.000000000000000000e-01 1.704675270889729755e-01 -2.788522616746449967e-01
5.000000000000000000e-01 2.239999714206563353e-01 -2.140334510271166280e-01
5.000000000000000000e-01 2.426599119667664506e-01 -2.472960230118124436e-01
5.000000000000000000e-01 8.596750226595102629e-02 -2.936795030402591378e-01
5.000000000000000000e-01 7.973643984037973031e-02 -3.001093441129890627e-01
5.000000000000000000e-01 2.879866667353934706e-01 -4.209991308343758454e-01
3.639888859184424730e-01 2.731141217941794874e-01 -5.000000000000000000e-01
5.000000000000000000e-01 -1.025804610254078542e-01 -2.322908998867656560e-01
5.000000000000000000e-01 4.902864426000839992e-02 -2.780855730791907954e-01
5.000000000000000000e-01 -1.861982154415749435e-01 -3.357357056499424841e-01
7.976616266279612510e-02 -5.000000000000000000e-01 -4.067836179142157449e-01
1.578096805994385066e-01 -3.718593832020146150e-01 -5.000000000000000000e-01
3.735591893037543132e-02 -3.719577205359091421e-01 -5.000000000000000000e-01
-3.642659621268531933e-02 -5.000000000000000000e-01 -4.558755098523329385e-01
-1.511979912378598745e-01 1.154161509245715395e-01 -5.000000000000000000e-01
6.397525664837433457e-02 1.544882321117033441e-01 -5.000000000000000000e-01
4.324198565318951998e-02 2.809597598511203165e-01 -5.000000000000000000e-01
-1.012062008992120621e-01 3.573329487352382428e-01 -5.000000000000000000e-01
-2.113837148248449982e-01 2.831437761212885484e-01 -5.000000000000000000e-01
-1.678680447002168508e-01 1.228540388918644144e-01 -5.000000000000000000e-01
-2.200355621754432056e-01 2.065156868367821197e-01 -5.000000000000000000e-01
5.048504614288084474e-03 -1.670333296968773973e-01 -5.000000000000000000e-01
-3.895000016234526768e-02 -2.833304920374452029e-01 -5.000000000000000000e-01
1.106838828862711233e-01 6.619354474582554715e-02 -5.000000000000000000e-01
1.206154877949440901e-01 8.718045945444113931e-02 -5.000000000000000000e-01
2.539897372989552427e-01 5.000000000000000000e-01 2.768601317530173245e-01
5.000000000000000000e-01 4.068879958786082440e-01 3.356448855164874678e-01
5.000000000000000000e-01 -9.095273461585767771e-02 9.647900239304486869e-02
5.000000000000000000e-01 1.668706804681147418e-02 2.375542796691821890e-01
5.000000000000000000e-01 -2.273413421982274918e-01 9.950722570150075108e-03
5.000000000000000000e-01 -2.306143282720705956e-01 -8.485430590079200142e-02
5.000000000000000000e-01 -1.611739729511716679e-01 -9.195929121040619103e-02
5.000000000000000000e-01 -1.326837407163972138e-01 -3.090379777254739779e-02
5.000000000000000000e-01 1.261591923215278910e-01 -7.215626218024402683e-02
5.000000000000000000e-01 1.331741503512264002e-01 -8.913806861515675972e-02
5.000000000000000000e-01 7.864543056784141506e-02 -2.809058420724934169e-01
5.000000000000000000e-01 -1.214405474380808175e-01 -1.521017515164364287e-01
5.000000000000000000e-01 5.893710519286686489e-02 -5.855881956024095586e-02
5.000000000000000000e-01 4.670179771427585003e-01 -1.005307036807928794e-01
5.000000000000000000e-01 3.047396739364842677e-01 1.055850657385239005e-01
5.000000000000000000e-01 3.741232997438598273e-01 -1.131500772380897996e-01
5.000000000000000000e-01 2.010398240496552302e-01 1.073442543363138796e-01
5.000000000000000000e-01 2.233969809222869918e-01 -1.924321946143837392e-01
5.000000000000000000e-01 3.718791675059308077e-01 -1.150815073417214979e-01
5.000000000000000000e-01 3.414189387911661377e-01 -2.828832785247304415e-01
5.000000000000000000e-01 4.136771373127767770e-01 -3.417483008471232653e-01
5.000000000000000000e-01 -8.137453391855219154e-02 6.600810307012440134e-03
5.000000000000000000e-01 1.287811948269626527e-01 2.187144662205336154e-01
5.000000000000000000e-01 -3.050235662307555495e-01 -2.136920847190717787e-01
5.000000000000000000e-01 -4.704481468531188648e-01 -1.359609986671905246e-01
4.455321943721509692e-01 -5.000000000000000000e-01 -2.159397024019899525e-01
5.000000000000000000e-01 -3.782644687049045995e-01 -1.252581404323597214e-01
5.000000000000000000e-01 -3.190930590724546656e-01 -1.422254333208775590e-01
5.000000000000000000e-01 -2.328006751028113275e-01 -3.217245345639872522e-01
7.099148436676738783e-02 5.000000000000000000e-01 -2.374112614701489876e-01
2.004515112800637350e-02 5.000000000000000000e-01 -7.546338961238903409e-02
6.112151742621976802e-02 5.000000000000000000e-01 1.327549588232295602e-02
2.049971299080318582e-02 5.000000000000000000e-01 8.125645834248523824e-02
1.180064760258550949e-01 5.000000000000000000e-01 3.119363051512024088e-01
1.493103660176795799e-01 5.000000000000000000e-01 3.205049469901061765e-01
4.324698577535036198e-02 5.000000000000000000e-01 3.547290970723554482e-02
1.619524261656353492e-02 5.000000000000000000e-01 3.591861282863854643e-01
-8.841587070946112237e-02 5.000000000000000000e-01 3.823776225038944543e-01
-9.037513572798777650e-02 5.000000000000000000e-01 3.819320929772046513e-01
-1.542946316262920337e-01 5.000000000000000000e-01 1.547250327230639266e-01
-1.901443490833109318e-01 5.000000000000000000e-01 2.112086230091139161e-01
-1.122710068626424224e-01 5.000000000000000000e-01 9.151455704076091879e-02
3.316140010803891314e-01 3.468226968990337777e-01 5.000000000000000000e-01
1.858479943894718045e-01 4.066515151929022132e-01 5.000000000000000000e-01
-1.131245453355832209e-01 5.000000000000000000e-01 8.774627941610585458e-02
-8.669332706462209992e-02 4.610189630763344426e-01 -5.000000000000000000e-01
9.356250062030828374e-02 1.124081069813368666e-01 -5.000000000000000000e-01
-5.769320358884037769e-02 5.000000000000000000e-01 -2.694168671801827064e-01
-3.020310938221234393e-02 5.000000000000000000e-01 -8.672433576062550664e-02
-1.383549293025724547e-01 5.000000000000000000e-01 -3.494747128732976771e-01
-1.027538479782125619e-01 5.000000000000000000e-01 -4.235098243406226204e-01
-1.375642302256692429e-01 5.000000000000000000e-01 -3.140948930940005712e-01
-5.000000000000000000e-01 4.274777046388020807e-01 1.611912621253086264e-01
-5.000000000000000000e-01 4.930297224204751028e-01 -4.592050042402984200e-03
-5.000000000000000000e-01 3.741232997438598273e-01 -1.131500772380898273e-01
-5.000000000000000000e-01 3.047396739364842677e-01 1.055850657385239005e-01
-5.000000000000000000e-01 4.670179771427586113e-01 -1.005307036807929211e-01
-5.000000000000000000e-01 -2.656569235195843093e-01 9.400475650322487331e-02
-5.000000000000000000e-01 -2.292731116580221384e-01 1.084479521998680390e-01
-5.000000000000000000e-01 -1.825399514749736773e-01 2.939013486843084499e-01
-5.000000000000000000e-01 -2.762308335937401216e-01 3.561809460752426437e-01
-5.000000000000000000e-01 -3.548594111540100404e-01 2.844297131570409642e-01
-5.000000000000000000e-01 -3.297859523897199163e-01 1.504456325292014562e-01
-5.000000000000000000e-01 -2.954051602660515141e-01 1.059027083974354022e-01
9.356250062030835313e-02 1.124081069813368666e-01 5.000000000000000000e-01
6.397525664837440396e-02 1.544882321117033719e-01 5.000000000000000000e-01
-8.499408982219547326e-02 3.618458550145181585e-02 5.000000000000000000e-01
-1.511979912378598190e-01 1.154161509245715117e-01 5.000000000000000000e-01
4.474096824906279024e-01 -5.000000000000000000e-01 -1.881343654558016998e-01
1.223984176345764147e-01 -5.000000000000000000e-01 1.206240512059101461e-02
1.464364319252541846e-01 -5.000000000000000000e-01 1.583861263703369160e-02
3.120616942377381631e-01 -5.000000000000000000e-01 -8.271965925361099425e-02
1.030770867049954770e-01 -5.000000000000000000e-01 -2.634957312611967417e-01
-3.895000016234528156e-02 -2.833304920374452029e-01 5.000000000000000000e-01
-2.242042511065494570e-01 -1.683761489760492447e-01 5.000000000000000000e-01
-1.286741770519811701e-01 -2.877708984369312106e-01 5.000000000000000000e-01
-2.217255153138434354e-01 -1.312067017047731377e-01 5.000000000000000000e-01
-1.901443490833109873e-01 -5.000000000000000000e-01 2.112086230091138883e-01
-9.037513572798772099e-02 -5.000000000000000000e-01 3.819320929772046513e-01
-1.961809637912346471e-01 -5.000000000000000000e-01 2.099103853664117947e-01
-3.001419479688094971e-01 -4.363768039699943424e-01 5.000000000000000000e-01
-3.856127474548988188e-01 -5.000000000000000000e-01 3.178809046861224008e-01
-2.401644767574314110e-01 -4.393496000126569379e-01 5.000000000000000000e-01
-2.670674348923771646e-01 -5.000000000000000000e-01 2.107762257306612097e-01
-3.672612943373520511e-01 -3.133103910393278402e-01 5.000000000000000000e-01
-4.557118068883106998e-01 -2.778331190557184471e-01 5.000000000000000000e-01
-5.000000000000000000e-01 -2.646532065789848898e-01 4.286909802546129966e-01
-1.131245453355832209e-01 -5.000000000000000000e-01 8.774627941610585458e-02
-1.122710068626424224e-01 -5.000000000000000000e-01 9.151455704076091879e-02
2.049971299080315806e-02 -5.000000000000000000e-01 8.125645834248526600e-02
4.324698577535031341e-02 -5.000000000000000000e-01 3.547290970723558645e-02
-1.027538479782125480e-01 -5.000000000000000000e-01 -4.235098243406226759e-01
-1.286741770519811701e-01 -2.877708984369312106e-01 -5.000000000000000000e-01
-2.401644767574314110e-01 -4.393496000126569379e-01 -5.000000000000000000e-01
-2.356902758662561825e-01 -4.446637410478867514e-01 -5.000000000000000000e-01
-3.255698271479220418e-01 -4.836280006423392952e-01 -5.000000000000000000e-01
-1.383549293025724825e-01 -5.000000000000000000e-01 -3.494747128732977326e-01
-3.523616626335902557e-01 -5.000000000000000000e-01 -4.759150026342106599e-01
1.206154877949440485e-01 8.718045945444111156e-02 5.000000000000000000e-01
5.000000000000000000e-01 2.575585989890523675e-01 4.410485400362814112e-01
3.639888859184424730e-01 2.731141217941793764e-01 5.000000000000000000e-01
5.000000000000000000e-01 1.996341737311919107e-01 3.925229758933497237e-01
3.254520816635202984e-01 1.623672461507977283e-01 5.000000000000000000e-01
5.000000000000000000e-01 2.769601467121495242e-01 3.925717060444754436e-01
5.000000000000000000e-01 2.077741731064969843e-01 3.775688390843229270e-01
4.324198565318957549e-02 2.809597598511203165e-01 5.000000000000000000e-01
1.140419515093887282e-01 3.780396378005999591e-01 5.000000000000000000e-01
1.493103660176796077e-01 -5.000000000000000000e-01 3.205049469901061210e-01
1.842321865778393519e-01 -4.138370960924416808e-01 5.000000000000000000e-01
-4.746552049216585384e-02 -5.000000000000000000e-01 4.335713728802659261e-01
1.619524261656350717e-02 -5.000000000000000000e-01 3.591861282863854088e-01
1.578096805994385898e-01 -3.718593832020145595e-01 5.000000000000000000e-01
3.735591893037543826e-02 -3.719577205359091976e-01 5.000000000000000000e-01
1.180064760258550949e-01 -5.000000000000000000e-01 3.119363051512024088e-01
-8.841587070946123339e-02 -5.000000000000000000e-01 3.823776225038944543e-01
-1.542946316262929218e-01 -5.000000000000000000e-01 1.547250327230652867e-01
2.317658585742779775e-01 -3.317759053758462806e-01 5.000000000000000000e-01
2.265898595638338453e-01 -3.361039075193152370e-01 5.000000000000000000e-01
6.112151742621976108e-02 -5.000000000000000000e-01 1.327549588232296990e-02
-1.434987701011700978e-01 5.000000000000000000e-01 -4.405052221069416518e-02
-1.434419797977424527e-01 5.000000000000000000e-01 4.933533695365255323e-02
-3.091103694871022989e-01 5.000000000000000000e-01 -5.079409177830061795e-02
-3.010788042176671953e-01 5.000000000000000000e-01 5.553885219089982339e-02
-2.168083362354868981e-01 5.000000000000000000e-01 -2.041002896580387249e-01
-1.326508177478025463e-01 5.000000000000000000e-01 -8.137925314290521406e-02
-3.319918365941331162e-01 5.000000000000000000e-01 9.537118972333250011e-02
-1.961809637912348969e-01 5.000000000000000000e-01 2.099103853664117392e-01
-2.670674348923770536e-01 5.000000000000000000e-01 2.107762257306611542e-01
-3.434216364595010229e-01 5.000000000000000000e-01 -1.364310759838735787e-01
-4.312856340799997579e-01 5.000000000000000000e-01 9.578617894208427130e-02
-3.062657371174608567e-01 5.000000000000000000e-01 -1.942784404324668646e-01
-5.000000000000000000e-01 4.136771373127768325e-01 -3.417483008471232098e-01
-5.000000000000000000e-01 3.414189387911662488e-01 -2.828832785247304971e-01
-5.000000000000000000e-01 3.718791675059307522e-01 -1.150815073417215256e-01
-5.000000000000000000e-01 4.808105014391312881e-01 -3.422068806885756875e-01
-4.175339346842443788e-01 5.000000000000000000e-01 -3.292422867873693315e-01
-5.000000000000000000e-01 4.725002220218081916e-01 -3.458061870103966706e-01
-5.000000000000000000e-01 2.426599119667663951e-01 -2.472960230118124436e-01
-5.000000000000000000e-01 2.138179862321485103e-01 -2.945368098600052442e-01
-5.000000000000000000e-01 2.879866667353934706e-01 -4.209991308343758454e-01
-3.523616626335902002e-01 5.000000000000000000e-01 -4.759150026342107154e-01
-3.478201598743939638e-01 4.868561879556072558e-01 -5.000000000000000000e-01
-3.452826909872988570e-01 3.851036879626732468e-01 -5.000000000000000000e-01
-3.571986801535004807e-01 1.023771952628249882e-01 -5.000000000000000000e-01
-4.632430644816331045e-01 2.698716417720960492e-01 -5.000000000000000000e-01
-3.856127474548988188e-01 5.000000000000000000e-01 3.178809046861223453e-01
-5.000000000000000000e-01 4.369737334735085965e-01 1.759011867796630990e-01
-5.000000000000000000e-01 4.390963079342691811e-01 1.877730960851575204e-01
-5.000000000000000000e-01 4.773012048635403293e-01 2.952472824558103337e-01
-5.000000000000000000e-01 4.068879958786084106e-01 3.356448855164874678e-01
-5.000000000000000000e-01 4.499519499843203652e-01 3.308189285473184249e-01
-5.000000000000000000e-01 2.233969809222868808e-01 -1.924321946143837114e-01
-5.000000000000000000e-01 2.239999714206562798e-01 -2.140334510271165169e-01
-3.001419479688094416e-01 -4.363768039699943424e-01 -5.000000000000000000e-01
4.141000405040909382e-01 -4.396108827497997029e-01 5.000000000000000000e-01
-1.678680447002168230e-01 1.228540388918644144e-01 5.000000000000000000e-01
-3.491959473685473658e-01 3.542273585036420647e-02 5.000000000000000000e-01
-3.026661135149103510e-01 -4.577630344814007796e-02 5.000000000000000000e-01
-3.938182003141145193e-01 -1.044103481910550746e-04 5.000000000000000000e-01
-4.954808848746697914e-01 -1.930270551797382828e-01 5.000000000000000000e-01
-4.755921746615914825e-01 -1.047886397264068126e-01 5.000000000000000000e-01
-5.000000000000000000e-01 2.010398240496552302e-01 1.073442543363138796e-01
-5.000000000000000000e-01 2.077741731064969843e-01 3.775688390843228714e-01
-5.000000000000000000e-01 2.769601467121495797e-01 3.925717060444754436e-01
-5.000000000000000000e-01 1.287811948269626805e-01 2.187144662205336154e-01
-5.000000000000000000e-01 1.668706804681143255e-02 2.375542796691821612e-01
-5.000000000000000000e-01 -7.395270448535180147e-03 2.751519639722752597e-01
-5.000000000000000000e-01 1.181441218012322172e-02 4.007184230177405215e-01
-5.000000000000000000e-01 8.195269189787265929e-02 4.309608298828854211e-01
-5.000000000000000000e-01 1.996341737311919107e-01 3.925229758933496682e-01
-3.637925913566238956e-01 4.035331431149635772e-02 5.000000000000000000e-01
-3.880624976963626960e-01 1.962539174714528212e-02 5.000000000000000000e-01
-3.571986801535004807e-01 1.023771952628250159e-01 5.000000000000000000e-01
-5.000000000000000000e-01 -9.095273461585770547e-02 9.647900239304482706e-02
-1.012062008992120621e-01 3.573329487352382983e-01 5.000000000000000000e-01
-2.113837148248449704e-01 2.831437761212885484e-01 5.000000000000000000e-01
-8.669332706462215543e-02 4.610189630763343871e-01 5.000000000000000000e-01
-1.652485386222395936e-01 5.000000000000000000e-01 4.714750507654912326e-01
-3.355075925550566884e-01 5.000000000000000000e-01 4.959927325673194054e-01
-3.452826909872989680e-01 3.851036879626731912e-01 5.000000000000000000e-01
-3.478201598743940193e-01 4.868561879556072003e-01 5.000000000000000000e-01
-2.200355621754432056e-01 2.065156868367820919e-01 5.000000000000000000e-01
2.004515112800633533e-02 -5.000000000000000000e-01 -7.546338961238904797e-02
7.099148436676734619e-02 -5.000000000000000000e-01 -2.374112614701489876e-01
-1.375642302256692706e-01 -5.000000000000000000e-01 -3.140948930940005712e-01
-5.769320358884029443e-02 -5.000000000000000000e-01 -2.694168671801826509e-01
-4.312856340799997579e-01 -5.000000000000000000e-01 9.578617894208427130e-02
-5.000000000000000000e-01 -4.508012187341333687e-01 -6.609742425961949441e-02
-5.000000000000000000e-01 -4.398578392744069698e-01 -6.416575836728673210e-02
-3.020310938221236474e-02 -5.000000000000000000e-01 -8.672433576062552052e-02
-2.168083362354869259e-01 -5.000000000000000000e-01 -2.041002896580386694e-01
-1.326508177478025186e-01 -5.000000000000000000e-01 -8.137925314290521406e-02
-3.319918365941330607e-01 -5.000000000000000000e-01 9.537118972333248623e-02
-3.010788042176671397e-01 -5.000000000000000000e-01 5.553885219089975400e-02
-1.434419797977425359e-01 -5.000000000000000000e-01 4.933533695365252547e-02
-1.434987701011700700e-01 -5.000000000000000000e-01 -4.405052221069405416e-02
-4.557118068883106443e-01 -2.778331190557185026e-01 -5.000000000000000000e-01
-3.672612943373519956e-01 -3.133103910393278402e-01 -5.000000000000000000e-01
-3.552043388464759532e-01 -5.000000000000000000e-01 -4.739186961569676892e-01
-5.000000000000000000e-01 -4.452225953848397699e-01 -4.284961894804089622e-01
-5.000000000000000000e-01 -3.896801247787783917e-01 -4.406102175349065342e-01
-5.000000000000000000e-01 -2.328006751028113275e-01 -3.217245345639872522e-01
-5.000000000000000000e-01 -3.050235662307555495e-01 -2.136920847190718065e-01
-5.000000000000000000e-01 -4.960529248865380714e-01 -3.655436573357523922e-01
-5.000000000000000000e-01 -2.669946576178593989e-01 -3.931897700036346421e-01
-5.000000000000000000e-01 -1.785784709866867492e-01 -4.173580390373238802e-01
-5.000000000000000000e-01 -1.861982154415749158e-01 -3.357357056499424841e-01
-2.242042511065494292e-01 -1.683761489760492169e-01 -5.000000000000000000e-01
-5.000000000000000000e-01 -1.658780369006548905e-01 -4.380786518724499867e-01
-5.000000000000000000e-01 -1.427688205071053762e-01 -4.520836457322486290e-01
-3.938182003141145748e-01 -1.044103481911140552e-04 -5.000000000000000000e-01
-3.026661135149103510e-01 -4.577630344814023755e-02 -5.000000000000000000e-01
-2.217255153138434354e-01 -1.312067017047731377e-01 -5.000000000000000000e-01
-1.188414717050149116e-01 -8.442354048376743414e-02 -5.000000000000000000e-01
7.833397401443062402e-02 7.057707500822217594e-02 -5.000000000000000000e-01
-5.000000000000000000e-01 -1.214405474380808175e-01 -1.521017515164364564e-01
-5.000000000000000000e-01 -1.025804610254077986e-01 -2.322908998867656005e-01
-5.000000000000000000e-01 7.864543056784144281e-02 -2.809058420724935279e-01
-5.000000000000000000e-01 4.902864426000899667e-02 -2.780855730791909619e-01
-5.000000000000000000e-01 5.893710519286689264e-02 -5.855881956024101137e-02
-5.000000000000000000e-01 1.331741503512263447e-01 -8.913806861515670421e-02
-5.000000000000000000e-01 1.261591923215278910e-01 -7.215626218024404070e-02
-5.000000000000000000e-01 8.596750226595101241e-02 -2.936795030402591378e-01
-5.000000000000000000e-01 7.973643984037986909e-02 -3.001093441129889516e-01
-5.000000000000000000e-01 -8.137453391855221929e-02 6.600810307012436665e-03
-5.000000000000000000e-01 -1.326837407163972415e-01 -3.090379777254745330e-02
-5.000000000000000000e-01 -1.611739729511715846e-01 -9.195929121040620491e-02
-5.000000000000000000e-01 1.704675270889728644e-01 -2.788522616746449412e-01
-3.880624976963627515e-01 1.962539174714525089e-02 -5.000000000000000000e-01
-3.637925913566238956e-01 4.035331431149635079e-02 -5.000000000000000000e-01
-5.000000000000000000e-01 4.205545122925592738e-02 -3.705389439634665938e-01
-5.000000000000000000e-01 -2.306143282720706789e-01 -8.485430590079201529e-02
-5.000000000000000000e-01 -3.190930590724546656e-01 -1.422254333208775590e-01
-5.000000000000000000e-01 -2.273413421982275473e-01 9.950722570150047352e-03
-5.000000000000000000e-01 -3.782644687049045995e-01 -1.252581404323597214e-01
-5.000000000000000000e-01 4.875892009239701230e-01 -3.524942411992271762e-01
-4.353759090659083397e-01 5.000000000000000000e-01 -3.689168809977814711e-01
-3.552043388464758422e-01 5.000000000000000000e-01 -4.739186961569677448e-01
-5.000000000000000000e-01 -4.836360777037168046e-01 -1.126751186443108871e-01
-5.000000000000000000e-01 -4.704481468531188648e-01 -1.359609986671904969e-01
-4.175339346842443233e-01 -5.000000000000000000e-01 -3.292422867873692760e-01
-3.434216364595009674e-01 -5.000000000000000000e-01 -1.364310759838735787e-01
-3.062657371174608012e-01 -5.000000000000000000e-01 -1.942784404324668646e-01
-4.353759090659082842e-01 -5.000000000000000000e-01 -3.689168809977814711e-01
-3.091103694871022989e-01 -5.000000000000000000e-01 -5.079409177830092326e-02
-3.491959473685473658e-01 3.542273585036419259e-02 -5.000000000000000000e-01
