798 803
809 632
468 604
569 570
642 640
41 42
273 428
329 1083
615 1031
74 75
85 84
158 154
409 410
616 623
668 670
107 108
159 155
657 660
34 389
107 373
129 132
10 669
140 141
570 628
155 535
736 660
475 476
34 919
424 430
476 477
487 486
735 737
537 981
538 537
778 698
507 958
335 357
188 195
272 274
439 451
730 743
241 57
346 488
259 111
572 571
535 540
120 32
309 871
338 340
357 353
154 668
709 661
358 354
609 610
401 581
374 298
339 340
25 1
472 461
598 600
368 898
671 670
730 756
371 903
125 124
704 703
675 676
667 672
556 167
79 13
332 193
737 736
664 523
575 674
168 170
122 877
479 477
500 1174
834 1199
224 452
431 436
512 510
811 806
2 30
763 766
405 1058
732 1187
323 988
677 1108
301 1086
667 11
306 935
752 613
756 763
9 11
648 635
21 1068
376 1116
6 5
578 576
791 720
818 823
123 32
512 222
519 526
145 56
603 605
692 1128
376 1008
208 1015
163 455
84 82
375 374
112 409
514 1063
427 420
47 544
777 655
420 417
19 73
412 413
493 487
740 736
815 1175
703 705
741 817
141 184
16 40
216 214
758 762
574 1090
802 805
781 782
527 520
330 995
500 503
770 772
721 1145
13 12
819 750
544 545
243 288
370 20
359 356
663 767
316 314
83 866
315 169
82 83
37 835
194 144
51 244
123 120
411 407
614 1032
665 668
644 645
547 978
224 962
435 471
127 126
382 910
5 923
718 716
170 173
785 626
688 1102
421 429
440 442
641 432
753 1167
108 1137
481 479
565 558
578 677
321 1021
288 286
789 717
495 1173
518 519
61 652
245 244
817 815
297 291
92 267
787 792
41 859
291 476
232 161
73 891
72 846
289 286
322 320
529 533
340 188
671 1111
780 789
314 315
360 202
576 586
366 367
620 1037
715 780
756 818
659 211
389 387
628 632
688 683
561 987
764 758
31 907
222 209
470 460
366 897
152 150
30 124
432 433
411 410
68 7
185 183
641 808
218 216
251 250
295 436
318 160
22 1064
135 38
793 798
313 81
654 1048
255 256
14 13
813 812
406 308
265 269
244 246
362 467
15 14
775 785
59 57
347 115
298 302
277 279
586 360
457 66
187 242
511 711
671 1078
598 599
343 346
569 572
498 103
634 638
664 1075
144 136
675 1084
355 585
376 379
724 302
635 639
425 420
86 545
223 959
678 1094
375 1093
577 633
450 449
442 445
199 49
391 399
313 974
406 936
819 1191
753 751
214 851
46 895
306 934
121 22
591 1103
819 818
549 548
544 1107
53 237
324 322
771 782
615 614
35 75
449 438
335 336
62 852
120 119
139 132
19 890
638 639
301 725
605 462
560 985
368 900
155 527
682 681
262 95
525 963
121 879
692 731
48 400
176 177
432 282
745 742
737 738
679 1142
99 338
728 689
253 1070
191 192
490 488
592 356
242 243
504 1146
221 220
552 548
771 772
803 804
383 218
505 1147
118 63
589 588
276 277
458 662
186 239
824 755
447 625
208 1017
385 384
64 69
224 961
419 418
656 776
743 744
142 146
713 1130
231 861
0 62
732 734
32 14
380 1106
610 516
550 205
216 854
613 1164
336 361
227 225
651 1047
478 481
238 240
459 59
257 253
250 968
540 541
759 765
791 797
724 1152
533 538
832 834
45 46
378 1009
258 864
574 575
78 79
429 831
608 833
9 16
810 788
68 65
515 754
178 840
195 26
226 508
669 1077
316 172
370 902
426 425
633 638
145 146
7 441
13 521
411 939
126 132
830 105
203 352
270 262
46 554
489 486
56 598
47 369
514 515
212 213
103 306
495 501
267 265
285 282
70 65
329 325
340 334
580 581
606 719
18 54
364 282
310 311
77 109
156 24
281 284
172 377
299 567
478 569
51 236
67 446
643 642
188 98
471 795
616 1033
472 796
647 648
41 838
617 1034
366 369
130 129
377 378
790 696
709 708
196 339
184 185
451 449
443 445
398 931
683 1100
724 723
694 700
775 774
379 316
748 1202
608 404
8 0
480 484
308 112
831 827
185 41
251 252
262 261
469 474
749 757
781 597
240 242
33 932
742 1163
284 285
663 690
790 794
646 637
273 275
378 328
805 810
417 405
350 351
80 81
220 915
674 1085
416 417
735 728
383 914
118 759
708 710
147 148
180 182
10 179
546 159
461 460
511 955
140 145
656 1050
117 921
181 182
20 85
590 1104
677 1109
516 517
566 1012
821 744
214 215
807 809
304 783
307 114
761 613
626 654
117 139
320 318
716 583
634 630
321 319
626 775
269 617
604 607
84 83
281 362
656 654
688 377
19 856
292 1051
88 89
182 999
379 381
698 772
578 590
372 113
150 149
681 1097
619 1036
132 131
711 710
815 1176
390 920
801 640
600 241
602 696
748 750
446 448
713 383
822 1193
829 823
209 212
821 819
122 881
778 777
10 2
99 196
701 1204
811 810
323 318
69 847
286 287
618 617
526 125
226 916
698 1171
287 288
319 320
50 52
142 135
268 274
187 57
352 353
619 617
230 513
652 651
554 982
353 354
555 983
89 15
415 414
495 294
273 101
445 293
637 643
3 97
689 690
729 726
731 1181
548 534
440 443
240 189
206 950
271 262
743 746
441 444
481 480
452 453
105 266
711 713
784 783
166 770
714 1133
159 93
545 537
558 556
740 596
785 784
817 816
788 789
355 233
298 107
23 1071
257 255
42 38
584 586
474 454
255 941
24 25
708 657
742 390
111 258
57 58
337 341
518 124
356 354
101 64
540 520
106 444
422 421
141 142
684 686
697 625
253 90
436 440
581 715
215 63
695 700
319 300
317 376
104 1135
189 190
510 511
678 1141
531 979
404 609
305 1161
742 1162
783 785
222 223
21 90
676 579
296 294
647 1046
59 58
38 35
620 619
174 44
63 64
517 1057
186 283
287 186
296 945
85 87
616 1035
344 347
98 26
768 1169
400 773
388 390
223 960
687 686
429 427
636 640
286 198
163 164
753 752
133 141
413 424
520 666
247 248
226 225
229 230
808 809
61 911
787 786
239 243
712 692
722 1151
270 267
321 992
294 71
309 874
325 324
605 607
39 231
184 177
491 477
671 673
494 482
653 655
686 688
727 726
315 1010
198 196
446 447
437 627
457 456
549 539
530 971
529 975
83 251
508 952
324 48
711 1131
733 661
512 513
702 1168
447 649
381 1112
207 587
394 4
557 556
309 311
800 808
239 246
372 367
579 580
490 502
14 393
680 1157
62 61
207 299
615 618
8 849
430 429
597 606
409 406
88 91
408 410
731 1180
398 396
6 924
678 679
475 207
800 641
205 203
691 734
408 940
131 137
703 708
685 202
774 768
816 1179
537 532
777 779
216 217
745 746
507 954
260 259
60 908
778 779
154 543
563 562
422 1117
483 947
786 719
585 586
588 1149
283 284
662 689
725 1154
95 349
316 317
327 326
573 467
218 913
134 133
360 359
352 355
293 943
717 633
684 685
24 1
554 984
301 575
183 174
663 662
94 96
382 383
175 844
714 713
687 201
304 320
696 695
539 977
179 176
479 437
588 1018
385 918
201 200
594 1177
751 752
672 50
76 842
209 60
502 276
825 1195
252 250
828 1200
670 534
655 1049
365 572
326 172
624 423
318 991
515 516
612 714
278 280
581 583
52 53
811 779
334 333
72 296
633 629
77 905
86 87
158 192
793 474
485 358
337 343
389 390
451 450
263 21
702 706
683 1101
244 236
385 1029
59 456
660 596
547 539
587 1020
769 768
553 1027
488 489
70 501
499 498
747 749
190 157
521 522
832 1201
799 795
772 778
460 283
103 948
564 1014
832 828
675 1110
210 228
138 883
517 1059
133 130
167 43
384 386
214 612
510 382
48 171
425 1061
744 1186
180 1001
344 349
147 149
719 720
2 176
508 951
331 351
126 885
512 957
419 500
524 522
382 209
150 726
258 259
797 802
583 464
816 815
54 200
169 1004
328 997
291 292
722 1153
804 697
820 821
292 293
321 994
572 576
623 621
627 628
624 622
173 686
660 661
464 606
649 651
620 624
650 652
442 294
525 966
217 212
762 829
231 933
715 717
735 732
613 706
727 728
160 989
559 326
507 953
760 761
373 1138
490 491
550 542
261 259
793 794
609 1122
384 595
388 745
758 427
254 256
403 235
28 29
612 1132
130 836
29 524
439 279
590 591
680 1159
74 37
547 980
102 1038
160 305
394 392
357 361
157 156
128 129
108 1054
201 199
114 868
292 1140
232 860
834 1194
722 724
518 1074
161 162
578 1088
462 239
217 853
565 1005
795 793
702 751
129 889
453 455
555 323
614 409
526 525
559 558
673 314
699 452
530 531
72 848
641 627
220 225
327 171
421 1118
620 424
592 591
571 568
721 1150
275 426
334 332
255 942
326 328
544 550
562 1013
163 221
366 55
84 77
594 816
323 322
725 1156
272 622
629 630
343 273
669 1080
257 269
506 1053
150 143
551 158
109 865
393 395
91 93
43 16
302 505
644 650
736 733
553 1026
803 643
467 465
710 1126
395 31
747 748
509 956
69 275
729 730
7 71
540 534
549 1028
211 215
762 763
665 156
117 882
813 814
108 504
50 154
611 1124
566 564
766 100
300 301
559 561
599 597
812 741
514 760
1 9
630 297
93 92
679 1092
666 664
97 98
437 432
112 492
699 697
37 843
454 457
433 434
607 470
236 234
96 260
463 462
484 485
193 192
212 62
822 745
61 912
499 500
232 385
189 194
561 560
571 1019
532 533
591 359
206 368
34 33
794 804
63 850
279 65
0 650
636 631
115 487
151 144
362 364
346 276
125 128
403 401
395 397
694 693
744 1188
632 718
166 165
185 178
542 681
165 694
418 1060
395 927
165 56
74 841
106 644
466 807
268 333
27 392
582 465
483 114
682 552
693 598
358 348
269 270
549 553
494 208
422 1043
680 1158
653 646
674 1114
635 634
645 647
252 78
15 925
341 272
243 603
398 397
458 448
157 191
386 917
649 653
709 704
693 696
712 709
659 703
682 1095
391 394
755 1165
541 976
712 1203
593 1023
176 1000
734 733
173 171
345 363
468 470
756 757
249 1069
727 730
767 766
317 566
812 1182
268 264
781 786
272 271
60 909
560 558
813 738
469 290
833 832
305 304
552 553
823 824
707 612
548 1113
251 863
546 551
538 547
670 666
250 80
102 1148
349 351
113 111
82 532
393 394
331 333
435 799
412 263
685 687
555 986
143 138
372 901
667 669
87 94
449 446
128 131
21 5
397 930
694 771
210 658
180 1081
522 27
594 1178
645 506
521 965
290 278
592 1025
741 739
0 67
562 1002
792 790
32 922
202 201
571 1087
574 567
213 67
97 264
235 234
459 473
166 894
818 820
101 764
519 523
322 769
497 621
307 869
700 455
592 593
342 338
661 692
642 450
604 603
35 37
353 203
658 659
265 90
430 423
637 636
76 74
149 144
178 845
492 483
119 121
171 168
506 1055
422 424
681 684
120 876
58 147
194 187
367 115
193 191
779 697
413 1134
814 1185
396 34
561 330
127 892
492 496
511 509
219 221
584 579
791 792
117 884
679 587
773 780
275 503
555 557
66 100
26 27
721 589
577 575
825 826
297 298
47 86
27 28
386 226
520 1065
197 66
115 113
363 364
638 303
374 373
573 582
476 1144
348 55
93 94
170 314
698 699
677 676
405 1120
396 397
223 60
407 406
197 187
315 1082
513 509
531 972
764 765
95 261
106 944
56 40
412 1136
776 775
215 213
487 492
12 119
266 264
675 54
817 812
496 497
557 327
200 584
11 10
234 204
391 825
219 453
820 822
161 857
723 1155
311 307
535 546
594 595
162 858
746 729
624 623
595 596
416 1119
220 161
67 68
99 100
375 678
351 92
421 416
111 110
593 1022
181 174
369 899
468 469
160 990
31 122
748 1197
611 517
280 454
480 479
199 200
373 1139
510 507
106 8
17 345
465 355
564 563
535 536
233 463
645 1045
381 1115
826 828
55 47
568 569
418 1039
181 43
414 102
73 855
557 559
710 509
601 602
814 746
339 336
331 332
310 309
680 1160
695 794
136 134
2 1073
169 167
701 702
653 625
213 210
505 647
184 183
224 219
472 470
423 428
398 929
162 164
732 1183
734 735
254 247
444 636
497 499
796 795
235 233
227 229
538 536
290 434
530 532
152 729
228 230
508 513
80 969
312 80
563 565
830 829
822 825
833 834
299 375
345 342
523 528
604 602
3 4
35 36
417 1041
534 543
365 356
65 64
637 635
448 210
17 289
371 372
69 70
300 577
683 378
493 483
293 946
774 1170
102 103
361 363
685 1098
590 1089
177 133
89 249
497 489
386 1030
423 274
415 419
695 473
413 266
438 439
116 388
478 475
197 196
482 365
114 872
471 472
125 967
770 768
739 143
253 249
541 536
504 505
784 788
611 1125
566 565
264 263
608 827
308 306
536 313
6 4
166 896
622 618
829 831
360 352
560 563
75 76
631 443
266 430
426 419
247 862
655 656
514 1062
109 110
400 402
153 116
19 36
107 1052
153 152
174 998
485 482
773 769
204 203
776 774
623 415
455 459
588 494
506 504
754 755
245 240
329 993
238 237
23 1066
271 270
285 433
585 582
45 43
610 755
824 827
304 303
307 308
46 44
285 289
53 168
182 169
12 23
392 393
404 1121
399 926
122 123
706 705
806 792
137 139
177 175
305 626
712 1129
112 496
824 1190
126 888
619 412
753 1166
826 104
701 747
473 474
564 1007
828 1196
137 116
236 238
524 525
503 502
797 720
539 541
798 801
408 615
8 7
30 25
414 1040
464 403
343 342
44 45
654 648
627 631
722 374
646 644
396 389
162 42
657 658
689 727
206 493
148 143
682 1096
31 906
690 691
723 725
136 25
593 1024
601 241
119 875
365 1016
466 281
311 407
228 229
39 887
477 295
813 1184
533 312
491 495
543 542
782 787
826 830
325 319
96 87
335 332
247 256
350 348
609 608
29 33
328 329
73 75
515 420
79 155
110 371
664 665
704 701
296 1172
767 757
350 96
719 716
180 179
387 392
427 428
460 462
750 1198
529 970
741 740
431 434
562 1003
40 140
246 245
217 218
206 208
6 3
17 278
280 279
527 528
486 347
830 831
416 1042
313 312
237 402
704 691
367 368
5 15
36 39
596 227
405 516
518 1067
153 151
441 438
452 447
491 295
674 676
109 904
146 148
434 435
121 878
733 731
164 165
135 138
802 718
807 796
33 127
3 104
456 458
81 23
260 254
498 949
652 1044
707 714
127 893
759 761
190 195
721 1143
501 502
773 781
231 232
556 554
310 870
38 39
589 587
49 48
651 1056
599 600
570 573
71 72
98 763
134 128
18 325
52 238
529 312
330 1006
333 337
600 601
303 723
12 22
611 610
254 867
104 105
673 1079
175 839
687 1099
666 1076
78 88
138 139
130 135
230 222
531 973
407 937
76 837
380 1105
204 205
175 178
463 465
36 886
625 643
821 1192
77 20
496 498
616 414
530 82
380 552
580 577
198 17
574 1091
814 1189
249 248
521 527
330 996
621 614
528 157
799 800
18 580
282 281
543 551
522 528
639 784
277 431
151 26
344 341
22 964
310 873
369 370
348 347
568 207
672 673
595 1127
370 371
399 1072
402 403
381 380
49 401
404 1123
629 567
399 928
706 707
738 739
204 51
317 1011
765 118
123 880
488 484
411 938
739 740
78 91
750 749
418 425
461 466
801 800
387 28
211 705
258 408
252 248
805 806
754 760
