908 1120
1143 1112
909 1119
915 1135
1027 919
1097 1163
1055 1038
853 839
1173 1076
840 876
913 835
914 843
950 1165
1088 1181
1169 941
1024 1187
1063 932
846 1074
945 1077
1142 1115
1023 1198
1094 1130
995 861
1017 1166
1164 892
1062 963
1141 1116
896 1068
910 841
1025 1188
949 976
1086 1030
895 1069
1054 1004
1059 930
1018 1167
1083 1177
1139 1011
1096 921
981 931
972 928
1091 1126
1154 956
1053 999
987 971
1109 1180
1110 1179
1101 1176
1056 1043
1140 1079
1084 1178
1145 1111
1155 939
1045 1033
1044 1035
1046 1032
859 925
903 1196
898 1191
957 1121
1174 1065
982 968
1008 886
1085 1127
1020 1168
1093 1131
1105 885
860 926
1106 884
1007 890
897 1192
1009 887
1095 920
952 1201
1144 1078
851 889
1050 1034
868 978
1160 958
1060 965
848 1073
1148 1066
894 1070
991 865
1114 1128
946 1080
1041 878
837 880
1138 1012
1107 1162
943 1081
1102 882
1103 1189
1153 955
901 1194
845 875
980 929
852 844
960 1118
1019 1204
1061 966
1006 856
905 1072
983 863
1099 1175
916 1200
1171 1136
899 1193
1089 1183
1057 907
847 1067
858 923
988 862
842 881
902 1195
911 1042
857 924
962 1117
1087 1203
1040 1064
1146 935
1058 877
938 1199
850 967
1157 1014
854 836
900 1190
1149 1028
990 864
838 922
1026 893
1156 951
1108 1182
1172 1075
1002 975
984 969
959 1123
997 933
979 927
1151 954
1016 1202
849 1000
1161 940
1047 1037
1152 937
1092 1133
996 973
1015 1197
998 1071
1021 917
947 977
993 1029
1150 1113
985 970
989 867
1170 942
994 918
855 906
1132 888
1158 870
1100 883
1090 1129
1049 1036
961 1134
1098 1185
1022 1186
1048 1031
1051 1082
871 1124
1137 1005
1052 1010
992 904
1147 936
1039 964
872 1125
948 974
874 1122
944 1001
986 866
1104 1184
