-3.803868263281485196e-01 -3.141876079991214321e-01 7.842851909257034237e-02
2.713860295805569645e-01 -1.237616304260367450e-01 -8.994906620103956807e-02
4.330007850360527155e-01 -1.634965015923885157e-01 4.295662020561982070e-02
7.156297548673536124e-02 4.336945609934770296e-01 2.271839743224191577e-01
1.061066988307979159e-01 4.069634236876141231e-01 2.340911001198492103e-01
9.781899414167832818e-02 4.583121768949586783e-01 1.962682392600882120e-01
9.083906138374374384e-02 4.547031223318856452e-01 2.341370320810718941e-01
-3.722401694106960424e-01 -1.706716693180934385e-01 2.393617970084960939e-02
-4.194240507569138021e-01 -2.692231593273146095e-01 2.524076975860991418e-02
2.628137091812803861e-01 -1.530384687786617848e-01 -1.224558475245843270e-01
4.079072104923138209e-01 -1.455847245571047222e-01 -6.945595264834659999e-02
3.358703362751663812e-01 -1.220557165906320518e-01 -1.299858596221870055e-01
4.392750680708909505e-01 4.043548594403953977e-01 6.461793113186714566e-02
3.870395605242254455e-01 2.892978383718974311e-01 4.722728832546235073e-02
2.085504522101207792e-01 4.000666477992781411e-01 2.147900476883439491e-01
1.584660059718802916e-01 4.311937563756065295e-01 2.102156216730545479e-01
2.105065180012305470e-01 -2.482452739218347637e-01 -1.246324787675799212e-01
-1.804071226418294538e-01 1.183785383686903475e-02 -3.072313704808853768e-04
-1.883892062216525193e-03 -2.079497383713316550e-01 -3.746900076527469037e-01
4.032478617199851678e-01 -4.155494664186539788e-01 4.489406679694499247e-01
6.708389724411403798e-02 3.752284919038359479e-01 -4.206703248978992948e-01
5.227976869388555048e-02 4.724562855056428368e-01 3.366854121498751712e-02
4.847188994947306817e-01 4.027616263363031357e-01 8.472795313768437253e-02
4.283388464772341364e-01 4.645630020347869538e-01 -3.669564302800819994e-02
2.841823677756884492e-01 -9.024340358635728199e-02 -6.394649893646035810e-02
2.904030687198531635e-01 -1.333427727483654512e-01 -2.389908142450204026e-02
1.363422013691267809e-01 1.154087869415327400e-01 1.344719673759622869e-01
1.902357415369960170e-01 1.483530975093280413e-01 1.976030516997867303e-01
2.233319880032189619e-01 1.332056297974149595e-01 2.284305650224143780e-01
3.568764461748711869e-01 1.143257248078653199e-01 2.017038113843744873e-01
3.814906048156185836e-01 -1.576925050124942662e-01 8.780949351968563021e-02
4.388078949556579178e-01 4.269616569393097083e-01 3.809620219073968084e-01
3.459794064416601977e-01 4.730775661835472379e-01 1.788015853458813087e-01
4.439740845368942423e-01 1.298291197482962789e-01 3.095936245436168299e-01
3.825101501704140650e-01 1.857699046254322472e-01 4.220386872810858447e-01
4.169981655599746539e-01 -3.557447536463234639e-01 3.967833434584127072e-01
4.051244749173922854e-01 -3.591494085281690674e-01 4.322001818217809377e-01
4.687335061104533906e-01 -3.359960293336242132e-01 3.759332010237521060e-01
2.981636866305875100e-01 -3.082468769298939426e-01 3.764806216050355925e-01
3.012227887097582157e-01 -3.015758779362266440e-01 4.361580384806088562e-01
1.877719455048764696e-01 -2.793694823826660678e-01 -5.091101817701288584e-02
2.917305353334215812e-01 -4.682575783345943043e-01 1.575772163646098345e-01
1.887572012773790220e-01 -3.859689049059673582e-01 2.200048717300220336e-01
2.710593453303443701e-01 -3.502900455200484986e-01 -1.390252859649228068e-01
3.146755235917840787e-01 -4.058075248555271797e-01 -7.899795536230699855e-02
2.862333889608161819e-01 -3.875344999340071261e-01 -1.129819833246859945e-01
2.776471562601395826e-01 -4.235877263993566566e-01 -1.007643645178619846e-01
6.166962914844147797e-02 2.170034785092188612e-01 -4.074470866072945063e-01
1.252138793220313739e-01 -2.577185107303591183e-01 -2.693999985616956638e-01
1.259886972513507564e-01 -2.000984084329576196e-01 -2.810579540708130208e-01
2.961072590207734501e-01 -1.165521197068402764e-01 -2.418894096835558227e-01
1.063569151766361326e-01 1.847617880505670468e-02 -1.840078263261150371e-01
2.220119273438485585e-01 -1.665400045562454301e-01 -1.778428589303920060e-01
2.001706464826032150e-01 -2.211272278380554956e-01 -1.692747832147732112e-01
-9.526813867369201064e-03 -1.628658515727487710e-01 -4.006348377390991922e-01
-6.021081937641350329e-02 1.503098169115258953e-01 -3.602493218096212146e-01
1.605374558641097515e-01 -2.805450117264257637e-01 -4.535795979572886799e-02
4.028171114677447234e-02 -1.203988379297277200e-01 8.667177145908214198e-02
4.303148958533848517e-02 -1.404400051057592413e-01 1.416461606122871586e-01
-1.265971048535928858e-02 -1.468208529929744821e-01 1.235641361594430054e-01
-3.314395474500748118e-01 -4.623130841335241770e-01 2.446049370143866253e-01
-3.658013924167209385e-01 -4.441819267733971288e-01 1.031458250319634284e-01
-4.112902702035954317e-01 -3.248446751630834628e-01 1.281087877759888582e-01
-4.074290128817628642e-01 -1.219045848439058582e-01 2.402404148621836155e-01
-3.728978448581241056e-01 -8.365416975957555568e-02 9.273364293777160150e-02
-3.329273862776321868e-01 -1.189856628733357707e-01 5.945934951755034448e-02
-1.827240706249467217e-01 -5.916611139101028705e-02 7.147774679690580002e-02
-3.147448626527035165e-01 -2.280514453876674452e-01 9.607263989475563204e-02
-3.199844384363311756e-01 -1.766800699122271223e-01 4.866002065433465418e-02
-4.204407854392936406e-01 -6.115810168064178542e-02 6.628760527515681344e-02
-3.862280733931761079e-01 -6.332207289067641465e-02 4.566242241978986371e-02
-4.279863037847736473e-01 -1.026547255243253770e-01 3.129266587136256272e-02
-4.762308220418819960e-01 -7.530242522709236497e-02 4.243290642466714113e-02
4.471564559304153641e-01 -4.461605644045840147e-01 4.254264214828191171e-01
4.665709344008804882e-01 -3.809520838732756709e-01 3.568312512954828208e-01
4.342211532682791475e-01 -3.990323126494413342e-01 3.904409540712776017e-01
4.282540065498962600e-01 -4.481256004302751617e-01 3.412433199441284315e-01
8.618305160618364158e-02 4.105194145826985275e-01 -4.193665905085756096e-01
1.399704508584114770e-01 4.405587166291794476e-01 -1.156596238665038023e-01
3.134237968796563800e-01 3.173571171968234128e-01 -9.172837355260732295e-02
2.899624955809405047e-01 4.539369778335783923e-01 -1.661771332187213235e-01
3.603178484322105968e-01 4.188653253237571428e-01 -1.508225512209367958e-01
1.817221353885331847e-01 4.243263854821079373e-01 -3.786758251593350111e-01
1.480076877443176064e-01 4.279260577754918637e-01 -3.291217198543751055e-01
1.156991783923105588e-01 3.878034343351294266e-01 -3.725983770729396349e-01
9.532769662678398925e-02 3.536248501475024453e-01 -3.737941880602078659e-01
9.682682027336336761e-02 2.555643531305173410e-01 -3.481872273591161693e-01
6.953413285472788419e-02 3.047699152540327971e-01 -2.684757482333461898e-01
1.091753940950977164e-01 4.450746521431402924e-01 -9.072830869075565463e-02
8.551813756080579865e-02 4.736773577510180466e-01 -3.256009250806283367e-02
5.662703688703532579e-02 4.642106404422579047e-01 -4.725339193384778952e-03
1.302115145120779360e-01 4.057166592830792617e-01 -1.290085768056706272e-01
7.629903832194744051e-02 2.702954534875162684e-01 -1.020835441117272091e-01
1.339742031139551648e-01 2.802124625949383163e-01 -1.388191016350876217e-01
8.158173518693886961e-02 3.117402446151911755e-01 -2.117575985047441822e-01
-8.663412866717984384e-02 3.426913853001825050e-01 -1.900712491694810657e-01
3.286227074928986525e-02 3.013891473024485901e-01 -2.417022537867429266e-01
4.674667612158794894e-02 4.069576601069148647e-01 1.819671562652884766e-01
8.319376011022512618e-02 1.404419099560337558e-01 1.146964976255202689e-01
-1.639194174992554265e-01 1.014576092817866676e-01 7.986641385966471163e-02
-2.242957184198432208e-01 7.018051005878114812e-02 1.524813819132486703e-01
-2.676512715008812493e-01 1.186787817046204979e-01 1.601331632887607881e-01
-4.837379077845669895e-01 4.651637517191691829e-01 -1.142451575254995466e-01
-4.767390377606651741e-01 4.421033935450644492e-01 -2.109711209126745035e-01
5.500265272428533914e-02 4.545463546655756359e-01 2.395088323892654858e-01
6.996573347866210518e-03 4.189885555890311419e-01 1.908270962176507046e-01
-4.334786589760372122e-01 -2.969667694603591035e-01 -4.724590210882168018e-02
-4.570794221491938369e-01 -2.864513596389002825e-01 -2.926577708449790705e-01
-4.712144468521830554e-01 -3.517792692244841035e-01 -2.536258488938181732e-01
4.878918266385719182e-02 4.660660326424834743e-01 -4.030192400634531880e-01
-1.342972585967914384e-02 4.164434167828526823e-01 -4.071551016889086716e-01
-9.381807203866006362e-02 4.354783121580863003e-01 -3.084179643790664338e-01
-3.301228955307566326e-01 3.614318905145100791e-01 -3.267578158340458394e-01
-1.388237397412895868e-01 3.982552017841221592e-01 -4.014928448245145276e-01
-4.526266123323910984e-01 3.403249412526677120e-01 -4.624785877611528040e-01
-1.962275203250347932e-01 2.180178848492432819e-01 -4.143546903831931139e-01
2.048759838166330782e-01 1.331193809245560800e-01 2.385846277208499844e-01
2.971536724882406499e-01 -1.313353523614628204e-01 4.767249222112138751e-01
-3.702750249775712543e-01 -7.499264389351478766e-02 2.761359969442138684e-01
4.262581308952643755e-01 4.437498553013585756e-01 1.158904294961482367e-01
3.735286328373457754e-01 4.674858417458730986e-01 1.680501092547441178e-01
4.677395006367129349e-01 4.191097987715874384e-01 1.034369691560903110e-01
4.411514983489331909e-01 4.652703013546061750e-01 3.116684906974476199e-01
3.721796056292760446e-01 4.791435519446921032e-01 2.036756782863995974e-01
4.355943479615372316e-01 -5.716228707319968155e-02 1.249731539817558607e-01
4.380197691581687591e-01 -3.105323811361915959e-02 1.604591046314907121e-01
4.650917031958149983e-01 -4.771173396126218019e-02 4.169225199128975823e-01
4.613538284168038905e-01 5.918038170703317918e-02 4.022972672226597934e-01
4.035253917129754120e-01 -3.159312624893856336e-02 1.733449832593424444e-01
4.367127107853362444e-01 -1.519499493433028869e-01 2.725045853836665088e-01
4.362408498303848026e-01 -2.033849981457361566e-01 2.443847676391840418e-01
3.329223290626676657e-01 4.227025656227122868e-02 2.001019982576072720e-01
3.982818599716970720e-01 -9.508509448327094604e-02 3.298185293678211893e-01
3.634630578105096377e-01 -2.378523511045212702e-01 1.070734486170506483e-01
3.556883757813987246e-01 -1.809072774641285186e-01 1.115514273769856873e-01
2.989199289203949284e-01 -2.277707768241686026e-01 3.378627322033333491e-01
3.012484850579942863e-01 -1.713324175671234739e-01 8.795238246774639279e-02
2.274375755115223552e-01 1.145487803251793585e-01 2.144711005348790001e-01
2.710008668440617163e-01 -1.642596102734039942e-01 3.734726838798930193e-01
3.008495995362653330e-01 -1.189761443493309867e-01 3.897919501656306185e-01
2.333746073128415144e-01 -2.788539027943168214e-01 1.100404329286719385e-01
3.087916664051933435e-01 -2.748293305472165882e-01 1.158558563151098342e-01
2.302878504917816871e-01 -2.814837174708552658e-01 2.187488895726659444e-01
9.684858791194206340e-02 -1.434058449970636029e-01 2.469035535290622363e-01
1.283134448220430435e-01 1.312132147144889904e-02 1.569459208107710224e-01
1.550908254455235502e-01 -2.629448501680605177e-01 1.337854670347874142e-01
1.641118287267797904e-01 -2.584896662117879274e-01 1.841129165706564819e-01
6.962686885741831144e-02 -1.501309554355022557e-01 1.825972220433233761e-01
9.325667819668538583e-02 -1.901692528564058182e-01 1.976837890381220320e-01
8.609118558427392154e-02 -1.108326552547725802e-01 2.045167375869789417e-01
9.631696082140638049e-02 -1.001282320973722606e-01 2.297734680467602431e-01
1.373473968407719625e-01 7.813186703783260578e-02 1.787145631070552465e-01
1.290427292791418434e-01 7.528029600310322256e-02 2.052498304572464849e-01
1.882800306496650589e-01 1.124341870305834573e-01 2.090152348307375285e-01
2.881677584042107165e-01 -4.133167463628647370e-02 -2.889959643405352607e-01
3.184373201786608321e-01 2.220425879117651491e-01 -1.115412331904225285e-01
3.188302941841310578e-01 2.440451871576191506e-02 -7.205534776127758834e-02
1.731593134900968611e-01 9.918808740624546205e-02 -2.668887579168723045e-02
1.269334857637337277e-01 3.916458619305458050e-02 -1.814396112557543905e-01
2.038714947231095587e-01 2.100174317692808101e-01 -1.416773314007837847e-01
-6.319130616937397582e-02 -4.943487350340470821e-01 -2.882424965781071324e-01
1.031961226873593096e-01 -4.361744138936475834e-01 2.641195283489226053e-01
1.227914900540436477e-01 -4.037548642548089983e-01 2.325005345738972440e-01
4.679873973756112915e-02 -2.732301796215024781e-01 2.009180802973452862e-01
1.031260359023424417e-01 -2.910985958301797183e-01 2.033143572383509512e-01
6.937055829522312256e-02 -3.816049747910328915e-01 -2.215022921276832424e-02
5.518322992040443353e-02 -4.597991989247071642e-01 -2.488622111803986958e-02
2.731069894207863724e-01 -3.404266155039091246e-01 -1.514125981520404729e-01
2.232213501969136926e-01 -2.168094971259484638e-01 -2.456404156153837171e-01
4.502098080515639644e-01 -3.302330693524910821e-01 -1.772706841861814708e-01
2.974433808322002326e-01 -1.843176787468264188e-01 -2.789853989841368231e-01
2.009013379942995170e-01 -2.416277417525197202e-01 -2.767298577891318945e-01
2.728538300575288900e-01 -2.029232895985937646e-01 -4.008620535633372617e-01
2.320062455569835980e-01 -1.859931127309348842e-01 -3.401553681235840454e-01
3.695826266334583110e-01 -3.982246166394747267e-01 -6.166688182038859017e-02
4.612844426200170544e-01 -3.189067286007274959e-01 1.242424598225693178e-01
4.514679151653763212e-01 -2.517442817530841648e-01 5.695619489000397495e-02
4.155909965011034823e-01 -2.940126654036577247e-01 9.811745720741450738e-02
3.876257663743647996e-01 -4.362296972648584958e-01 1.218166400410342631e-01
4.440290829763542391e-01 -2.623074101718879114e-01 -5.227848035685737221e-02
4.736426799686198064e-01 -2.930006021338842914e-01 -9.322937133128725296e-02
4.023859263623510985e-01 -3.579282578706052265e-01 -9.186124630242303857e-02
4.699068999069367925e-01 -3.416883000828339068e-01 -1.259442203788990466e-01
3.433339718768007032e-01 -3.795715346038707749e-01 6.710720794288750971e-03
3.513330706173654061e-01 -3.503678926585579445e-01 5.258943248730368197e-02
3.396724305487725526e-01 -4.127145098470439422e-01 7.823825926103278317e-02
-4.433684680197393091e-02 -2.105318536519332553e-02 -1.129484791237002211e-01
6.339140746153648642e-02 -5.783147597054444367e-02 7.421437132225928990e-02
6.616147998317864487e-02 1.331331858387827249e-01 5.841945777287294028e-02
1.344452801448505208e-01 6.109250591445746642e-02 1.426977044341598555e-02
1.361588318037377510e-01 9.837895561355966545e-02 4.753830526434759188e-03
1.248379243078452799e-01 9.731658873395271359e-02 -2.366634816512287742e-02
1.259962241696627738e-01 9.549818761549076773e-02 -5.342607026011941818e-02
1.236339890765785765e-01 1.104869914084633947e-01 -3.076113533815254264e-02
1.116091340058097681e-01 5.203037156061548346e-02 7.765718766295069686e-02
1.310898039412389249e-01 1.158589493766214451e-01 4.503535668608830284e-02
-1.486002518222058755e-01 3.725112610496834203e-02 3.791961802398909759e-02
-1.388202188982738117e-01 -8.811358102519338542e-03 5.014842499866429409e-02
-1.641263981610784350e-01 -1.075909719009079599e-02 8.244339128620208068e-03
1.092526307369988403e-01 -1.369655371463986970e-01 -3.270455448373743024e-01
2.355581721163729769e-02 -1.203505386532900817e-01 -3.759039156757620903e-01
1.381972939827825209e-01 -6.609326339459972721e-02 -4.028485837095131528e-01
1.292265063440187767e-01 -2.275402315516815432e-02 -4.062763896854066914e-01
-1.056346411854479014e-03 4.705505874725692678e-02 -2.809350324363701357e-01
8.007162402517842281e-02 2.927235358058941084e-02 -2.468168645400110328e-01
8.876911378229698779e-02 4.607783140264139904e-02 -2.877222724859623826e-01
-2.884733380226390809e-01 2.000670170019081262e-01 -4.637616446707270579e-01
-3.776923998960749485e-01 -1.065441315990201254e-01 -3.840597120789538965e-01
-2.978452181420464528e-01 1.445125181232134182e-01 -4.811845939512511827e-01
-3.508846249575550691e-01 -3.928937244951723473e-01 2.788565552396846670e-01
-2.419238254936965649e-01 -2.328837380633847487e-01 2.464432806006986165e-01
-3.573527442347816385e-01 -1.445998545063370555e-01 3.159985994315233082e-01
-3.877796987673468587e-01 -2.876837775192161994e-01 1.971431082117996170e-01
-3.360843924961992024e-01 -2.270545205488466167e-01 1.920740910695974968e-01
-4.574675133160773233e-01 -1.855398937594234521e-01 2.851683344883161331e-01
-4.064799664674470514e-01 -1.661388286781589063e-01 2.618122454665800514e-01
-4.730281215249949600e-01 -2.324495274524343569e-01 2.825713226206661433e-01
-4.647289136067065951e-01 -2.534838191056586476e-01 2.503031228451417789e-01
-4.937196679753572681e-01 -2.767040571803904281e-01 3.088020356572671044e-01
-9.791738340178059163e-02 -3.342087866085597936e-01 2.234139426526540184e-01
4.376945133047281666e-02 -4.089055959996756862e-01 2.837430835806979412e-01
-7.456343992071762239e-03 -3.377364472100291004e-01 2.858198114400252732e-01
-2.832018540285374253e-01 -4.072306858938063989e-01 3.179418580350403256e-01
-2.946380850259309736e-01 -4.660641765702676076e-01 2.891425214083924167e-01
-1.493275112735883425e-01 -4.278082505478237874e-01 1.391694272543533006e-01
-5.169291668713311624e-03 -4.001065725105534265e-01 3.457581578745487216e-01
-6.709264770350430174e-02 -4.328914104459131718e-01 4.427600054923915285e-01
-1.902627259923965475e-02 -3.657633290588296893e-01 3.169421761219239908e-01
-2.120466730544761924e-01 -2.841525633925809369e-01 2.820393516371026976e-01
-1.492272504741974648e-01 -3.275009444103414435e-01 2.940878863287647027e-01
-2.362311210812329254e-01 -3.429652053552683655e-01 3.091793731423220226e-01
2.376252646216109876e-01 -3.657930726556587464e-01 4.789948679863504366e-01
1.963353075691878225e-01 -3.796394016780999525e-01 4.736776398033370472e-01
2.990098904140130881e-02 -4.407811225888347978e-02 -2.392440804190436032e-01
8.633228031244548351e-02 -3.357646017344506628e-03 -2.256460899685361343e-01
6.714101088013109397e-02 -5.454411706885235051e-02 -2.360960381025721255e-01
9.901806807018627421e-02 1.882054219651159432e-04 -1.676668895483285904e-01
1.412931241614590883e-01 -1.732762181138355895e-01 -1.489620304341794377e-01
1.475619456809820762e-01 -8.752029497095213662e-02 -1.284418375371242371e-01
3.297093528104721311e-02 -1.183018027868825740e-02 -1.048878109806618830e-01
1.293295961114890313e-01 3.227893804715639518e-03 -4.007149224415784694e-02
6.068350899519910080e-02 -1.490479548175626390e-01 -3.472448126663819218e-02
7.722736442244076960e-02 -7.191004061978167883e-02 -9.549032751470509783e-04
1.578402178576768233e-02 -9.495780400750299111e-02 -7.628507259458544576e-02
1.211334938768328928e-01 3.981048390290388428e-02 -1.309306763526151274e-01
1.150889848018440964e-01 5.044812942362100067e-02 -8.268777868014250132e-02
8.747569661819996900e-02 2.958645160681674241e-02 -9.563028328005784839e-02
7.667426273102358192e-02 4.819388212217973200e-01 -1.255507946883215598e-01
1.107640486806276692e-01 4.693372780827976265e-01 -9.105697143861872511e-02
9.259926794830819485e-02 4.901513936110268865e-01 -5.276404232405874917e-02
1.844121022042471969e-01 4.725189273208169061e-01 -1.478555456518465538e-01
1.612486719601897156e-01 4.714557095146394983e-01 -1.790938330058227945e-01
1.439006360978436760e-01 4.589132103996631518e-01 -1.244160186082014924e-01
7.352069670558797343e-02 4.754160184900729225e-01 -4.755163955380212193e-02
2.954269027663300462e-02 4.381056644016013690e-01 -1.427852905416450435e-01
6.393648408335250721e-02 4.787541472134849707e-01 -9.056905712789098395e-02
4.818990886152034470e-02 4.729305752652174788e-01 -1.155245827492611815e-01
4.406851876000902890e-02 4.617488291885940010e-01 -8.335537882188391590e-02
-1.052279480819797580e-01 4.395996089997807887e-01 -2.840396644932343118e-01
-8.526144763769073764e-02 4.005243665589985347e-01 -2.607491301796417971e-01
-2.662505523702582422e-02 3.724287113923679393e-01 -2.066977461348722678e-01
-9.483857593897522531e-02 3.680197872198819886e-01 -2.125322048186336910e-01
-1.183916954158762552e-01 3.697804258795590049e-01 -1.659837404806546735e-01
2.367843108097783186e-02 4.609128049463833143e-01 5.804255176491925072e-02
2.330529595275069449e-02 3.873777568556366901e-01 1.244234909467997613e-01
5.194936630118858478e-02 4.354904860340740869e-01 2.040326838572169982e-02
-4.538231508700190514e-02 4.211275753031442637e-01 1.467495562022050337e-01
2.814094162083872683e-02 3.421471584134025412e-01 4.304123072681612094e-02
-1.256378426198917139e-02 2.980671313030974767e-01 7.462597086817418512e-02
-1.093171651419283380e-01 4.048340456017952560e-01 -1.197070784284395284e-01
-1.331437775559917713e-01 3.760575277966912711e-01 -1.334373195879018648e-01
-1.542952395380210173e-01 3.675908744382323512e-01 -1.325216577804966545e-01
-1.594264577014798678e-01 3.404549368699509859e-01 -1.112514343810300926e-01
-3.207049716409883788e-01 1.488417370771117354e-01 1.133276612500150465e-01
-1.501912884302092632e-01 2.948901629282220660e-01 3.077614623497181012e-02
-3.750874191758620801e-01 1.850858850357714747e-01 8.820845510407644696e-02
-3.023788594329331336e-01 1.123876543562206676e-01 -9.949092030280308474e-02
-2.250375040056471210e-01 -6.589082467412545052e-02 1.239821575496539464e-02
-1.934725617360219529e-01 -6.432416920194788945e-02 1.955701768791988371e-02
-2.450139550362351037e-01 -1.118007882329081354e-01 4.491655745841549585e-02
-1.977522459667963028e-01 -9.621047072434631142e-02 4.250613892768374119e-02
-1.491139873760241319e-01 -1.143591803604168157e-02 -2.254943245063357193e-01
-1.728139166491716727e-01 1.029643652613379361e-02 -2.018028994873005688e-01
-8.161187270879120825e-02 -4.461473425609865928e-02 -1.514513362371798511e-01
-1.229673710934138381e-01 -2.954135683914677762e-02 -1.901429192341377306e-01
-1.814480522605171064e-01 -2.015843759376090630e-02 -1.532990840497071017e-01
-1.189918370119896068e-01 -4.232291169260822550e-02 -3.485966140984184114e-02
-6.917819595774508945e-02 -4.757558449935980066e-02 -9.716761768327496218e-02
-5.364692266315031904e-02 -8.661515393714204480e-02 -7.178454966894784461e-02
-1.649906487775627262e-01 -1.740840435994630078e-02 -1.431603308032550724e-02
-1.772638528657554946e-01 -8.753259294085546927e-02 -2.103862112028351966e-02
-4.233988084303706434e-01 -1.477816685281360676e-01 -2.261441412807920492e-01
-4.789447742717274914e-01 -1.724065388241701191e-01 -1.934429684902890800e-01
-4.677890729149580817e-01 -1.817082032131317748e-01 -1.519032847748533754e-01
-4.296721335978407330e-01 -7.522105182811382462e-02 -3.077284977976980224e-02
-3.338024994291534098e-01 -1.497473271176008938e-02 -1.676925272833790226e-01
-4.751471142742204057e-01 -6.262592945392304877e-02 -4.674436476746160474e-02
-3.868409621768667539e-01 -2.246654881418456429e-01 -3.080548561135429964e-01
-3.865504583404004713e-01 -2.788392514127733257e-01 -3.253164195175314855e-01
-3.629200861591202476e-01 -1.715637273947939745e-01 -3.824991489006214773e-01
-1.124381893365417190e-01 -3.309401575074188417e-01 -3.990488367022583249e-01
-1.416117007038408815e-01 -3.359123068323854877e-01 -4.607381261268338468e-01
-3.252860973995901905e-01 -3.634939259228605613e-01 -3.018480696142317177e-01
-1.438982509819562161e-01 -3.550872937204524460e-01 -3.395160228388142132e-01
-9.387395014301511131e-02 -3.971463364238643767e-01 -2.959379441006139144e-01
-1.075478625883363321e-01 -4.585063519878639915e-01 -2.709764455329363164e-01
-4.361294106496056977e-01 4.739184675800118263e-01 -2.713618046846076881e-01
-4.306421098984627438e-01 4.448465554104467090e-01 -4.106873665614118596e-01
-3.819364791132752179e-01 4.445236976169544829e-01 -3.357487012922398817e-01
-4.016089687004692488e-01 4.302351483307546021e-01 -4.754736862316203405e-01
-4.194464563952353675e-01 4.645543712919643076e-01 -4.696907268681990155e-01
-3.923869530205814082e-01 4.458095475174624345e-01 -4.402234565701328428e-01
3.560513062430333275e-01 4.073378498598387853e-01 -2.548914400361659283e-01
3.890242534636282890e-01 3.929671742879177754e-01 -2.081751103687273508e-01
3.942081178286879206e-01 -1.617633336458882409e-01 -2.785855539436547512e-01
4.810613951958436219e-01 -2.532917375828784290e-01 -2.312396575798445764e-01
3.780029426099806855e-01 -1.775270179534261250e-01 -3.852097310656155127e-01
4.625039417831505184e-01 -2.608819315424339980e-01 -3.843130238103589225e-01
1.411511348266920353e-02 -4.736463535983501116e-01 -3.262606572411015371e-01
1.776375838262262558e-02 -3.725240079777887292e-01 -3.711919946008906401e-01
1.150597891088653985e-02 -3.927455233664830514e-01 -3.273453769718695505e-01
2.175538594859627653e-02 -4.052384328207043196e-01 -4.518799372593930719e-01
6.090638780970313026e-02 -3.661713752433253255e-01 -2.856368630547573284e-01
7.770799411891014807e-02 -4.357332216875477449e-01 -2.588715715760521174e-01
9.379860702460046662e-02 -3.037115928040266533e-01 -3.090458597001400354e-01
6.000752660027214996e-02 -2.961715556877794753e-01 -3.700247517002761000e-01
2.252291620733291866e-01 -2.755851399792900724e-01 -3.659383321240940456e-01
2.008162689910296672e-01 -2.838582073171381226e-01 -3.013487991716491954e-01
2.058491230581430131e-01 -2.862975910427320025e-01 -4.525253715719647074e-01
1.168664426539220424e-01 -2.987685936109027440e-01 -4.501510176119057349e-01
2.709363054068964494e-01 -4.516727505969587164e-01 -4.743687382910495298e-01
6.308001610892292887e-02 1.792916419892332802e-01 -3.132827523495731320e-02
8.066422287919725043e-02 1.348293607341483347e-01 -2.371991746265182666e-02
3.289252319482800779e-02 1.686284412367149155e-01 5.268764945450006565e-02
5.528557324141952778e-02 1.415556785851355692e-01 3.712370064478785064e-02
6.484958292031038629e-02 1.034075803763543772e-01 -5.806942120306930050e-02
-1.899539916583981719e-02 7.624559014473944463e-02 -7.105242610812195769e-02
-1.475096673489772470e-01 1.860412278001105091e-01 -1.578797268683504972e-03
-1.309775326857795241e-01 1.224120177824447181e-01 4.081349538432338386e-02
-9.453818658374499306e-02 8.488507162770268788e-02 8.444180463625071409e-03
1.654550412716575269e-02 1.314459040245812560e-01 5.587153497985643258e-02
-1.423029580945005812e-01 2.737145723859720770e-01 -1.225377620067375217e-01
-1.515852849043539119e-01 1.177097066182629381e-01 2.207467684346822029e-02
-1.688394890162721318e-01 1.315496100342314345e-01 2.587095283940806824e-03
-1.277836526328248179e-01 2.730175822567963428e-01 -1.888057725232930584e-01
-1.698243582775256777e-01 9.917740572304233060e-02 -1.355937599147382516e-02
-1.897010880284655809e-01 1.224564803371288313e-01 -3.876424422652979818e-02
-1.580417267565566442e-01 1.747825550725257970e-01 -2.978483680015210355e-01
-1.224379426160158019e-01 1.406530271524399356e-01 -2.994613512356446572e-01
-6.086463024250073073e-02 2.807400367334501601e-01 -1.775085261601723752e-01
-2.741560949676820694e-02 2.502615284814869723e-01 -1.941319728246605758e-01
2.883652083097409946e-02 2.432251475091263271e-01 -1.258210189861529438e-01
-3.449522218612485758e-02 1.157286601051978406e-02 -3.151747060391129618e-01
-6.325321854078168327e-02 6.804212367347238499e-02 -3.033766398650379337e-01
-8.324460619635677683e-02 8.166636879531447013e-02 -3.321567778592593445e-01
-3.605493152312967686e-02 -3.924392037073043404e-02 -2.830865404332671420e-01
-1.130597434159785475e-01 4.367200780531682591e-03 -4.286177969874760407e-01
-1.321281227679952930e-01 9.742824147973283555e-02 -2.791330859610392512e-01
-1.260455563699336701e-01 1.017450051299850500e-01 -2.689030243089007843e-01
-6.070012119160746178e-02 -1.622495029851073536e-02 -4.498295837737253389e-01
-4.782676551089398015e-02 -2.611984629016052273e-02 -3.920233288851110998e-01
-1.567753724034030294e-01 9.623621082927692749e-02 -2.481670062512184582e-01
-1.682456869351601214e-01 1.272472704629669903e-02 -2.494468817178049913e-01
-1.689900968809132376e-01 1.048216066158458581e-01 -2.365696265452516822e-01
-1.813377150409578586e-01 5.653998335235409928e-02 -2.357958088058439983e-01
-1.908466311139170868e-01 -2.332452225590926631e-02 -4.173647964554808021e-01
-6.504777860532559575e-02 1.942002126293887743e-01 -4.600941096714902812e-01
-1.733879156218144924e-01 2.432832025725693847e-01 -4.483265450072307368e-01
-1.931169759967429345e-01 2.218595023319472337e-01 -4.757078288717241921e-01
2.954337520447151977e-02 2.470199029365667542e-01 -4.539495596458059112e-01
3.534960649091462709e-02 3.543308567250222363e-01 -4.518937400717287223e-01
-2.778940970316720951e-02 4.022051086654865881e-01 -4.486683287590883529e-01
-1.156364623652683388e-01 3.923757723608906622e-01 -4.452950489720145510e-01
-4.772812328296797135e-01 -2.936562134139972247e-01 -3.444351131629861396e-01
-4.036887960011419918e-01 -2.681914639444530901e-01 -3.582561191939262479e-01
-4.045147426419161696e-01 -2.265462461831266594e-01 -4.139606491893031426e-01
4.710137757994419250e-01 -2.229321647867936185e-01 -4.417576815014866987e-01
2.629672314692395041e-01 -1.754313635904771185e-01 -4.592626542032713921e-01
2.658847138770427110e-01 -1.794835883905408769e-01 -4.790594429623322159e-01
4.392836195594385096e-01 -1.733957009706522112e-01 -4.358284366687189548e-01
4.235891522103604756e-01 -4.384592196123746760e-02 -4.773371556195458165e-01
4.490081169221050161e-01 -8.845787106667180044e-02 -4.607954028688722725e-01
-4.459555616663987143e-01 -3.446069526468324429e-01 3.832539180622495101e-01
-4.813654578511122883e-01 -2.987857967586725616e-01 3.720938075399243816e-01
1.534836633808590693e-02 -3.575089392877727756e-01 4.257063995121070921e-01
9.709120606351963334e-02 -3.376737580196054189e-01 4.793871086143480231e-01
-4.847963908062087601e-02 -3.924352563792412041e-01 4.586294265803486647e-01
1.974836110840719194e-01 1.815927437783539933e-01 2.868642679957358332e-01
1.970437697930570720e-01 1.708910806112086123e-01 2.961596393156453733e-01
3.383441926955292334e-01 1.872106076176051070e-01 4.277676178328065348e-01
2.254452236320727554e-01 1.292360864480910088e-01 4.371547252235519765e-01
1.238888226554009098e-01 3.793939981040716503e-01 2.798738176102245623e-01
1.723178642166127150e-01 3.156975534570622965e-01 2.555516063866692944e-01
1.881123681305337803e-01 3.627808434636280444e-01 2.494645713231576634e-01
1.500896170396061324e-01 3.698866458088634346e-01 2.554938732295645720e-01
3.580217315059647798e-01 3.809841763573545426e-01 4.170005141076384980e-01
3.635053948469142426e-01 2.398247087519161935e-01 4.400267718328389477e-01
3.856033791763564533e-01 2.881388719075092530e-01 4.315612488182939965e-01
3.795411868014598178e-01 2.745948574358020866e-01 4.671955936581809188e-01
2.570694438465714327e-01 4.966528125467017385e-01 4.871417253259957558e-01
1.116592644289886860e-01 -2.238421282387960676e-01 -2.270234453589893842e-01
7.711071351676818120e-02 -1.966558459793064928e-01 -2.594223539750528107e-01
1.116424871776212357e-01 -1.923762695649131049e-01 -1.833431143790086038e-01
6.747833404685980863e-02 -1.535915259642486319e-01 -2.216011163955636243e-01
-2.795875194525418439e-01 4.642420692409132132e-01 3.877776774751632849e-01
-4.379354501784893383e-01 4.220487105736391298e-01 2.656446179801311702e-01
-3.353586732311227836e-01 4.616174202003409111e-01 -3.295208475028250095e-01
-3.281710198858719951e-01 4.650252550398562001e-01 -3.661230319546738277e-01
-1.294270438413703816e-01 4.572531680601681914e-01 -2.824626526104774271e-01
-2.752410763850630104e-01 4.266939731397084157e-01 -3.068501606540668947e-01
-1.936693193851570793e-01 4.413829757928761643e-01 -3.422257946462807787e-01
-2.244309947732505139e-01 4.667229156067811413e-01 -3.968232842820412221e-01
-8.245030767533767513e-02 4.751707557601181908e-01 8.104016204338225504e-02
-1.089478765562037904e-01 4.576588776677759096e-01 1.286983566733222173e-01
-4.383057963535418877e-01 4.441986466370501097e-01 -2.802630554463506063e-02
-3.705981894964093248e-01 3.645044471204225700e-01 -6.162119392234085419e-02
-3.400731441038936098e-01 4.726917243291319792e-01 1.688205427988095364e-01
-4.318714534249558090e-01 3.970833597336029253e-01 1.803817115865502252e-01
-4.768696653907317229e-01 2.588883530037968672e-01 9.167988822067539567e-02
-4.292784309702659673e-01 2.383051547583600605e-01 4.622990065545760918e-02
-4.101321684466036621e-01 2.409515645367996395e-01 1.865588798788204994e-01
-2.420474837796159628e-01 4.686529999622379705e-01 1.870434999502110229e-01
-1.955944896649957632e-01 4.776345696666612906e-01 1.543287547329066367e-01
-1.948422012093576905e-01 3.099506319230466711e-01 7.464925876880752764e-02
-1.749547701016471168e-01 4.457888441407069080e-01 1.224482660556578395e-01
-4.415990854316378944e-01 2.243823757432448218e-01 1.404254677924783035e-01
-4.118015180499424166e-01 2.088885107110127481e-01 1.050766188202022638e-01
-3.389410970636649867e-01 2.126046469158489327e-01 1.713090565796008269e-01
-3.277902642775530895e-01 1.917134812171160940e-01 1.340813678221645655e-01
-1.891054510642955766e-01 4.119235709126274902e-01 1.758399005737370513e-01
-1.540525315924018146e-01 4.229460411062814229e-01 1.459305432305147976e-01
-2.383770298265098508e-01 -7.889715553356817235e-02 -5.448858385773337754e-02
-2.436928972202845878e-01 -8.762704699010753773e-02 -1.535990498055446463e-01
-1.980764416178822374e-01 -6.597116849763043356e-02 -1.216128968616004974e-01
-1.935171452232419542e-01 -9.051375824820230565e-02 -7.885899639427522423e-02
-1.863141353320972859e-01 -1.137395929324471061e-01 -1.190803181093107593e-01
-2.996873131000696855e-01 -8.360124071052850436e-02 -1.445705966651066321e-01
-2.679641298826767604e-01 -8.714359179176782433e-02 -1.838212505681129094e-01
-2.979156171028330968e-01 -1.710016035567988590e-01 2.545900569970364208e-02
-2.642783487007976384e-01 -1.541157622761298307e-01 2.890094422374592936e-02
-3.514857171119067369e-01 -1.058168171855229239e-01 -1.450893990546005263e-01
-3.606990534887595801e-01 -1.687521038308283650e-01 -2.401605361319929244e-02
-3.797924696797710942e-01 -1.277870202764456453e-01 -9.745914874960684426e-02
-3.634982775909116892e-01 -1.604965200431359984e-01 -1.631515487244565576e-01
-3.875241284841325351e-01 -2.316742452099909422e-01 -9.275396318277129293e-02
-3.912245829106716921e-01 -1.710574620867049978e-01 -1.367463016754246474e-01
-2.370596211637092665e-01 -2.284357669398451585e-01 8.285877947556245793e-02
-2.264728556074174504e-01 -3.204153301779604779e-01 4.503991989906418192e-02
-2.001031359762632245e-01 -1.970928608930411774e-01 1.178443268311824416e-01
-2.528641726664048184e-01 -1.906316175703272608e-01 3.099734020555432873e-02
-2.194494291364131600e-01 -2.250904175013481168e-01 -4.512903902308307291e-02
-2.522327978900240630e-01 -1.894505610277471275e-01 1.834931499203822439e-02
-1.439120271210776458e-01 -3.237874297666912815e-01 8.022086879424419892e-02
-1.059291992514042879e-01 -2.927744502382284564e-01 1.461474150020033724e-01
-1.692524290321036351e-01 -1.361023556193512729e-01 4.072428588562977680e-02
-6.175991603254370882e-02 -2.583548281619709730e-01 1.047961863543227096e-01
-1.202895928937015996e-01 -1.463183764023171796e-01 1.168839011864819394e-01
-1.515232253197182077e-01 -1.288043890413153592e-01 8.724105948852685366e-02
-1.685488913845341608e-01 -1.465704775052216746e-01 1.212026452778517810e-01
-5.999514886875213088e-02 -1.922906924303596499e-01 8.224649460522248656e-02
-7.910383657921186973e-02 -7.126567628707797253e-02 -1.788899448530433256e-01
-1.278875989093577747e-01 -7.136399310337977753e-02 -1.773953853504508793e-01
-4.685751562966726513e-02 -7.298006470279508329e-02 -2.024688253134576399e-01
-1.968699884526936561e-02 -6.858394533389516878e-02 -2.435332805734217454e-01
-1.329909565962362171e-02 -1.195840685341784670e-01 -2.396662664254182173e-01
-6.675931994972876538e-02 -6.396112810328456744e-02 -2.775482440192831302e-01
-1.305696578960652277e-01 -6.614959349668857180e-02 -2.108014045024589056e-01
-1.299648673021298606e-01 -3.926959185930214979e-02 -2.748201648873976333e-01
-7.890581412009098350e-02 -9.612051513295169491e-02 -9.454816020434154977e-02
-1.284610727174735900e-01 -1.028448553996258591e-01 -4.946187169044796023e-02
-8.630830451234015877e-02 -9.426738004304632823e-02 -1.541829550131729176e-01
-1.662625182778965094e-01 -1.191080535780308092e-01 -1.409093250978836753e-01
-1.342002461562210869e-01 -9.993601795704740165e-02 -1.539442487109527191e-01
-4.782198276068375109e-02 -1.783924096726615394e-01 -5.880580504267048092e-03
-1.304783412969451051e-01 -1.503037732320716691e-01 -1.481329437464599420e-02
-3.805947294391825997e-01 -2.298063159304735217e-02 -3.514215637336283726e-01
-4.259229363618178277e-01 -7.717496481788166558e-03 -2.771042409581091492e-01
-3.302545587964842988e-01 9.944630139118341289e-03 -2.088847675252293035e-01
-2.660963190918171350e-01 1.738901012035754673e-02 -3.098627556407608785e-01
-2.684192154139586339e-01 3.339695934393487747e-02 -2.318669910674934775e-01
-2.318236637285865653e-01 6.441512566291965336e-02 -2.460028019726114290e-01
-2.492712879476141341e-01 4.438300259709112433e-02 -2.751305594740149907e-01
-2.357114535571394609e-01 5.000487478792809554e-02 -2.949399902235556037e-01
-3.844689935526799940e-01 2.394474273384909480e-01 -3.955173170814585415e-01
-2.186221454726234303e-01 9.319047214732674445e-02 -2.267100005854416900e-01
-1.877708125244512416e-01 9.654717434768471385e-02 -2.514937054995827204e-01
-1.770638090717593649e-01 1.576898203045991320e-01 -2.820538950857236493e-01
-2.642176399912032347e-01 2.007858093723590143e-01 -3.758633261714701690e-01
-2.314450862180077451e-01 1.340009548991850652e-01 -1.718204204147936454e-01
-2.232355859412719079e-01 1.628468598386477173e-01 -2.168310490222588593e-01
-3.105741577037072210e-01 1.109913818167401756e-01 -1.379137377312286417e-01
-3.415405169024744447e-01 5.059480311939879710e-02 -1.547103697634801822e-01
-3.198835887032006053e-01 2.729816186791605981e-01 -3.345800718938443108e-01
-3.183265581513821663e-01 1.998984584692086730e-01 -4.123029927767372094e-01
-3.324614382295066894e-01 1.278776644007711405e-01 -4.108941563759684334e-01
-3.837367682722769846e-01 7.752694040576213474e-02 -1.142411281646977250e-01
-3.448525918839719373e-01 2.962114168453895413e-01 -2.664671970945011181e-01
-3.045750384288169466e-01 2.875562767834077826e-01 -1.993072324124813832e-01
-3.951676414730940778e-01 2.823029461340518242e-01 -2.253784156640114833e-01
-3.654807055562548923e-01 2.652683550547173530e-01 -1.791763985399997539e-01
-4.145178585854377151e-01 2.019602387236681396e-01 -1.062654138366784518e-01
-3.482782771832374502e-01 1.030798120523273992e-01 -9.097261416262428235e-02
-3.332599878192097353e-01 1.263396781605672647e-01 -1.105805206826417225e-01
-3.721694270461933796e-01 1.477471347266770818e-01 -9.795861181375042914e-02
-4.361134885931348126e-01 -4.325770550096211253e-01 -2.456678530677831318e-01
-3.565731978080191045e-01 -4.343767721388170910e-01 -2.404639615151654419e-01
-4.384830610030013287e-01 -4.457569665058361830e-01 -1.479122126953751337e-01
-3.950876006281123232e-01 -4.163196973845099680e-01 4.919602167584671837e-01
-1.562159483026984985e-01 -4.421351524776532815e-01 4.454554586956544493e-01
-2.624297739670670149e-01 -3.303184892915386750e-01 4.534603691827674421e-01
-3.663474414297901993e-01 -3.708361013481300539e-01 4.366087203772957004e-01
-3.205503616712291892e-01 -3.263608877850850409e-01 4.620455630777919875e-01
-2.762608935462209092e-01 -4.023884567753245323e-01 3.639548491572833777e-01
-2.399020988922023756e-01 -3.827512191823347343e-01 3.869837076570260548e-01
-4.596435535595823074e-01 1.680017089357633553e-01 2.572729689654786878e-01
-4.159333341471467826e-01 2.205390844846051301e-01 2.605600592821682993e-01
-4.389581288601033249e-01 3.542895139382114533e-01 3.753953459849235785e-01
-4.756287481345371493e-01 3.578925307478107998e-01 4.088146440552836713e-01
4.713716437338373311e-01 -2.738589010858648309e-02 1.086195201736938343e-01
4.359706709363149746e-01 3.019393406604351654e-02 1.234121916484995085e-01
4.488830389365213169e-01 1.515738023664567335e-01 -1.458197717107892755e-01
3.902355548184153200e-01 2.255222700902632382e-01 4.170132600986183741e-02
3.510037175927277486e-01 1.781240056715192033e-01 7.433194143946773857e-02
3.755864036568001274e-01 1.088907886893179244e-01 -1.436760087199253494e-02
3.818170008081381850e-01 1.276689608640321494e-01 1.417308793254254407e-01
4.530744008548927559e-01 1.037637160071470527e-01 1.632841192715719092e-01
4.331300331519835067e-01 3.682948326647073056e-02 1.626491856993923513e-01
3.530769270836874862e-01 1.872430437300278139e-01 -3.828193425373279529e-02
3.278536167702905124e-01 1.558361328987545591e-01 5.709077181634682890e-03
3.995066629713062700e-01 4.476971161768424357e-01 -3.053183311398960376e-01
2.609889591425976207e-01 4.533143333154236454e-01 -4.317064339990303590e-01
2.540782844832865095e-01 4.836261133044520433e-01 -4.796185823462510434e-01
2.842748772270361490e-01 3.887691303684501776e-01 -3.918291991208789349e-01
3.521069249773424725e-01 3.883061621357561943e-01 -3.245978040928023112e-01
4.405006097045706670e-01 8.990115110852651970e-02 -2.802906980940356174e-01
3.440180225076896470e-01 2.141828165369349946e-01 -1.930268539953182705e-01
3.878289829240209041e-01 2.428765266850529958e-01 -2.517166013044633832e-01
3.271155336879145725e-01 3.101091765841462733e-01 -3.963911234527183747e-01
3.642465830468307186e-01 3.123544085786939539e-01 -3.454669218388672913e-01
4.724159806380510696e-01 1.889069971781388024e-01 -3.728717448024659875e-01
4.211297161441677761e-01 1.657328944406233628e-01 -2.074937037069896073e-01
4.550491113813370792e-01 2.016604411248431039e-01 -2.559244270474984595e-01
2.088719117338097842e-01 4.505523681607991049e-02 -3.641627828911039311e-01
2.520371205749576959e-01 3.033377639387994928e-02 -3.276134898157913034e-01
1.326694815586308418e-01 1.860121477096125242e-01 -3.945816604897683377e-01
1.464879045759651666e-01 2.323834184319639728e-01 -3.682437257103226558e-01
2.220462278557053248e-01 1.651800811004074387e-01 -2.377291783875821185e-01
4.438326162926455876e-01 2.635787572505679521e-01 -4.328222766348824302e-01
4.575871580118119342e-01 7.932293284589343740e-02 -3.773152396996751201e-01
4.733343633168382025e-01 1.119929546749996729e-01 -3.926509311832643290e-01
1.506361743810351039e-01 1.051287835944405419e-01 -3.385599267854864092e-01
2.158785548073439697e-01 9.456739675591012417e-02 -2.848576716640670581e-01
4.366096750977181973e-01 5.313272744185172647e-02 -4.597287907920839523e-01
4.536020708643018762e-01 8.890355630166429934e-02 -4.652897154025757431e-01
2.576769857848464351e-01 -4.342441206710755952e-01 -1.447090639076848984e-01
1.360593140313670069e-01 -4.515037479440846546e-01 -2.494279344712796997e-01
2.670488793167846153e-01 -3.559135388752092677e-01 -1.834146140422709126e-01
2.292236203796104155e-01 -3.559375785729859132e-01 -2.812633036241522499e-01
3.755781337185603586e-01 -4.060337938278170133e-01 -3.306519654321219415e-01
2.741743978845356811e-01 -3.720128117647252819e-01 -3.552951287968392213e-01
3.876230206216630947e-01 -4.418387272382879871e-01 -3.609715138505817933e-01
2.908905500875571537e-01 -4.505778712076713988e-01 -4.283899601466176765e-01
4.911684547032176273e-01 -4.875544076316831177e-01 -3.432121447449092422e-01
4.533327658078577516e-01 -4.424200486605710525e-01 -3.710587808976303359e-01
4.601868732781569382e-01 -4.146877796414498718e-01 -4.334924084939176803e-01
4.490863326005949396e-01 -3.748276944699786006e-01 -3.313467762056078181e-01
4.775428764726796227e-01 -3.346931853862025186e-01 -3.811428869830341681e-01
-2.770624966665193312e-01 -1.773883810304637265e-01 -3.709788591749673681e-01
-2.977730910007438392e-01 -1.059203432862636657e-01 -3.900629033533264400e-01
-2.535604450731745452e-01 -7.406009203284208420e-02 -3.485833419420765744e-01
-2.192048963922875460e-01 -1.239035230269037308e-01 -3.140731724740460362e-01
-2.468256231147736846e-01 -1.022194060860680542e-01 -4.514597474450287584e-01
-2.188845804778814241e-01 -7.418830418451381747e-02 -4.090969002920700204e-01
-1.540438231692305704e-01 -1.055410693112659865e-01 -3.111244256277460596e-01
-2.256564111145454854e-01 -2.370437523059928941e-01 -4.608051555820238954e-01
-1.509655127650458839e-01 -2.797597611341296475e-01 -4.502383219907928891e-01
-8.263269669253550664e-02 -6.888832815626343142e-02 -4.407021580800478122e-01
-1.277103717300372698e-01 -2.663857718229507010e-01 -3.976980384598733931e-01
-8.120500306712992444e-02 -9.512585995043414122e-02 -4.786546151083774236e-01
-3.411212979060881945e-02 -1.638684624933397782e-01 -4.099974421532007751e-01
-5.187296371735192896e-02 -2.052288551160229013e-01 -3.748114484870766483e-01
-8.183351360388228801e-02 -1.959043855122703237e-01 -3.154914871182393221e-01
-9.644868229690285732e-02 -1.021125336551187424e-01 -3.250686364566893749e-01
-9.511998170010323161e-02 -1.658809179259091438e-01 -2.952580203177445073e-01
-4.502566941960956665e-02 -1.262328869138363563e-01 -3.797689761877733883e-01
-7.417078878826359467e-02 -8.074949625364137573e-02 -3.309786423599641592e-01
-6.224225171411430779e-02 -7.343747809514439284e-02 -3.973057012818668743e-01
-3.781571496971243840e-01 -8.653511284505026324e-02 -4.050090918401623719e-01
-4.043181019129073461e-01 9.530279980552583408e-02 -4.120486479865242413e-01
-4.206015013144035475e-01 1.953452535484537927e-02 -3.709705403452292494e-01
-4.764488451754017584e-02 -3.845735809904483882e-02 -4.791642030279978370e-01
-5.433663623040903973e-02 1.006707604436676839e-03 -4.708608547037199110e-01
-7.373090299662340974e-02 2.227881133386808848e-02 -4.702076326745550650e-01
-8.090031997620462934e-02 3.805989634205900196e-02 -4.906121790441825281e-01
4.091174596107731432e-02 -1.988791852811817862e-01 4.784635292600727396e-01
-1.721568305458054393e-04 -3.001103299153931037e-01 4.315306611284828731e-01
-7.738847651408943366e-03 -3.302691514402429362e-01 3.297101453130749094e-01
9.664929794554649733e-02 -2.130668053527708106e-01 -1.904719776527563357e-01
1.284874449355462855e-01 -2.296611945662268839e-01 -1.356717247693650930e-01
1.176981316267974031e-01 -1.956244899343698995e-01 -1.495827148363334802e-01
9.391847697222907576e-02 -1.738347701868905582e-01 -1.136480735556957278e-01
3.528878126266477705e-02 -1.564124192633018773e-01 -6.395158561045120871e-02
-3.159431815657775394e-02 -1.616570724098983780e-01 -5.721564164547526810e-02
-1.710596116967240746e-02 -1.151748368924562643e-01 -6.849397164713227903e-02
-4.094381369706588669e-02 -1.242020020201184266e-01 -8.457365387895288134e-02
-4.531039612791841475e-02 -1.142773089456868840e-01 -1.823528426983531681e-01
-8.840306864726190858e-03 -1.433046825407102987e-01 -2.109725401675292544e-01
-5.017233332688719738e-02 -1.222759251782057632e-01 -1.336303532093602031e-01
-2.353836036135716625e-01 4.452095284554907217e-01 4.327681728219631152e-01
-3.132902352337675334e-01 4.378933852543461236e-01 4.293066322813899327e-01
-3.878607375227237086e-01 3.349185605629672047e-01 4.313151856862478817e-01
-4.437782256542790460e-01 3.605019732153404433e-01 4.551571764965156586e-01
-4.526343434812536426e-01 -1.281610854210984973e-01 3.866588847364137438e-01
-3.943705544473257718e-01 6.321810948190847990e-02 3.859352780679951578e-01
-2.332422398331556179e-01 4.441541627307724616e-01 -2.082386200470708881e-01
-1.883604321126214065e-01 4.562877933415991905e-01 -1.905889691098414940e-01
-3.837920950055536129e-01 4.517345440326134276e-01 -4.929918489371559742e-02
-1.658041271551596862e-01 4.208657692465773148e-01 -1.134366967265271198e-01
-1.833591558240986741e-01 4.132873282757155708e-01 -1.359881816815658728e-01
-1.820167677409130491e-01 4.648263887420359119e-01 1.681459096343265042e-02
-2.019973969939273528e-01 4.584944207783211434e-01 3.807482694288467917e-02
-2.419520731373829558e-01 3.700800519602326366e-01 -1.429889564714732497e-01
-1.959737214314453968e-01 3.806428952519229081e-01 -1.043451347827404618e-01
-2.932239807758535988e-01 3.776119316472969500e-01 -7.306885493327001935e-02
-2.048197606447368369e-01 3.725310773646712814e-01 -2.633702346818588350e-02
-2.080831145508028335e-01 -3.339005767396956426e-01 -9.583117868858631247e-03
-1.295285785928886879e-01 -4.204813674580594185e-01 -1.938961623238155130e-01
-2.491196504264146516e-01 -1.617931569999105368e-01 -2.049711746569969351e-01
-2.207291532122293010e-01 -1.667786773484786766e-01 -2.636170806285993984e-01
-2.437439219010794911e-01 -1.987948617195614276e-01 -3.296248880568012907e-01
-3.000590666219649094e-01 -2.412692251982092861e-01 -2.920317713328290377e-01
-3.114672416128000387e-01 -2.015519417726363560e-01 -1.826232949689362284e-01
-1.787130599387601326e-01 -1.902921031858427203e-01 -2.517019521753792177e-01
-1.700811866976388309e-01 -2.581214644441512940e-01 -3.198527514122482263e-01
-2.683970911748811417e-01 -3.214898715626505754e-01 -2.474926891832967824e-01
-2.554194672128227150e-01 -3.467916373061141200e-01 -2.065567284324955621e-01
-3.080085181011100182e-01 -2.416015999593434105e-01 -1.463191054328738527e-01
-2.866087887735598860e-01 -3.071144142897221929e-01 -1.504072535064835126e-01
-1.830900397580620120e-01 -3.193223438444698914e-01 -2.968977110222366100e-01
-1.751518000278266540e-01 -3.409717561035617850e-01 -2.451410640230083093e-01
-2.436120853061219671e-01 -2.540419583832517203e-01 -1.037804361435317457e-01
-2.225760917352342660e-01 -1.592950574117202867e-01 -1.777322288617953494e-01
-2.259123450144139567e-01 -2.530936797040526653e-01 -7.958731577792339806e-02
-2.257227906006660789e-01 -2.789157816157589176e-01 -9.075999197814035857e-02
-3.668534296523013882e-01 -3.888885809696219220e-01 -7.091028978958210938e-02
-3.946430255339704041e-01 -4.361411955638498927e-01 -1.099247995502278114e-01
-3.208646592464964309e-01 -3.857148769989203752e-01 -9.894595216160038953e-02
-3.149787812640507667e-01 -4.368682515857706394e-01 -1.856419621496619710e-01
-2.802593313094632888e-01 -3.898234497497456430e-01 -1.796868207650679783e-01
-2.556129605046338349e-01 -3.917275766978824403e-01 3.494488000869021976e-02
-3.522363274553660939e-01 -3.714159181827781930e-01 3.494251526062702035e-02
-2.735237325713818501e-01 -4.576653248220033388e-01 7.408997440635245457e-02
-3.372744031440120249e-01 -4.439846214829323290e-01 5.096947399757935371e-02
-2.440881872315023848e-01 -3.778885128338912991e-01 -2.178086135696542108e-02
-1.983733577911029056e-01 -4.443658191131101276e-01 -1.640591272434520631e-01
-1.731032589809487210e-01 -4.554888315552187428e-01 -7.903671384122065713e-02
-1.489252669781585547e-01 -4.571556787217868068e-01 -1.339248281577993249e-01
-2.102632188869711927e-01 -1.964879691050540333e-01 3.374209258841410208e-01
-2.500178564576182594e-01 -1.958459675464031269e-01 2.926358747797396798e-01
-3.000101302744011544e-01 -1.554127759790001062e-01 3.195584883176416091e-01
-1.538742083970630614e-01 -1.885572415519329303e-01 3.531848312476003615e-01
-1.845628453509069455e-01 -1.761998519537034125e-01 4.259141465932514969e-01
-1.680505644588078384e-01 -6.897561974585654510e-02 2.209012845700505656e-01
-1.899531372372026128e-01 1.398634181479910081e-02 2.485336986837121120e-01
4.338183233264775174e-01 4.145978406872128513e-02 -1.054391246154108286e-01
4.059176711496003676e-01 -9.099471790952693567e-04 -1.333619007007994517e-01
4.731248913114984855e-01 9.346152741801294628e-02 -1.659579986621845804e-01
4.057969543984414895e-01 -9.333452193773816852e-02 -1.520695575491669005e-01
3.984879717142835731e-01 -8.292696474261326833e-03 -2.290717364204345463e-01
4.608195627860533494e-01 -1.078860844140276248e-01 -1.123262965439672800e-01
4.547161845994939222e-01 6.808797691241250116e-02 -2.501292145900834152e-01
4.872146447728262220e-01 1.393312738401494659e-02 -2.992417283933760386e-01
3.955949704290892543e-01 -8.769334934828521000e-02 -2.064606599624572159e-01
4.533814904748832975e-01 -1.005032869242621640e-01 -2.289947441058981237e-01
-1.275396705726464242e-01 -2.142041701985430147e-01 -4.806167566545032077e-01
-9.498656233753753619e-03 -1.865113952828720278e-01 -4.760232873569165690e-01
-6.181537436051821877e-02 -1.740434460986549914e-01 -4.597505231999418074e-01
-5.597552110502961031e-02 -1.356030791302788585e-01 -4.907645019930343966e-01
-4.542780523481507737e-01 -1.937677658720205198e-01 -4.498857850996877961e-01
-4.577134795615346863e-01 -1.452462373385372540e-01 -4.522146735293594566e-01
-4.613890504013321014e-01 -4.637192980331932279e-01 -4.874135028528053803e-01
2.094664138921812913e-01 3.880847570558049187e-02 -4.430972302253672890e-01
2.765974258992260904e-01 4.823166692946061901e-03 -4.896085118481428022e-01
2.783960940227472314e-01 -1.531087406140920204e-01 -4.837862755600897957e-01
1.992370375418066053e-01 -6.632514807916134111e-03 -4.306836212017980947e-01
1.714039374023146323e-01 -1.122409583481298601e-02 -4.287178919462993343e-01
2.168677601156395185e-01 -6.155181741792861011e-02 -4.363107557592095231e-01
1.633624923545816399e-01 -5.883572859936778143e-02 -4.297808898355710006e-01
2.535766016585131455e-01 -1.421278594416510443e-01 -4.766550044198029634e-01
-1.117768915513521061e-01 -5.438518487533696572e-02 2.721326866132307010e-01
-1.578091165535061569e-01 3.682586903995199723e-03 2.975811787580919243e-01
-1.876356356505990697e-01 -5.359207488155074903e-03 3.808462790626140904e-01
-1.519887331066613334e-01 -1.834440086830860794e-01 4.741105548441937878e-01
6.279076623834427273e-02 -2.525106048977935891e-01 -1.316761438600888012e-01
2.290551557268952210e-02 -3.722449075938681351e-01 -2.022927281252518555e-02
-6.817943013878412228e-02 -2.053898030029281951e-01 -3.410753805457563542e-02
-5.199882758213988931e-02 -2.194335621578371032e-01 -4.296714860503297873e-02
-1.332274561492924059e-01 -3.410427012474978037e-01 -3.345580842046805281e-02
-4.234640510385639239e-02 -4.101555467580017544e-01 -1.288119148734132545e-02
-1.040765638185642550e-01 -3.448139394464654339e-01 -6.428701195243123959e-03
-5.155301657979780017e-02 -3.007175745869869465e-01 1.718105519024781119e-02
-2.694769269389148403e-01 -4.599362712522883645e-02 4.473739669586477286e-01
-3.191505448926832411e-01 -4.644353611706661389e-02 4.479846986040419976e-01
-2.981583473023789455e-01 -1.359883795688003605e-01 3.652637884391017331e-01
-2.631819408184008502e-01 -1.028313280006354358e-01 4.149007932113256691e-01
-3.776269602280276638e-01 -1.307401126324196639e-01 3.579912154249886291e-01
-3.940941054615950678e-01 -9.676948448575770079e-02 3.881876674374525882e-01
-4.272955501734421180e-01 -1.300786996380216554e-01 4.007602210276666188e-01
-2.531150237875876563e-01 -1.968153063275217551e-01 3.882917378269477027e-01
-2.209929830522576466e-01 -1.804508276484139417e-01 4.319320126051165998e-01
-2.676293483981536658e-01 -2.609522972102525373e-01 4.499234669676948073e-01
-3.179145525626699276e-01 -2.876824719551422938e-01 4.654788443972598944e-01
-2.005892978199971255e-01 -1.756954144762026271e-01 4.733812631065489884e-01
-4.415124136385404352e-01 -2.085796485477414142e-01 4.373726557110840796e-01
-4.387884010082989672e-01 -1.522181956935906855e-01 4.232866345248226803e-01
-1.016830319689811662e-01 -2.130854503856827731e-01 -2.890793499855537352e-01
-1.163086778103951668e-01 -1.939851202073230307e-01 -2.845662992347035014e-01
-1.329610571311239109e-01 -2.354813658403908105e-01 -2.790992512505366951e-01
-1.494477807204239728e-01 -1.873279249693270421e-01 -2.660191500268095366e-01
-4.576169313991668847e-02 -1.635842637149428624e-01 -2.067237314994426478e-01
-7.341581504581450035e-02 -1.584537660899382194e-01 -1.655189425965983285e-01
-4.734492743667937376e-01 4.542265004842527959e-02 -3.654949884836244389e-01
-3.362319871089911039e-01 -3.452071871765303723e-01 -4.378549482069761800e-01
-1.864951251481715144e-01 -4.038885456740369251e-01 -3.996841618363452531e-01
-2.892639323406105412e-01 -4.097060622532893159e-01 -3.645797300547989894e-01
-1.702398632621000829e-01 -3.746020450297227189e-01 -4.598451120717433338e-01
4.196880367544991025e-02 -7.223971685227432993e-02 2.601357395159652475e-01
-8.712890977032544670e-02 -6.984138515159712957e-02 2.739122055819467882e-01
-9.529231652638511796e-02 -7.547790593715085483e-02 2.998151979167305581e-01
7.506583135820082964e-02 6.120659972362629819e-02 2.621888373374685055e-01
-5.244231997192860817e-02 6.494084262027124965e-02 2.723674851968918564e-01
-1.237191457749293316e-01 -1.423639156333171008e-01 4.697883253640919854e-01
-1.020325851505612530e-01 -3.956568464471754698e-02 4.518298893374086411e-01
-1.414536055196576880e-01 -1.280145452133529538e-01 4.252470120979191526e-01
-1.236340029569840127e-01 -7.752471919663578293e-02 3.990560171946369583e-01
-1.086313078449096664e-01 -8.572849162866989781e-02 3.533084980318764723e-01
-1.172917046136213171e-01 -1.435491948315260335e-01 3.619217407091802063e-01
-7.065719431913008997e-02 -1.050254168194854343e-01 3.285721521452580340e-01
3.586961257540765419e-02 -9.577746638264092449e-02 3.062798839837835851e-01
6.698422119046550105e-02 -1.348393734695517709e-01 3.091209800419795761e-01
2.706909018738891393e-02 -1.515555363522763654e-01 3.342533186681605484e-01
6.222815346512797913e-02 -1.299309246619697322e-01 3.885883932285242870e-01
1.677911090565274710e-01 1.318042891910895797e-01 4.753380934870733432e-01
-3.006520565201636561e-02 1.043987499236073424e-01 3.926958271997023631e-01
-6.264605128835015746e-02 8.529511702810330109e-02 4.682178826920967429e-01
9.720321003844127616e-02 1.573522979548195311e-01 4.304387414980881954e-01
3.619793923709731243e-02 1.002161472911426016e-01 4.083092495239218356e-01
-2.407279412536978969e-01 1.447264289446436800e-02 4.354685218145988856e-01
-2.403159517051255689e-01 4.381614494909789881e-02 4.624654140502237887e-01
-1.956332478813391229e-01 2.681420453118274136e-02 4.022072548872248632e-01
-1.540672875248893514e-01 4.758871538181508321e-02 4.398435034076149108e-01
-3.309240300210740671e-01 5.124656875348868740e-02 4.509252295946863387e-01
-3.612591873651301300e-01 6.826902729404527026e-02 4.348514347906567434e-01
-3.503700180830830457e-01 8.012156330799154180e-02 4.705650622069851852e-01
-3.814327788946717535e-01 1.752994387550408928e-01 2.884593460774119156e-01
-3.163363472347646144e-01 2.517590778898006754e-01 4.226103222151948446e-01
-1.379115069375591585e-01 8.857202113681308941e-02 2.727375413766457979e-01
-1.774835733980703045e-01 5.791474051471742074e-02 2.713929750094133952e-01
-2.883234137537237229e-01 1.938352110098142400e-01 2.139789316998445268e-01
-3.643289533928196766e-01 7.893179699744809485e-02 3.060330899886981593e-01
-4.048141237060049469e-01 1.333325812683993639e-01 2.971090332211454577e-01
-3.865762793379549644e-01 9.340966546724616126e-02 3.358970938459275857e-01
-2.001389201304791532e-01 1.954496911748998533e-01 2.728632973061292932e-01
-1.718220083477446647e-01 1.144662845934434070e-01 2.498624163942432252e-01
-2.480720439016753376e-01 1.261770932086502539e-01 2.132771803824256296e-01
-2.723111506463120057e-01 7.489394268176222114e-02 2.369825726952229927e-01
-2.119750757807955244e-01 8.963162749168478161e-02 2.187273275076885848e-01
-2.037433765457273560e-01 6.091615294528689162e-02 2.382060285325116322e-01
-2.319862504311985194e-03 -4.289576048826878596e-01 -8.073227292672888189e-02
2.796298810156608305e-02 -3.387169046753222279e-01 -2.081544723189435453e-01
1.609034681967128066e-02 -4.335115110277202866e-01 -3.795631281528092510e-02
2.750567747405849306e-02 -3.685956320544145903e-01 -5.967783577394748101e-02
-2.174787694479377725e-03 -4.004863841252018775e-01 -3.653571751292438580e-02
2.573627847859397827e-02 -2.623394015169773219e-01 -1.975787596063713625e-01
-4.426213055635792870e-02 -4.386206439258743539e-01 -1.004919024068689215e-01
-1.098311199635750302e-01 -4.143162858435165963e-01 -1.617208429218567334e-01
-1.108827918351810438e-01 -4.294104157941185940e-01 -1.168240961796273569e-01
-8.442373734785856010e-02 -4.139307731278227265e-01 -6.462781791100033479e-02
-3.778161723950344830e-02 -3.936402613608995238e-01 -3.624866587389494188e-02
-9.770000988400853736e-02 -3.669141046900660230e-01 -5.591973104434608266e-02
-6.166405539768296529e-02 -2.643484323564875282e-01 -2.165405081137502796e-01
4.564331317647263297e-02 -2.461480760337887430e-01 -1.689449364921790930e-01
4.649522968778626447e-02 -2.683741958178242348e-01 -1.357815242950759782e-01
-1.100674030225962663e-01 -3.861387565060795946e-01 -2.515753493028912158e-01
-1.394168978794705360e-01 -3.540396964277381930e-01 -2.351781242352583290e-01
-1.145252691129246964e-01 -3.905620683343790089e-01 -2.155225026902550522e-01
-2.535213829875430924e-02 -2.143213553055937637e-01 -1.849441513938915593e-01
-2.820537846735962639e-02 -2.354957578673125829e-01 -1.592216392101298839e-01
-1.249638513935584644e-01 -3.144622153270587583e-01 -2.124128915081323898e-01
-1.158501096579793999e-01 -2.599760019363554497e-01 -2.329751452086957220e-01
-8.024707369576207505e-02 -2.383364851860359512e-01 -8.341371864634108957e-02
-8.582154764685509529e-02 -1.869763245592606926e-01 -1.469669109636093374e-01
-8.021267322707854863e-02 -2.448968758960964331e-01 -1.430509406249401705e-01
-1.384910516093405819e-01 -1.890692123585504536e-01 -5.638317508047109572e-02
-1.060518372349606442e-01 -2.356996634392406476e-01 -6.812842490612466828e-02
-1.604244610625956136e-01 -1.548087694820692028e-01 -1.366714805304914127e-01
-1.552873948492524692e-01 -1.416430680447575419e-01 -1.706692458225885778e-01
-1.226527147217124497e-01 -1.615518584538329083e-01 -1.587392836024749954e-01
-1.727093929492487245e-01 -2.240371644102996940e-01 -8.575273636921439124e-02
-1.854930192346710416e-01 -1.554694062358441264e-01 -1.426617487272406060e-01
-1.986936563306235248e-01 -1.817638265496960281e-01 -1.631237945699389458e-01
-2.031091966022031681e-01 -2.358264601717275089e-01 -1.198392621971372252e-01
-1.570608117917501045e-01 -1.910567807954276220e-01 -1.982520514214407004e-01
-1.755920139713686989e-01 -2.518705710226807337e-01 -9.217069468504904273e-02
-1.286553384915693488e-01 -2.761709274653950663e-01 -7.627821357495133403e-02
-1.306832770579470226e-01 -2.365558504559741870e-01 -1.695441795057606726e-01
-1.072132198351894994e-01 -2.481302739186745931e-01 -1.402195162040372201e-01
-1.536406369740085931e-01 -1.413146477492952802e-01 -2.092783905166561431e-01
-1.914996659554373815e-01 -1.720419382054734492e-01 -1.881268596376652613e-01
-1.657416569313092669e-01 -1.780376320654579181e-01 -2.182958622507377988e-01
-1.326608669290970099e-01 -2.850961582244540549e-01 -1.771925967888204334e-01
-1.110426205448752784e-01 -3.040770979412770747e-01 -1.186084211182335119e-01
4.630156455646084607e-02 -1.238390119195432321e-01 4.428257132283707209e-01
3.892824696804000201e-02 -4.718444328451254499e-02 4.346203128655830028e-01
4.152550651695834094e-02 3.027996231115138298e-02 4.537973856074272172e-01
1.085138742546200574e-01 -1.393227892766417952e-01 4.750384477057801313e-01
4.952721897809596319e-02 -1.635184533010188290e-01 4.651725281294026848e-01
6.343685109383444265e-02 -1.334670862352971277e-01 4.453647607146120069e-01
-7.792231793141567164e-02 1.454183557169837770e-01 4.539775500104197281e-01
-1.010741666295306707e-01 1.618714242494256605e-01 4.583058131780297639e-01
-2.932123003517787818e-02 1.565420897571583592e-01 4.587277051565499253e-01
-5.873572006023588393e-02 1.392700456828141475e-01 4.640777515648356055e-01
3.737495136187001660e-02 1.953792603528813898e-01 4.567701773996581394e-01
-2.058116629486871907e-01 2.542639340568473294e-01 3.512290873344579012e-01
-2.354061920167758448e-01 2.760973843067351940e-01 4.211690069215014987e-01
7.583966243286227593e-02 3.691290413597202447e-01 3.169949104204576873e-01
4.874915031208820748e-02 3.975546611939174135e-01 2.721441748520640469e-01
-2.094762191265010232e-01 4.206865806942682862e-01 3.994722776298341160e-01
-7.797088852923204916e-02 4.690958810316006589e-01 4.350696687551913189e-01
-1.694094916339115575e-01 3.062972807586402668e-01 2.895705431772975791e-01
-1.074051646948452204e-01 3.767426379132076675e-01 2.591350518327008023e-01
-1.617425958920313545e-01 3.790738785575999414e-01 2.644966028727749885e-01
-1.631197966220555851e-01 4.520717638590220910e-01 4.491457779074308210e-01
-1.873835738058235167e-01 4.396726389203642893e-01 4.427384991875740194e-01
-1.780502653675951064e-01 4.452484921032923704e-01 4.667425797485914574e-01
5.000000000000000000e-01 -2.923805765988707894e-01 3.179991442908182697e-01
5.000000000000000000e-01 -2.352069246410182501e-01 2.713330922981634918e-01
3.865928996379606186e-01 -5.000000000000000000e-01 2.185905951584035389e-01
3.218570389685537214e-01 -5.000000000000000000e-01 1.732093040925027083e-01
5.000000000000000000e-01 -2.697006006219899166e-01 2.265305819176005042e-01
3.777586749651420939e-01 -5.000000000000000000e-01 1.456201297937448347e-01
5.000000000000000000e-01 -3.470557791158134231e-01 3.669564039454781268e-01
4.453755104450384805e-01 -5.000000000000000000e-01 3.264599684831638315e-01
5.000000000000000000e-01 -3.323298764810375117e-01 3.626015218343682789e-01
5.000000000000000000e-01 -3.178665299099201480e-01 1.212167457775052692e-01
4.061601906747211999e-01 -5.000000000000000000e-01 1.105330254780908378e-01
-5.000000000000000000e-01 -5.803059579828513670e-02 5.836772465343548211e-02
-5.000000000000000000e-01 -3.500697456552419318e-02 9.796170650288549275e-02
-5.000000000000000000e-01 -6.893043335628555590e-02 4.967676464171075917e-02
-5.000000000000000000e-01 -2.860428217465460499e-01 5.960749628168229841e-02
-5.000000000000000000e-01 -7.244510299891634975e-02 1.879879729511822750e-01
-5.000000000000000000e-01 -1.742205791939047677e-01 2.756108125177040291e-01
-5.000000000000000000e-01 -3.178665299099201480e-01 1.212167457775052831e-01
-5.000000000000000000e-01 -2.697006006219900276e-01 2.265305819176001989e-01
-5.000000000000000000e-01 -2.352069246410181114e-01 2.713330922981634363e-01
4.338449544162686355e-01 -5.000000000000000000e-01 4.058322009747833414e-01
3.252713970242170904e-01 -4.516263847387110286e-01 5.000000000000000000e-01
9.979944573493923499e-02 -5.000000000000000000e-01 2.465998246921667636e-01
1.074949876841975877e-01 -5.000000000000000000e-01 2.365752678573234125e-01
2.639531249176834127e-01 -5.000000000000000000e-01 1.805635629595516156e-01
2.358772580354681625e-01 -5.000000000000000000e-01 4.986975753278181100e-01
2.561153176046834790e-01 -4.160631046607594086e-01 5.000000000000000000e-01
8.211075923001980026e-02 5.000000000000000000e-01 -1.594760370760001655e-01
1.515107272719582454e-01 5.000000000000000000e-01 -2.025584055253630833e-01
-7.251692199321373156e-02 5.000000000000000000e-01 -2.903813858326845243e-01
3.209857198066268236e-02 5.000000000000000000e-01 -3.767400792037563506e-01
1.422083111469188144e-01 5.000000000000000000e-01 -2.825667323735449044e-01
-2.959107679849844186e-02 5.000000000000000000e-01 -2.390709487477198913e-01
-5.000000000000000000e-01 3.043066418768100023e-01 -4.639616692084079785e-01
-5.000000000000000000e-01 4.906955853430233216e-01 -3.429151745624541836e-01
-4.506539114842836313e-01 5.000000000000000000e-01 -4.789561393362846697e-01
-4.271478782459792178e-01 4.113661935701838357e-01 -5.000000000000000000e-01
-4.451766425633384983e-01 3.421538338583970940e-01 -5.000000000000000000e-01
-4.105969176256775155e-01 5.000000000000000000e-01 -4.791513790012134066e-01
-3.801736026852318706e-01 4.519979835614310604e-01 -5.000000000000000000e-01
4.061601906747212554e-01 5.000000000000000000e-01 1.105330254780908655e-01
3.777586749651421494e-01 5.000000000000000000e-01 1.456201297937448347e-01
5.000000000000000000e-01 4.403875113941401742e-01 2.831400381744214045e-01
5.000000000000000000e-01 4.150767619352527804e-01 1.164945901433940001e-01
5.000000000000000000e-01 4.281516764831865829e-01 1.021129818786674498e-01
3.865928996379605076e-01 5.000000000000000000e-01 2.185905951584034002e-01
4.453755104450384250e-01 5.000000000000000000e-01 3.264599684831637760e-01
2.822788388491693223e-01 -1.393142759280289467e-01 5.000000000000000000e-01
2.699631464589553054e-01 -1.628221277585878424e-01 5.000000000000000000e-01
3.419341381738791319e-01 -1.076179232384840145e-01 5.000000000000000000e-01
4.403621246860127125e-01 -7.171859201991447053e-02 5.000000000000000000e-01
4.413443503055384798e-01 -2.811261429180570426e-01 5.000000000000000000e-01
2.753560583219887836e-01 -1.983671635848873738e-01 5.000000000000000000e-01
5.000000000000000000e-01 -8.541138695267544434e-02 4.099294827822587139e-01
5.000000000000000000e-01 -1.742205791939047677e-01 2.756108125177040846e-01
4.382312666948904867e-01 -4.237653965336806716e-01 5.000000000000000000e-01
5.000000000000000000e-01 -4.557532331380707014e-01 4.940317307097500943e-01
5.000000000000000000e-01 6.354757556119866591e-02 4.096055230899071087e-01
4.547196265379649938e-01 7.224551002003622158e-02 5.000000000000000000e-01
7.493048340652821993e-02 -5.000000000000000000e-01 -4.030607315452464090e-02
1.197886741238240182e-01 -5.000000000000000000e-01 -6.112205139747328014e-02
5.853585372322071129e-02 -5.000000000000000000e-01 8.105101114050418387e-03
-5.297863014882742139e-02 1.694324583222875380e-01 -5.000000000000000000e-01
-1.618834116652070054e-01 2.102516034193486205e-01 -5.000000000000000000e-01
4.009753551041141811e-02 2.111429233874817235e-01 -5.000000000000000000e-01
-1.945470781199556409e-01 2.324454388771375335e-01 -5.000000000000000000e-01
-1.603696182833258821e-01 4.384210467794934507e-01 -5.000000000000000000e-01
4.123322978876252376e-02 3.578929636760107558e-01 -5.000000000000000000e-01
-4.518249039653464416e-02 4.371755681756475109e-01 -5.000000000000000000e-01
3.507571689464791809e-02 5.000000000000000000e-01 -4.061105068949498742e-01
2.364970458145139176e-01 4.961369058317985914e-01 -5.000000000000000000e-01
4.338449544162686355e-01 5.000000000000000000e-01 4.058322009747833414e-01
5.000000000000000000e-01 3.672151677858569441e-01 4.051682372004977162e-01
-3.622246332340031683e-01 -5.000000000000000000e-01 2.566731950435903187e-01
-3.356116970682633260e-01 -5.000000000000000000e-01 1.908209235537068060e-01
-5.000000000000000000e-01 -3.470557791158133676e-01 3.669564039454781268e-01
-3.383852381591613834e-01 -5.000000000000000000e-01 1.799493765988093852e-01
-4.157985308478144293e-01 -5.000000000000000000e-01 1.048111346409098671e-01
-5.000000000000000000e-01 -2.923805765988711780e-01 3.179991442908185473e-01
-5.000000000000000000e-01 -3.323298764810374006e-01 3.626015218343682789e-01
6.873794435013251547e-02 -5.000000000000000000e-01 2.548850318505553880e-01
-8.041790371057778997e-02 -5.000000000000000000e-01 4.416730467058291865e-01
-2.151209794153959368e-02 -3.979585135518238781e-01 5.000000000000000000e-01
9.900384589200729446e-02 -3.461197419006838416e-01 5.000000000000000000e-01
4.135596848533197312e-01 1.172445689018830478e-01 5.000000000000000000e-01
2.414122456937779770e-01 5.686732823477995413e-02 5.000000000000000000e-01
2.827340008984210451e-01 -1.037746754574273012e-01 5.000000000000000000e-01
3.218570389685538879e-01 5.000000000000000000e-01 1.732093040925027361e-01
1.074949876841976293e-01 5.000000000000000000e-01 2.365752678573234957e-01
9.979944573493926274e-02 5.000000000000000000e-01 2.465998246921667914e-01
2.639531249176834127e-01 5.000000000000000000e-01 1.805635629595516434e-01
2.358772580354681347e-01 5.000000000000000000e-01 4.986975753278181656e-01
2.735024933691663218e-01 4.782398153266202989e-01 5.000000000000000000e-01
2.372661958552907402e-01 4.963243813863919551e-01 5.000000000000000000e-01
3.910866217944870549e-01 2.651596402735489355e-01 5.000000000000000000e-01
5.000000000000000000e-01 3.447045205516863220e-01 4.153944248291782659e-01
3.711731828381840681e-01 2.728913639567093208e-01 5.000000000000000000e-01
5.000000000000000000e-01 1.619065739937441961e-01 2.848552323664655939e-01
2.230204781467413633e-01 -3.421842721270893506e-01 5.000000000000000000e-01
-4.848012259538475588e-01 5.000000000000000000e-01 -2.962355026388339696e-01
-4.608622764174229447e-01 5.000000000000000000e-01 -2.756178007260144946e-01
-3.442789948720207382e-01 5.000000000000000000e-01 -3.080424430980086559e-01
-3.212264328870305663e-01 5.000000000000000000e-01 -3.490907822821246453e-01
-1.717771887815858767e-01 4.519078677415990786e-01 -5.000000000000000000e-01
-2.091412795892409748e-01 5.000000000000000000e-01 -3.880315846030508720e-01
-1.055392674405216114e-01 5.000000000000000000e-01 -2.887941726619223104e-01
5.178771618586217040e-02 5.000000000000000000e-01 -8.052573795122151823e-02
4.456947203724231921e-02 5.000000000000000000e-01 -8.474599852782353782e-02
-5.000000000000000000e-01 -2.493482452163253704e-01 -1.240436792729524423e-01
-5.000000000000000000e-01 -2.974539369288333179e-01 -8.994739961225131641e-02
-5.000000000000000000e-01 -6.764662909209791242e-02 -5.759409927182240069e-02
-5.000000000000000000e-01 -1.487515889771941491e-01 -1.394479534866925607e-01
-5.000000000000000000e-01 1.856136835303180965e-01 -3.744584987230218376e-01
-5.000000000000000000e-01 4.365011811257553109e-01 -2.103593754759086609e-01
-5.000000000000000000e-01 2.260983423315429119e-01 -2.304292536935691194e-01
-2.987961596547652476e-01 2.139225422918266395e-01 -5.000000000000000000e-01
-1.627939811552494009e-01 -3.987920424340551384e-01 5.000000000000000000e-01
-1.527074013711146594e-01 -5.000000000000000000e-01 4.550094699065922454e-01
-4.015745759770198986e-01 -4.402421573992010839e-01 5.000000000000000000e-01
-3.965829348142940747e-01 -4.274665439719058657e-01 5.000000000000000000e-01
-3.253521733540693517e-01 -3.294804946001039236e-01 5.000000000000000000e-01
-2.275528527891695907e-01 -3.413943604492474804e-01 5.000000000000000000e-01
-2.689222577975871609e-01 -5.000000000000000000e-01 3.794557719297730336e-01
-4.194469880064163325e-01 -4.399919457911355414e-01 5.000000000000000000e-01
-2.754844143240095522e-01 -5.000000000000000000e-01 3.589978570420697124e-01
-2.705844496245223274e-01 -5.000000000000000000e-01 2.206709820699720159e-01
-1.224305358679472072e-01 -5.000000000000000000e-01 1.489902350847438772e-01
-1.802960429606420834e-01 -5.000000000000000000e-01 1.486561986267947444e-01
5.000000000000000000e-01 1.563367206031741619e-01 2.324468535705104255e-01
5.000000000000000000e-01 3.241417710150729103e-01 8.355722769882763246e-02
5.000000000000000000e-01 2.449923278420640116e-01 8.009344192768277915e-02
5.000000000000000000e-01 1.779004379495122135e-01 1.434366094988223372e-01
5.000000000000000000e-01 -7.244510299891634975e-02 1.879879729511822750e-01
2.002296567044302145e-01 5.000000000000000000e-01 -1.371217179553867183e-01
2.793465622793955827e-01 5.000000000000000000e-01 -1.347268500662542889e-01
4.014556841849135638e-01 5.000000000000000000e-01 -3.281525801287359378e-01
2.729265505802105918e-01 5.000000000000000000e-01 -4.516709577912746409e-01
2.372661958552906014e-01 4.963243813863919551e-01 -5.000000000000000000e-01
2.649469577551089028e-01 5.000000000000000000e-01 -4.839326982249342879e-01
5.000000000000000000e-01 4.365011811257553109e-01 -2.103593754759086332e-01
4.794610570837340990e-01 5.000000000000000000e-01 -3.243952152379034892e-01
5.000000000000000000e-01 2.260983423315429675e-01 -2.304292536935691194e-01
5.000000000000000000e-01 1.856136835303181243e-01 -3.744584987230218376e-01
5.000000000000000000e-01 3.043066418768100023e-01 -4.639616692084079785e-01
2.735024933691663218e-01 4.782398153266202434e-01 -5.000000000000000000e-01
3.910866217944871104e-01 2.651596402735489910e-01 -5.000000000000000000e-01
3.711731828381840681e-01 2.728913639567094318e-01 -5.000000000000000000e-01
2.002296567044302422e-01 -5.000000000000000000e-01 -1.371217179553866905e-01
1.515107272719583009e-01 -5.000000000000000000e-01 -2.025584055253631111e-01
2.793465622793955827e-01 -5.000000000000000000e-01 -1.347268500662542889e-01
4.014556841849135638e-01 -5.000000000000000000e-01 -3.281525801287359378e-01
1.422083111469188699e-01 -5.000000000000000000e-01 -2.825667323735449599e-01
2.729265505802105918e-01 -5.000000000000000000e-01 -4.516709577912746965e-01
8.211075923001977250e-02 -5.000000000000000000e-01 -1.594760370759999435e-01
-2.959107679849817818e-02 -5.000000000000000000e-01 -2.390709487477195583e-01
-7.251692199321373156e-02 -5.000000000000000000e-01 -2.903813858326845243e-01
3.209857198066266848e-02 -5.000000000000000000e-01 -3.767400792037563506e-01
3.507571689464790421e-02 -5.000000000000000000e-01 -4.061105068949498742e-01
1.026959539820970491e-01 -3.422608455554871365e-01 -5.000000000000000000e-01
9.900384589200716956e-02 -3.461197419006838416e-01 -5.000000000000000000e-01
2.561153176046834790e-01 -4.160631046607593531e-01 -5.000000000000000000e-01
2.649469577551089028e-01 -5.000000000000000000e-01 -4.839326982249343434e-01
2.230204781467413633e-01 -3.421842721270892396e-01 -5.000000000000000000e-01
4.007017336997592549e-01 -5.000000000000000000e-01 -4.020869439148178071e-02
5.000000000000000000e-01 -3.731124374515171760e-01 -1.307751416475969319e-01
5.000000000000000000e-01 -2.860428217465459944e-01 5.960749628168224290e-02
5.000000000000000000e-01 -2.974539369288333734e-01 -8.994739961225134417e-02
4.794610570837340990e-01 -5.000000000000000000e-01 -3.243952152379035447e-01
5.000000000000000000e-01 -4.993893390222204354e-01 -3.091524849567206523e-01
5.000000000000000000e-01 -3.640173012178934409e-01 -2.686404762264393287e-01
5.000000000000000000e-01 -3.655582076575795147e-01 -2.712073607157068356e-01
3.252713970242170904e-01 -4.516263847387110286e-01 -5.000000000000000000e-01
4.382312666948905422e-01 -4.237653965336807271e-01 -5.000000000000000000e-01
4.413443503055384798e-01 -2.811261429180570426e-01 -5.000000000000000000e-01
2.753560583219887836e-01 -1.983671635848873738e-01 -5.000000000000000000e-01
5.000000000000000000e-01 -2.474536369291512883e-01 -2.571909988261629754e-01
5.000000000000000000e-01 -2.719806686015042163e-01 -3.593047865681460729e-01
5.000000000000000000e-01 -2.973156879524967433e-01 -3.538143569773866126e-01
4.839160912157428607e-01 -5.000000000000000000e-01 -3.271016461590300906e-01
5.000000000000000000e-01 -4.521808213089366646e-01 -4.750053066206722518e-01
-2.890564623796669785e-01 1.078147196876294567e-01 -5.000000000000000000e-01
-2.375742077145208131e-01 3.854089251160590368e-03 -5.000000000000000000e-01
-3.265530360299033208e-01 1.267950315654535476e-01 -5.000000000000000000e-01
-3.599068367907991006e-01 9.694171303800518114e-02 -5.000000000000000000e-01
-2.771894806098658126e-01 -6.982809591777085212e-02 -5.000000000000000000e-01
-3.321883085457343343e-01 -6.059923852610370199e-02 -5.000000000000000000e-01
-2.151209794153955551e-02 -3.979585135518238781e-01 -5.000000000000000000e-01
-7.583626151362687917e-02 3.015050704091597894e-02 -5.000000000000000000e-01
-7.606080480587239234e-02 2.987721972632525688e-02 -5.000000000000000000e-01
-7.595857973086547754e-02 2.965154620806104147e-02 -5.000000000000000000e-01
-6.380915127798736375e-02 4.815094418106458801e-02 -5.000000000000000000e-01
4.547196265379650493e-01 7.224551002003619382e-02 -5.000000000000000000e-01
4.135596848533197867e-01 1.172445689018830339e-01 -5.000000000000000000e-01
5.000000000000000000e-01 9.664962571424820514e-02 -3.872601915904748116e-01
1.026959539820970491e-01 -3.422608455554872475e-01 5.000000000000000000e-01
-8.424557788626844956e-02 -3.753686896900639280e-01 5.000000000000000000e-01
-1.965452018218573627e-01 5.000000000000000000e-01 -1.716864181736091899e-01
-2.657671185173849371e-01 5.000000000000000000e-01 -1.884337482029915800e-01
-4.061267425202288450e-01 5.000000000000000000e-01 -6.398862522781928464e-02
-1.717094711745558999e-01 5.000000000000000000e-01 -1.223910680936592249e-01
-3.846259424429741558e-01 5.000000000000000000e-01 -6.300823538994346218e-04
-1.854655020310710667e-01 5.000000000000000000e-01 -2.833106857784153249e-02
-2.398908284609215236e-01 5.000000000000000000e-01 5.052970393766804957e-02
-4.697255508445448147e-01 5.000000000000000000e-01 -1.077495118707898075e-01
-5.000000000000000000e-01 3.241417710150729103e-01 8.355722769882761858e-02
-5.000000000000000000e-01 4.156150241053366279e-01 5.194610436533367293e-02
-5.000000000000000000e-01 4.150767619352528359e-01 1.164945901433940001e-01
-3.383852381591614389e-01 5.000000000000000000e-01 1.799493765988094407e-01
-2.229055111965688174e-01 5.000000000000000000e-01 1.193305718047221742e-01
-3.846259424429741558e-01 -5.000000000000000000e-01 -6.300823538994693163e-04
-4.061267425202288450e-01 -5.000000000000000000e-01 -6.398862522781929851e-02
-2.657671185173848816e-01 -5.000000000000000000e-01 -1.884337482029915800e-01
-2.398908284609215236e-01 -5.000000000000000000e-01 5.052970393766804957e-02
-1.965452018218573349e-01 -5.000000000000000000e-01 -1.716864181736091899e-01
-1.854655020310710667e-01 -5.000000000000000000e-01 -2.833106857784150473e-02
-1.717094711745558999e-01 -5.000000000000000000e-01 -1.223910680936592249e-01
-5.000000000000000000e-01 -2.186701651740983743e-01 -2.250547669854940647e-01
-5.000000000000000000e-01 -2.474536369291513438e-01 -2.571909988261630864e-01
-5.000000000000000000e-01 -3.731124374515172315e-01 -1.307751416475969597e-01
-5.000000000000000000e-01 -3.640173012178933853e-01 -2.686404762264393287e-01
-4.697255508445448702e-01 -5.000000000000000000e-01 -1.077495118707898214e-01
-2.229055111965688174e-01 -5.000000000000000000e-01 1.193305718047222297e-01
-5.000000000000000000e-01 3.672151677858569441e-01 4.051682372004977717e-01
-5.000000000000000000e-01 4.403875113941401742e-01 2.831400381744214600e-01
-5.000000000000000000e-01 3.447045205516863220e-01 4.153944248291783214e-01
-5.000000000000000000e-01 2.449923278420640116e-01 8.009344192768275139e-02
-5.000000000000000000e-01 1.779004379495122135e-01 1.434366094988222817e-01
-5.000000000000000000e-01 1.563367206031742174e-01 2.324468535705104255e-01
-5.000000000000000000e-01 1.619065739937442239e-01 2.848552323664655384e-01
5.000000000000000000e-01 4.156150241053366279e-01 5.194610436533370068e-02
5.000000000000000000e-01 1.621689035888849717e-01 -1.382710724476076680e-01
5.000000000000000000e-01 4.787689113656324880e-01 -8.547554058442424774e-02
5.000000000000000000e-01 -3.500697456552420012e-02 9.796170650288549275e-02
5.853585372322071129e-02 5.000000000000000000e-01 8.105101114050421857e-03
1.197886741238240876e-01 5.000000000000000000e-01 -6.112205139747330790e-02
7.493048340652817829e-02 5.000000000000000000e-01 -4.030607315452462702e-02
4.007017336997591994e-01 5.000000000000000000e-01 -4.020869439148182234e-02
2.364970458145138621e-01 4.961369058317985914e-01 5.000000000000000000e-01
5.000000000000000000e-01 -6.893043335628555590e-02 4.967676464171080081e-02
5.000000000000000000e-01 -5.803059579828513670e-02 5.836772465343550986e-02
5.000000000000000000e-01 -5.857736685995708348e-02 -5.529163238821910298e-02
5.000000000000000000e-01 1.163036234004225233e-01 -1.551955987473047915e-01
5.000000000000000000e-01 -6.764662909209795405e-02 -5.759409927182245620e-02
5.000000000000000000e-01 3.330736053935694219e-02 -3.068419803127342416e-01
5.000000000000000000e-01 -1.519185667344543078e-01 -1.990705369726053497e-01
5.000000000000000000e-01 -1.487515889771942046e-01 -1.394479534866925885e-01
5.000000000000000000e-01 -2.493482452163254259e-01 -1.240436792729524423e-01
5.000000000000000000e-01 -2.186701651740984576e-01 -2.250547669854941202e-01
7.987490255483517543e-02 -2.362456674064623841e-01 -5.000000000000000000e-01
1.847745378123175769e-02 -1.746023469799383998e-01 -5.000000000000000000e-01
-1.023002026600162984e-01 -2.216083686331537517e-01 -5.000000000000000000e-01
-8.424557788626840793e-02 -3.753686896900639280e-01 -5.000000000000000000e-01
-2.087221516852698355e-01 -1.642393031660048242e-01 -5.000000000000000000e-01
-1.029180210904622750e-01 -1.411964997557844381e-01 -5.000000000000000000e-01
-6.330626123465458999e-02 -2.379107442673007028e-02 -5.000000000000000000e-01
-2.076337980279580331e-01 -2.171703038129238206e-01 -5.000000000000000000e-01
-2.274109110306885007e-01 -2.453414681261153474e-01 -5.000000000000000000e-01
-4.612719811809599113e-01 -1.486230850450166729e-01 -5.000000000000000000e-01
-3.329374481327015411e-01 -2.927025925367137682e-01 -5.000000000000000000e-01
-4.545384498681794283e-01 -1.955672490139382658e-01 -5.000000000000000000e-01
2.414122456937780326e-01 5.686732823477990556e-02 -5.000000000000000000e-01
2.827340008984210451e-01 -1.037746754574272734e-01 -5.000000000000000000e-01
1.784893444176135491e-01 1.100670021781680469e-01 -5.000000000000000000e-01
1.154101285433106333e-01 2.994514326038204971e-02 -5.000000000000000000e-01
1.342637438893538315e-01 -1.058296619031192098e-01 -5.000000000000000000e-01
2.699631464589553054e-01 -1.628221277585878979e-01 -5.000000000000000000e-01
2.644852620622328843e-01 -1.625391612633728111e-01 -5.000000000000000000e-01
2.822788388491692668e-01 -1.393142759280289189e-01 -5.000000000000000000e-01
-4.647736830392101143e-02 1.925558798337824451e-02 -5.000000000000000000e-01
-5.824988207125002260e-02 -2.315856041801787890e-02 -5.000000000000000000e-01
4.403621246860128235e-01 -7.171859201991445665e-02 -5.000000000000000000e-01
3.419341381738789654e-01 -1.076179232384840700e-01 -5.000000000000000000e-01
1.634933182819533481e-01 1.471254268653316988e-01 -5.000000000000000000e-01
-1.954075319244985565e-02 -1.421850427049062282e-01 -5.000000000000000000e-01
-1.013994833904367093e-01 -1.435645264222327189e-01 -5.000000000000000000e-01
1.845179089979797488e-02 -1.744785427188978999e-01 -5.000000000000000000e-01
5.000000000000000000e-01 3.873557018676686975e-02 -3.264666543820153310e-01
5.000000000000000000e-01 2.147321035465420136e-02 -3.742589683618545715e-01
5.000000000000000000e-01 6.016249102602531235e-02 -3.651410030882576430e-01
-1.189066051273450775e-01 -2.080742998334182137e-01 -5.000000000000000000e-01
5.000000000000000000e-01 -1.283616540060185107e-01 -4.726043316809644956e-01
5.000000000000000000e-01 -1.996627941674441464e-01 -4.540236414216661798e-01
-1.802960429606421111e-01 5.000000000000000000e-01 1.486561986267947166e-01
-2.705844496245223829e-01 5.000000000000000000e-01 2.206709820699720159e-01
-3.356116970682633260e-01 5.000000000000000000e-01 1.908209235537068338e-01
-3.622246332340031127e-01 5.000000000000000000e-01 2.566731950435903187e-01
-2.689222577975871609e-01 5.000000000000000000e-01 3.794557719297729781e-01
-3.801736026852318706e-01 4.519979835614310604e-01 5.000000000000000000e-01
-2.754844143240095522e-01 5.000000000000000000e-01 3.589978570420696569e-01
-4.271478782459792178e-01 4.113661935701838357e-01 5.000000000000000000e-01
-4.451766425633384983e-01 3.421538338583970940e-01 5.000000000000000000e-01
-2.274109110306884451e-01 -2.453414681261153196e-01 5.000000000000000000e-01
-1.023002026600162567e-01 -2.216083686331538072e-01 5.000000000000000000e-01
-1.189066051273451607e-01 -2.080742998334181582e-01 5.000000000000000000e-01
-2.076337980279580886e-01 -2.171703038129239038e-01 5.000000000000000000e-01
-4.545384498681794283e-01 -1.955672490139382935e-01 5.000000000000000000e-01
-3.329374481327014856e-01 -2.927025925367137682e-01 5.000000000000000000e-01
-5.000000000000000000e-01 -8.541138695267538883e-02 4.099294827822587695e-01
-4.612719811809599113e-01 -1.486230850450167007e-01 5.000000000000000000e-01
-1.224305358679472350e-01 5.000000000000000000e-01 1.489902350847438772e-01
6.873794435013250159e-02 5.000000000000000000e-01 2.548850318505553880e-01
-5.693208419366350276e-02 5.000000000000000000e-01 6.262624516309674150e-02
-5.000000000000000000e-01 -3.655582076575795147e-01 -2.712073607157068356e-01
-5.000000000000000000e-01 -2.973156879524967433e-01 -3.538143569773866126e-01
-5.000000000000000000e-01 -2.719806686015042163e-01 -3.593047865681460729e-01
-5.000000000000000000e-01 -1.519185667344543356e-01 -1.990705369726053220e-01
-5.000000000000000000e-01 -1.996627941674441464e-01 -4.540236414216661243e-01
-5.000000000000000000e-01 -1.283616540060184830e-01 -4.726043316809644956e-01
-5.000000000000000000e-01 2.147321035465421177e-02 -3.742589683618545715e-01
-5.000000000000000000e-01 3.330736053935694913e-02 -3.068419803127342971e-01
-5.000000000000000000e-01 3.873557018676688363e-02 -3.264666543820153310e-01
-4.608622764174228892e-01 -5.000000000000000000e-01 -2.756178007260145502e-01
-3.442789948720207382e-01 -5.000000000000000000e-01 -3.080424430980086559e-01
-5.000000000000000000e-01 4.787689113656325435e-01 -8.547554058442423386e-02
-5.000000000000000000e-01 9.664962571424820514e-02 -3.872601915904748116e-01
-5.000000000000000000e-01 6.016249102602530541e-02 -3.651410030882575875e-01
-3.965829348142940747e-01 -4.274665439719058657e-01 -5.000000000000000000e-01
-3.212264328870305663e-01 -5.000000000000000000e-01 -3.490907822821246453e-01
-3.253521733540694072e-01 -3.294804946001039236e-01 -5.000000000000000000e-01
-2.275528527891696184e-01 -3.413943604492474804e-01 -5.000000000000000000e-01
-2.091412795892409748e-01 -5.000000000000000000e-01 -3.880315846030508720e-01
-1.627939811552494009e-01 -3.987920424340551939e-01 -5.000000000000000000e-01
-5.000000000000000000e-01 -4.521808213089366646e-01 -4.750053066206722518e-01
-4.506539114842836313e-01 -5.000000000000000000e-01 -4.789561393362846142e-01
-4.924339771110052277e-01 -4.588984610916688189e-01 -5.000000000000000000e-01
-4.194469880064161660e-01 -4.399919457911354859e-01 -5.000000000000000000e-01
-1.055392674405216252e-01 -5.000000000000000000e-01 -2.887941726619223104e-01
1.634933182819534314e-01 1.471254268653316155e-01 5.000000000000000000e-01
1.784893444176135491e-01 1.100670021781680885e-01 5.000000000000000000e-01
-5.000000000000000000e-01 6.354757556119866591e-02 4.096055230899071642e-01
-2.987961596547653031e-01 2.139225422918266950e-01 5.000000000000000000e-01
-3.265530360299033763e-01 1.267950315654535198e-01 5.000000000000000000e-01
-3.599068367907991006e-01 9.694171303800523665e-02 5.000000000000000000e-01
-3.321883085457343343e-01 -6.059923852610368811e-02 5.000000000000000000e-01
5.178771618586219816e-02 -5.000000000000000000e-01 -8.052573795122158762e-02
4.456947203724232615e-02 -5.000000000000000000e-01 -8.474599852782359333e-02
-5.693208419366351664e-02 -5.000000000000000000e-01 6.262624516309672762e-02
-5.000000000000000000e-01 -5.857736685995714593e-02 -5.529163238821906134e-02
-5.000000000000000000e-01 1.163036234004225650e-01 -1.551955987473048193e-01
-5.000000000000000000e-01 1.621689035888849717e-01 -1.382710724476076958e-01
1.342637438893538593e-01 -1.058296619031192098e-01 5.000000000000000000e-01
2.644852620622328843e-01 -1.625391612633727556e-01 5.000000000000000000e-01
7.987490255483513379e-02 -2.362456674064623008e-01 5.000000000000000000e-01
1.847745378123170912e-02 -1.746023469799383998e-01 5.000000000000000000e-01
1.845179089979794018e-02 -1.744785427188979554e-01 5.000000000000000000e-01
-1.013994833904367648e-01 -1.435645264222326911e-01 5.000000000000000000e-01
-1.029180210904622750e-01 -1.411964997557844936e-01 5.000000000000000000e-01
-1.954075319244984177e-02 -1.421850427049063115e-01 5.000000000000000000e-01
-6.330626123465460386e-02 -2.379107442673001477e-02 5.000000000000000000e-01
-5.824988207125003647e-02 -2.315856041801781992e-02 5.000000000000000000e-01
1.154101285433107027e-01 2.994514326038206012e-02 5.000000000000000000e-01
-7.583626151362687917e-02 3.015050704091598588e-02 5.000000000000000000e-01
-7.595857973086547754e-02 2.965154620806106228e-02 5.000000000000000000e-01
-6.380915127798744702e-02 4.815094418106503904e-02 5.000000000000000000e-01
-4.647736830392110857e-02 1.925558798337818900e-02 5.000000000000000000e-01
-1.945470781199556409e-01 2.324454388771375335e-01 5.000000000000000000e-01
-1.618834116652070332e-01 2.102516034193486483e-01 5.000000000000000000e-01
-5.297863014882741445e-02 1.694324583222874825e-01 5.000000000000000000e-01
4.009753551041142505e-02 2.111429233874816958e-01 5.000000000000000000e-01
-1.603696182833258821e-01 4.384210467794934507e-01 5.000000000000000000e-01
4.123322978876255845e-02 3.578929636760107558e-01 5.000000000000000000e-01
-4.518249039653463028e-02 4.371755681756475109e-01 5.000000000000000000e-01
-2.890564623796669785e-01 1.078147196876293318e-01 5.000000000000000000e-01
-7.606080480587239234e-02 2.987721972632526382e-02 5.000000000000000000e-01
-1.717771887815858212e-01 4.519078677415990231e-01 5.000000000000000000e-01
-8.041790371057781772e-02 5.000000000000000000e-01 4.416730467058292420e-01
-1.527074013711146316e-01 5.000000000000000000e-01 4.550094699065922454e-01
-2.375742077145208131e-01 3.854089251160586899e-03 5.000000000000000000e-01
-2.087221516852698355e-01 -1.642393031660048242e-01 5.000000000000000000e-01
-2.771894806098658126e-01 -6.982809591777079661e-02 5.000000000000000000e-01
