200 207
26 29
563 893
443 455
8 283
573 501
217 714
134 257
534 536
60 61
115 139
202 217
296 298
288 294
334 335
565 566
61 62
348 734
34 240
399 396
176 7
356 358
382 384
456 736
240 680
450 449
517 796
146 703
435 434
4 190
535 855
90 140
454 455
34 674
8 647
182 183
35 189
246 244
185 187
38 1
255 253
257 424
210 211
180 193
13 581
269 271
547 544
266 265
221 428
302 304
506 839
123 583
270 271
171 56
97 98
303 304
365 363
519 461
30 608
374 371
571 572
321 324
540 924
88 90
151 380
479 900
156 157
194 491
108 143
468 747
556 834
26 615
59 240
21 339
272 527
308 816
187 188
154 499
12 612
370 926
214 624
216 217
325 309
242 241
371 741
352 363
487 485
94 419
513 511
462 864
314 311
419 434
497 403
543 541
9 10
535 537
228 234
306 305
565 526
37 38
249 255
499 838
498 914
61 132
350 886
37 732
193 182
84 86
391 778
575 918
484 540
482 756
411 412
516 794
343 353
414 417
530 846
464 744
313 226
143 383
225 220
405 242
436 723
257 254
459 465
483 482
558 882
441 316
306 790
114 202
311 649
158 443
15 705
80 804
539 538
131 255
468 347
113 347
557 895
339 337
569 568
340 338
332 334
479 462
57 36
280 495
12 333
519 875
529 849
410 414
179 774
112 780
195 193
172 178
551 872
127 40
516 407
162 169
58 217
119 341
297 293
19 17
545 544
71 69
526 564
87 631
169 259
130 128
553 559
574 915
31 577
383 384
562 200
172 169
189 181
353 359
463 557
348 890
72 52
359 468
293 277
14 33
152 389
428 430
146 149
119 331
0 597
491 487
230 196
416 324
364 725
442 446
466 471
69 128
205 620
220 198
312 311
505 766
293 290
533 537
55 158
190 105
313 312
487 394
71 72
510 782
134 368
406 791
102 103
167 165
235 630
572 922
485 198
173 606
382 386
420 421
213 205
53 66
177 178
424 427
463 560
532 852
6 0
13 871
51 41
233 227
480 481
58 210
538 868
20 19
209 212
32 496
255 254
443 447
498 403
536 537
299 300
366 301
105 104
60 37
38 15
296 267
341 343
132 369
36 114
133 132
385 387
344 113
464 743
299 70
194 493
62 348
86 229
368 240
155 194
212 213
4 129
148 596
501 498
201 203
80 307
531 854
78 167
252 251
83 236
363 445
231 233
144 598
242 243
349 681
283 282
52 51
273 274
284 283
314 313
401 388
46 48
325 664
116 311
178 602
563 565
343 342
113 246
563 439
255 203
149 517
187 181
446 441
405 724
449 443
326 35
516 406
337 319
550 570
423 365
453 454
256 424
462 461
181 710
438 275
18 281
483 484
15 586
290 289
260 640
39 40
333 326
498 870
446 322
401 490
124 148
272 276
473 52
65 66
76 75
557 897
59 679
215 715
527 438
31 576
103 131
524 533
96 97
107 106
360 362
82 24
396 397
387 388
361 464
467 360
425 423
286 273
74 230
547 369
463 363
488 489
452 295
244 245
247 250
395 695
1 5
546 547
567 901
77 20
560 367
79 185
573 916
146 15
356 359
161 162
228 626
400 398
370 37
120 122
517 797
172 171
3 26
437 529
416 422
478 866
86 400
235 397
464 560
182 184
318 336
327 345
68 54
168 177
13 14
391 235
191 303
33 31
367 554
548 546
123 584
41 42
95 426
312 313
105 103
303 305
330 333
274 278
194 381
363 560
341 342
35 652
366 566
67 68
181 306
575 546
151 768
368 369
230 81
369 132
457 728
465 737
345 113
369 370
373 691
115 251
26 616
427 426
399 400
194 155
409 408
302 813
188 80
559 876
431 432
501 497
53 68
6 125
158 159
514 795
335 660
404 845
507 436
58 181
268 93
462 865
182 391
476 378
276 278
22 186
406 891
325 663
457 466
362 355
151 758
492 401
574 573
548 549
101 100
167 158
375 474
64 272
64 65
38 585
575 919
365 366
160 159
33 582
41 150
446 470
56 610
330 657
217 209
395 397
199 792
370 547
480 473
229 396
408 806
275 826
203 139
69 221
571 554
410 218
518 112
121 374
302 58
395 763
421 97
54 51
512 514
49 47
42 5
464 372
166 315
43 44
117 114
340 339
467 740
156 152
302 511
114 216
440 828
143 43
526 479
430 429
423 257
497 495
534 857
183 188
229 399
317 169
124 617
389 835
445 452
19 18
288 455
524 523
181 712
15 588
377 366
212 671
23 24
48 49
481 53
196 485
401 492
76 47
17 55
169 56
384 144
76 77
404 530
106 37
508 559
107 108
437 528
506 389
152 153
497 487
113 251
170 607
310 665
135 136
334 16
428 431
401 501
536 856
191 190
45 753
165 166
364 726
78 98
308 226
142 360
194 195
224 225
460 555
248 113
521 520
154 837
176 601
6 483
68 64
247 252
322 320
458 471
498 574
433 415
151 767
369 131
106 102
331 332
378 542
16 641
532 480
138 137
326 329
113 114
361 90
294 269
458 451
87 261
478 567
258 661
91 74
497 490
122 371
110 785
209 213
246 247
443 448
332 662
407 706
511 515
47 46
262 644
540 544
85 83
26 605
309 310
117 658
115 113
94 95
520 823
561 199
102 201
444 164
291 438
35 314
352 357
145 143
351 256
395 396
42 595
373 693
86 230
408 805
275 825
443 441
41 751
439 438
2 30
282 9
469 750
310 468
436 405
349 682
245 249
513 514
496 495
560 556
184 196
533 531
566 463
407 709
4 143
333 335
572 405
336 340
381 380
111 110
157 152
129 130
38 587
66 72
77 86
394 398
479 474
134 548
390 531
264 56
226 189
408 180
408 808
445 451
257 256
510 110
525 523
485 489
530 389
31 30
279 280
366 423
7 176
291 290
557 898
39 545
86 85
117 116
358 354
569 571
507 772
209 672
254 134
457 687
385 381
228 79
85 28
209 793
440 830
512 788
147 382
418 421
212 207
89 690
118 638
204 203
278 63
213 619
112 783
407 515
461 860
503 500
261 632
215 217
335 118
124 15
134 423
384 757
286 287
259 643
62 60
298 297
567 902
307 308
357 323
237 627
573 917
87 634
65 70
184 245
346 247
189 184
414 413
530 842
147 700
518 799
182 185
536 858
110 784
484 883
45 755
208 204
331 12
353 468
239 372
474 473
161 175
226 716
464 465
221 222
40 4
33 32
218 192
388 803
44 143
460 906
314 650
552 553
201 515
176 603
217 719
24 35
45 853
350 348
312 214
254 127
490 402
457 729
235 777
284 824
108 145
373 692
35 345
149 701
164 163
466 739
175 172
439 563
49 96
225 49
127 129
87 263
350 562
556 507
206 205
51 43
446 353
518 802
413 420
250 354
496 494
96 418
451 522
375 126
432 411
376 127
179 32
480 52
236 86
575 920
349 350
157 54
404 836
555 367
62 731
188 181
312 670
275 563
434 433
90 135
368 243
308 821
27 83
501 500
513 201
436 374
555 379
529 527
55 285
42 6
349 684
166 316
437 847
560 558
52 53
227 238
226 440
509 881
338 331
29 161
507 771
2 11
457 686
210 58
354 355
556 120
110 111
381 769
34 206
344 346
115 666
111 112
36 215
440 829
512 787
527 841
183 80
118 637
498 775
372 373
99 275
412 413
194 225
170 171
430 222
468 467
48 67
205 202
258 119
283 275
450 521
270 96
328 116
141 89
302 190
125 699
21 184
530 154
202 622
194 4
510 112
495 499
528 529
279 282
258 259
319 321
440 819
521 563
497 764
481 525
26 229
153 280
106 38
320 321
547 925
543 549
107 109
377 379
12 27
368 572
307 112
183 180
4 223
25 651
45 754
208 203
557 877
176 177
44 194
340 83
364 727
35 22
238 233
18 274
475 473
75 197
349 34
234 235
271 268
546 570
468 470
456 558
503 501
561 888
542 539
218 223
460 461
27 28
294 293
417 435
286 289
28 29
315 318
34 373
509 553
258 469
502 770
83 84
27 611
176 168
192 184
404 534
304 181
120 749
412 244
266 453
86 165
189 186
518 801
200 201
37 707
73 126
110 786
492 488
389 404
163 444
471 470
20 50
239 373
279 9
152 502
65 525
526 525
502 503
514 211
26 160
260 262
301 299
493 195
549 550
558 557
131 254
113 345
274 281
390 850
491 501
225 68
386 147
121 556
195 385
0 484
348 885
204 59
122 748
312 669
126 130
308 820
12 169
559 879
287 443
431 435
223 224
22 79
68 156
98 320
270 265
254 425
236 237
512 809
5 39
308 833
402 779
46 50
95 323
285 286
386 761
342 336
349 207
526 528
379 134
564 437
63 67
403 497
137 368
85 86
151 43
399 393
485 194
402 403
386 387
309 667
463 555
134 138
89 373
131 203
345 325
378 150
454 452
554 405
469 466
530 153
222 225
317 442
201 208
160 174
115 202
232 234
540 538
24 329
253 255
262 264
28 162
570 568
565 300
351 352
507 773
77 78
209 673
248 57
112 807
376 543
108 109
50 394
415 412
168 100
136 137
114 623
440 831
157 155
453 446
442 164
408 409
494 179
419 418
265 288
441 442
12 609
182 486
170 173
216 214
468 469
429 94
261 633
89 139
268 298
407 811
210 513
349 676
34 59
404 697
58 253
417 225
372 560
361 351
398 485
410 431
5 107
525 526
373 34
567 903
92 91
73 70
372 464
252 257
311 656
571 909
125 593
316 317
237 628
149 147
230 21
351 354
227 82
112 182
367 134
530 843
500 152
339 244
478 904
15 106
425 428
12 340
250 415
11 7
562 348
230 231
226 717
260 635
440 314
372 88
542 541
259 164
181 226
201 516
110 798
84 74
511 810
68 66
254 257
322 323
225 67
249 192
4 109
350 349
315 320
348 884
101 646
177 604
376 375
111 517
406 199
479 566
14 499
393 497
333 653
518 307
203 201
197 198
466 258
551 869
451 450
328 659
88 136
292 449
0 1
326 345
263 261
220 225
423 363
471 472
308 832
499 500
368 927
545 541
151 760
152 504
21 23
357 446
289 291
347 310
132 59
365 295
59 34
458 444
557 463
572 546
141 140
387 149
435 430
447 100
145 146
217 211
17 3
566 377
235 392
528 848
469 258
202 203
81 231
477 478
223 225
14 578
232 233
37 60
463 566
505 506
163 178
349 685
262 263
34 683
91 319
563 892
295 296
330 328
477 851
522 822
534 535
568 908
104 4
109 104
128 425
51 390
479 896
568 538
324 358
239 88
554 556
348 733
355 356
329 340
479 526
148 146
140 142
311 117
448 168
338 345
372 374
161 160
382 383
407 106
342 317
568 921
392 230
456 735
146 702
113 57
520 275
271 93
404 696
36 226
337 356
119 169
2 3
13 580
31 32
489 391
486 493
125 592
57 58
485 392
467 745
426 423
422 321
163 642
204 206
558 878
554 507
182 488
241 239
476 475
414 219
561 889
70 297
255 190
566 555
564 894
314 440
552 509
203 115
43 41
297 299
152 68
388 111
306 304
170 599
305 408
171 600
93 94
79 817
272 153
458 738
422 420
162 165
207 206
346 362
133 208
37 708
189 57
330 655
173 175
523 481
296 454
569 555
40 131
474 476
11 9
267 266
248 245
491 156
475 477
45 41
502 504
494 498
497 501
501 573
542 543
15 704
258 332
124 589
519 861
110 800
366 126
328 327
364 120
389 523
114 214
511 789
380 383
507 121
519 874
401 573
10 31
186 184
249 411
224 221
429 426
402 574
312 827
368 546
424 433
92 75
13 648
181 189
23 81
243 241
236 238
10 11
409 815
403 776
458 466
285 287
501 913
275 273
42 143
554 555
318 83
527 530
82 83
403 498
393 19
538 923
141 142
123 124
240 678
209 720
416 419
314 226
84 230
174 176
520 101
530 284
199 200
8 645
185 186
220 219
201 133
436 507
458 459
509 907
13 579
269 63
25 818
281 279
300 292
214 668
355 346
550 379
496 499
26 30
303 302
8 284
561 562
503 840
568 910
439 292
560 465
483 752
150 45
203 58
510 781
16 639
78 55
362 468
427 423
235 629
146 812
227 625
505 390
482 538
461 862
216 215
537 524
144 594
253 248
349 677
345 327
482 45
404 698
34 675
538 867
159 176
228 232
41 759
277 276
525 527
541 39
522 899
465 472
397 694
57 189
93 222
547 545
73 71
344 339
556 558
187 308
345 340
374 722
572 911
29 613
499 551
148 618
143 144
122 121
135 140
50 398
415 416
478 905
173 174
309 746
193 191
445 446
252 142
35 25
153 499
436 721
25 314
464 467
260 636
449 452
558 880
494 497
486 485
231 232
522 521
390 765
371 742
504 505
531 532
526 859
118 16
105 302
549 376
469 689
532 533
456 465
275 282
164 458
149 408
552 460
563 564
211 713
509 554
258 688
100 99
257 135
83 86
472 459
111 518
350 887
333 654
433 432
519 508
535 389
466 259
367 138
478 476
312 718
444 448
409 814
237 238
10 614
209 621
219 218
506 504
477 45
267 268
259 264
240 243
278 277
538 539
555 552
300 301
367 560
123 590
251 255
219 197
124 591
154 844
519 863
573 912
539 378
179 762
459 446
99 101
458 730
389 524
508 461
12 334
3 159
447 448
226 711
420 92
551 873
