576 801
847 813
822 713
697 700
743 850
582 905
645 799
600 831
599 875
627 922
820 733
578 800
895 809
882 793
695 921
690 760
748 903
691 759
633 827
608 862
764 868
637 870
692 751
650 681
623 761
864 705
661 873
580 784
736 720
683 595
904 588
783 597
634 828
762 867
746 770
893 789
818 731
841 815
671 596
729 836
843 797
781 584
826 790
662 913
817 732
897 795
844 798
603 833
830 890
780 587
614 802
728 668
900 704
615 910
849 814
775 755
694 919
607 881
741 851
682 591
685 590
819 734
639 721
636 871
774 866
604 711
652 678
612 724
865 706
688 838
656 785
824 805
581 901
651 679
776 756
898 794
763 923
646 710
658 803
821 708
667 769
641 869
670 786
686 837
744 854
876 891
878 888
874 884
605 906
777 924
879 889
601 863
625 927
740 767
640 872
894 810
859 703
659 916
622 757
609 723
602 717
816 707
735 719
722 853
899 787
616 908
643 718
606 907
880 792
649 676
747 766
687 669
629 920
807 585
779 752
739 835
742 852
654 675
619 598
610 772
635 771
737 855
666 758
860 709
730 715
856 702
778 883
644 773
725 673
896 811
626 926
665 768
902 589
663 917
842 806
829 885
750 839
674 593
825 808
845 701
877 791
664 912
632 648
693 753
653 680
657 915
677 592
892 788
647 804
727 858
613 909
630 925
642 716
620 594
848 812
745 765
660 914
823 712
834 886
846 796
689 840
628 918
738 714
611 911
