2.406685334647375440e-01 1.748709851613740318e-01 4.411526451194199838e-01
2.048061362861187673e-01 1.943018725557963677e-01 3.903650218148214668e-01
6.931452137111222822e-02 -3.747124011800027077e-01 -3.872078706830659467e-01
3.715063948287126300e-02 -3.276350581642945570e-01 -3.745657588386711034e-01
1.562792150728110896e-01 1.370714600182613985e-01 1.150180197674465915e-01
2.369140916113811335e-01 1.596616175356073419e-01 3.043538095332362081e-01
2.885705615810630342e-01 1.357224623564325938e-01 4.215219366802610557e-01
3.578517275154085089e-03 -4.287261906677639067e-01 -3.680431379249027857e-01
1.395656652924547048e-01 -4.759658916875799672e-01 -2.984249991018662063e-01
1.101577037693863698e-01 -3.972012348282877858e-01 -3.343079752581001873e-01
1.198478510994416962e-01 -4.263265670353366676e-01 -3.722423555326204725e-01
8.735617432024737894e-02 -4.044312226485157202e-01 -3.695239048414704630e-01
-3.049490791527247890e-01 -1.342732064046701923e-01 -4.184534540156246707e-01
4.883529416928168443e-01 -4.530170521574864440e-01 -4.707271360344599809e-01
3.850759320565307897e-01 -4.015322312076243794e-01 -4.116775629025805627e-01
1.752533918170641192e-01 4.552239888476916074e-01 3.471094881587289960e-01
-4.725641974593519645e-01 -1.498454352616255536e-01 -4.647602962205226729e-01
6.635305055698639820e-02 -2.774129164604527409e-01 -2.947816000217016175e-01
1.144432745365985687e-01 -2.873256579924479692e-01 -2.500980743213327973e-01
9.285271121260638139e-02 -2.231688423511927200e-01 -2.670917795916380455e-01
7.672747939980002763e-02 -1.820903070921239542e-01 -2.533315667497413326e-01
-1.040033590068400876e-01 9.217761074322253223e-02 -2.612530179749681936e-01
-1.505738207997778244e-01 1.878746611855108550e-01 -3.608275091300526261e-01
-1.356871700269050296e-01 1.172889633742314058e-01 -3.515418361803254177e-01
-2.047089103672683486e-01 1.149849723714500699e-01 -3.594706946268087511e-01
-2.306424828339738997e-01 2.735881831643611761e-01 -4.587723895667356611e-01
2.580238414014961179e-02 -2.614014670768233795e-01 -4.587363952288993074e-01
-1.982604288763814560e-01 -1.237278815356087774e-01 -4.319301011813657665e-01
-1.461496415579848218e-01 -1.780093864955646088e-01 -4.123655461428956670e-01
-1.127565386039803275e-01 -2.180631011619098836e-01 -4.374515263985518376e-01
8.667457018223252707e-02 -3.751865107801810595e-01 -4.527021517656400484e-01
1.781628993774352354e-01 -4.359924673681560559e-01 -4.466525666679812545e-01
3.106205936263340961e-01 -3.111594850082491370e-01 -4.423221556791626097e-01
3.216090479854307183e-01 -3.568954545412838519e-01 -4.562968403609719559e-01
-4.345593593897574825e-01 1.682236218640081882e-01 3.917780463558721560e-01
-2.395962245878457686e-01 1.967526182461931672e-01 -3.562457129295183988e-01
-3.321472273473668468e-01 3.696407387423505941e-01 -1.503783891578916176e-01
-3.945470584989962948e-02 3.219947025185906364e-01 4.697407412874254895e-01
1.639955407770850027e-01 3.434340496329136849e-01 4.287193609732021793e-01
1.822987251189806812e-01 1.443780156951110782e-01 2.848177419804395760e-01
1.007896647874973323e-01 1.116859071373211970e-01 1.638933938049198791e-01
4.484140190132386850e-01 -9.069087032564735612e-03 2.886352007408042319e-01
3.340311589214896015e-01 1.399993104895749518e-01 3.141040610219115181e-01
3.933297949924580705e-01 6.897820425517764420e-02 9.244433509744896804e-02
3.575386466698367016e-01 1.265138560049905991e-01 7.893954175309986221e-02
4.637890597994934749e-01 -1.334825660442214845e-01 4.175376666899758837e-01
1.101578515190972385e-01 -1.677795254919938750e-01 -2.403365213314380133e-01
9.596931433853155002e-02 -1.610900467531177216e-01 -2.612928282232978017e-01
1.161233426639841498e-01 -1.661746249739335379e-01 -2.015027758838055516e-01
9.048906550450908082e-02 -1.593753636758853398e-01 -1.926459415015798204e-01
1.132704028986349087e-01 -1.510671420615066485e-01 -2.580059932212914187e-01
3.764014128633510481e-01 -6.747070580683658947e-02 7.073004638361461704e-02
2.596655389463539687e-01 -1.973872268679255082e-01 1.056876756756219282e-01
2.394350936521109918e-01 -2.096608427505468886e-01 3.220383973094199936e-02
2.852969066875105097e-01 -1.187797623943886022e-01 -9.825862070041019303e-02
-6.793695988031953764e-04 -2.797357723174369593e-01 -2.596501611714623903e-01
-3.066791123905784344e-01 -3.508703249501878840e-01 -4.426607184017348207e-01
-1.961564736312727542e-01 2.382067221147068925e-01 -1.649916282151476510e-01
-1.367384724166006704e-01 3.839292706967671887e-01 -4.756063158156667581e-02
-3.398489550194691566e-01 1.746908471947434816e-01 3.641672253334142240e-01
-9.448785247202211302e-02 3.063551990649748258e-01 4.544915974586486995e-01
-1.246266188752721132e-01 2.864495720069062945e-01 4.286729893710027328e-01
-1.375989532046208441e-01 3.266696680332524805e-01 4.549976030169198826e-01
1.105619815745804840e-01 -2.147112098972890071e-01 -1.435919630952861015e-01
1.807291679702529019e-01 -2.135866481821575014e-01 -7.350176712061330664e-02
1.702970524846805500e-01 -2.330253460617441597e-01 -7.862468486075326751e-03
1.934676189364563370e-01 -1.987885393096295306e-01 4.513847783970296318e-03
1.446260757501751093e-01 -1.685155183323333861e-01 -1.608248594932734643e-01
2.145429578190197473e-01 -1.696572842921331703e-01 -7.796086182473292714e-02
9.819698780184861475e-02 -8.702744899501467513e-02 5.530436653647471945e-02
9.590095201096585087e-02 -2.328810599910661194e-01 1.038492079700602949e-02
1.240967477111462047e-01 -1.220223139256833428e-01 7.697302758433584302e-02
1.809665576140364052e-01 -1.776499031223849889e-01 8.035585130388786523e-02
1.042827455480033194e-01 -1.624342575194535065e-01 8.056901858733073185e-02
-7.580498148619169152e-02 -4.268266100958997833e-02 -2.725273826985749048e-01
-1.895527653725634365e-02 -7.857772476752689084e-02 -2.313274395471964506e-01
3.169291429926844594e-02 -1.375420011401106146e-01 -2.481383721817345400e-01
1.926998127957084417e-02 -1.790760460303927604e-01 -2.691834123446644744e-01
-3.690380135851191457e-02 -2.329503203742254169e-01 -2.532314809564054636e-01
-9.347463571591935194e-02 1.939424072434243196e-01 -4.094909405995696972e-01
8.136603918161401661e-02 3.684457840516680016e-01 -3.499000251118940530e-01
-9.767134624925204178e-02 5.587620646144647596e-02 -3.759310261496051631e-01
-1.685943179910440459e-01 6.323833840807915885e-02 -3.840316840860734660e-01
-1.550677705184721200e-01 -7.366787978529397429e-02 -3.596432594696906682e-01
-7.777995958029357282e-02 -5.995397115550677586e-02 -3.181175086774485905e-01
-1.116683074928433855e-01 -1.219500440175938227e-01 -3.704861774301408395e-01
-5.802575833403720434e-02 -1.174920301803106110e-01 -3.501039070170763878e-01
-3.563909129963939160e-01 -4.573154695076541709e-01 -4.756176368705842261e-01
-3.291546080160883125e-01 -1.211394118562622857e-01 2.133981804250378311e-01
-3.660323628465029788e-01 7.283249835065208622e-02 1.030516537961801149e-01
-3.218225926804720305e-01 -7.793166420972569286e-02 1.348422798219140739e-01
-9.324308660722430142e-02 -5.796210978226998267e-02 -2.375276605724950252e-01
-7.275711894127406820e-02 -6.405383131995991131e-02 -2.121696706650490483e-01
2.093310481020901198e-03 -1.721797415554141286e-01 -5.542685281569928457e-02
-4.331614589015862771e-02 -1.516391872178421973e-01 -5.562211427978847739e-02
-8.249819107521505490e-02 -1.799012552511023710e-01 -5.365552263643624809e-02
2.752003549193154930e-02 -1.621158408644417237e-01 -1.627640055350720594e-01
-3.771841580058041266e-02 -1.631932245067696519e-01 -1.864381078191433838e-01
-7.875993934001190855e-02 -1.983150431625028132e-01 -1.966591265563880642e-01
-5.314764213414369110e-02 -4.797485183626048477e-01 -1.733242679594251823e-01
-9.377612662691951761e-02 -4.749849795722863588e-01 -1.894874724079567141e-01
-6.795035846313146610e-02 -4.832514885904634627e-01 -1.836226676187423523e-01
-1.133376397085778947e-01 3.373988427464464368e-01 2.317302186380986728e-01
7.151299040816595787e-02 1.361981472931425297e-01 1.468324202465526862e-01
1.411773835198490701e-01 1.568356205003972603e-01 1.223735920059699223e-01
8.340503896577004805e-02 1.644335212360115428e-01 1.143077868208122461e-01
8.188965072434997716e-02 4.038357956542440452e-01 3.694494961321969084e-01
2.196958894331927648e-01 1.946768613421032135e-01 2.255130148605798135e-01
2.627380613122978770e-01 2.160457953149030330e-01 1.956350015280130250e-01
1.952681077854120373e-01 1.774788749406505384e-01 1.527551074695686628e-01
4.335731537510999489e-01 4.383159778989479949e-01 -3.687560431562274532e-01
3.665603629372859995e-01 4.031611119032227908e-01 -3.458859979361370574e-01
2.059753055649355125e-01 3.214333249038295315e-01 -4.529425203972098912e-01
-2.975282733152624370e-01 1.288458835689830495e-01 -8.544293167291734659e-02
-4.128275451745438973e-01 3.371016356377697365e-01 -1.374727151385968515e-01
-3.826332128476598315e-01 1.632914861671342088e-01 4.557731673278926643e-02
-4.223382667467744933e-01 2.272876137456498746e-01 -3.068635765514233782e-01
-4.600434111790275837e-01 2.900972233576117887e-01 -2.578546821524638766e-01
-4.825052634948145958e-01 -1.237220879620254538e-01 -4.730376361373158089e-01
-3.639365289733707542e-01 -2.002417953550391094e-01 -3.085427984586408545e-01
-4.603693383228761871e-01 -3.720730408310566895e-01 2.818874410039349798e-01
-4.077486708308176167e-01 -3.002791937313257220e-01 3.596453971391613269e-01
-4.587460084303133789e-01 -3.176682651327700779e-01 3.246859854608968865e-01
4.719152693478000926e-01 4.323353972681250879e-01 4.525917287485889395e-01
4.485813984411290978e-01 4.620488793235704161e-01 3.718150344495434467e-01
4.888480181759131682e-01 1.871629398110064568e-01 4.568213977051266417e-01
8.718722263350901780e-02 -1.593837671118498722e-01 1.252040693184764963e-01
6.797286509818192823e-02 3.354594630900119973e-02 1.449097135376603007e-01
7.045058628595367300e-02 -7.238854905444440380e-02 7.877030468225820758e-02
1.008442568345790380e-01 3.467926317939825157e-03 9.299001376885143721e-02
9.812771479987383860e-02 -8.633436244505693358e-02 9.725458915714790820e-02
-4.237180170681332896e-03 1.153754565361475581e-01 1.578014044710888686e-01
-1.682268497953270936e-01 1.577725473393735978e-01 3.132330915184447506e-01
-2.081771257629446148e-01 2.141968975335037662e-01 2.770279505681488841e-01
-1.244030236026506947e-01 -8.899494078720084078e-02 2.376545916297407857e-01
-2.606260962572344853e-01 -6.422452095759020874e-02 1.622546056907675782e-01
-2.593542855992026497e-01 -8.990284292005461253e-02 2.235080269044088241e-01
-1.997009427416473470e-01 -7.388061183455392478e-02 2.822125232259095062e-01
-1.793109313583083897e-01 -1.113228187225723392e-01 2.560025460451028079e-01
-3.428251199119999315e-01 1.095312304546917359e-01 8.940077492680130467e-02
-3.042496425936843107e-01 -2.318303155756359230e-02 1.300253886794184577e-01
-3.124177073312119912e-01 3.257555899204733763e-02 1.108878222192330176e-01
-2.961738418473482404e-01 1.077389836498665598e-02 8.298279924023335696e-02
3.394649586970135968e-01 1.981376509587783330e-01 1.544732797913365152e-01
4.457511413568521763e-01 2.672324122514536104e-01 1.508277864571418991e-01
2.885334410548907602e-01 3.172246952273248266e-01 1.656878716933195828e-01
2.509958433761138030e-01 4.484977853516471380e-01 1.360328502192895417e-01
3.381309297162080618e-01 3.026093367444373516e-01 -9.285012630905080389e-02
4.573696528305785658e-01 4.522738245784550526e-01 2.229747121878176142e-01
3.055403168185303331e-01 3.811312471618896747e-01 -1.188855507202263850e-01
2.620437910174167051e-01 -2.362927569409505046e-01 2.962140847502586771e-01
4.657888402061613475e-01 7.543097921592051280e-02 2.658046383176715377e-02
3.496637405835257839e-01 -2.147953512690804201e-01 -1.202951875994579534e-01
2.924147049477024973e-01 -3.502899481606592258e-01 -2.053803347992093908e-01
4.064564146206962603e-01 -4.264921043929381650e-01 -2.611125775445702901e-01
2.783935197478789036e-01 -6.714565263111138549e-02 -9.267160157398540710e-02
3.025901615424710922e-01 -1.530493317798863606e-01 -1.364465731343437183e-01
3.130180543729422782e-01 -1.329181966421438266e-01 -1.180180260051459928e-01
-5.323156097574429507e-02 -3.043475465803313074e-01 -2.921062287257061296e-01
-2.252284190790986712e-02 -3.496596123571595882e-01 -3.497054734067960302e-01
-4.931784855309576110e-02 -3.082720538126365040e-01 -3.777025275888445943e-01
-1.210304043741673996e-01 -2.765468475770667678e-01 -3.887413813281248576e-01
-1.653027158690308640e-01 -2.399877306263014376e-01 -3.758498569796402955e-01
-2.169537176117682931e-01 -4.546051965429124819e-01 -2.470111049590117402e-01
-2.640622913870441790e-01 -4.066057872328835421e-01 -2.453327211371211236e-01
-1.225787430050976345e-01 -2.186150778478898049e-01 -3.119674678691236047e-01
-1.535359069395586251e-01 -2.217866103345652040e-01 -2.733894127961259413e-01
-8.150540841192908947e-02 -2.456368741610162332e-01 -2.873756052523378512e-01
-1.159599034569347986e-01 -4.629041491262803620e-01 -2.533900747753188298e-01
-2.647459170903703196e-01 -2.816994427465897566e-01 -3.565029933468771839e-01
-1.937213771644589189e-01 -3.737551840907584744e-01 -4.747815463616964493e-01
-2.492737780855439622e-01 -3.984725671766424226e-01 -4.425834158140410368e-01
-2.087795862242764477e-01 -3.541560137107284678e-01 -3.915732591320747469e-01
-1.605525437780378484e-01 -3.552105713437016532e-01 -4.433459925080955322e-01
-9.366222420297613815e-02 -3.564879804864050095e-01 -4.012203516892787203e-01
-1.702662825519597189e-01 -3.441188798685492212e-01 -4.177689903781142133e-01
-4.168206942052044006e-02 -4.382256140969146285e-01 -3.799211891293614585e-01
-1.264460176539018710e-01 -4.704186062544589708e-01 -2.902996179313461211e-01
-1.587159139730456858e-01 -4.625855912194312136e-01 -2.850907767530316828e-01
3.045952757574072467e-01 -2.757995717747447340e-01 -4.655746766295965622e-01
1.043510009625015639e-01 3.503704561123314742e-01 -1.690070114325388506e-01
-7.205857682226224359e-02 3.806279606625028733e-01 -1.917156699621498928e-01
1.303637878900805458e-01 2.024688144951380941e-01 -3.017796184365585388e-01
8.258289654603183372e-02 3.218724267078031942e-01 -3.129582448511711301e-01
-1.025322557034626936e-01 1.677923088333178048e-01 -1.721011590915742517e-01
-7.496057940549435972e-02 2.187233898924927922e-01 -3.265429936357613916e-01
-1.208772932087481405e-01 2.128841328324855842e-01 -2.910920811264404162e-01
-2.411224738976543852e-02 3.265715896569750809e-01 -3.325682279850802336e-01
3.383921179060719181e-02 3.558036493432061853e-01 -3.206446486897117087e-01
-1.623408213621409524e-01 2.533958479478616854e-01 -2.557677165317198131e-01
3.458480688430540240e-02 1.958372373157843682e-01 3.329777332332345408e-02
9.454144934658155475e-02 2.607558074378348856e-01 -9.870350346966669242e-02
-6.411563366453262858e-02 1.022710037666224592e-01 -9.333622730767009157e-02
1.176734754841553127e-01 2.566161947711229629e-01 -1.532731792717232366e-01
2.607746445934125412e-01 1.016196257473845344e-01 -9.123090398127724210e-02
2.600504852487087737e-01 1.489144443754589486e-01 -1.412883149405975147e-01
6.288909185406017788e-02 9.713490862191889036e-03 -2.325272953870982096e-01
4.216870828745023642e-02 -7.126792336507647117e-03 -1.983352777374837173e-01
1.099995001249478715e-01 -4.088700611151983855e-03 -2.013514759977980961e-01
-2.704914938281858250e-01 4.754267984616492582e-01 2.797597383902863388e-01
-2.639838440357429317e-01 4.468138762829549915e-01 2.800196561435446263e-01
-1.784665509768273706e-01 3.210396554668827895e-01 2.324106589825454816e-01
-4.268604300180565136e-01 2.453869899509787955e-01 1.207285856288723425e-01
-2.351159916480538292e-01 2.184469442480338197e-01 1.619351170362171854e-01
-2.938173766171864876e-01 2.408105402322385236e-01 2.388940205397335481e-01
-4.518054922011255914e-01 2.934605355763305612e-01 1.781285835284319996e-01
-4.175530700391612005e-01 2.662172317395026244e-01 2.532631582739947596e-01
-4.297407292063588624e-01 3.495074609001321830e-01 2.481610170739277366e-01
-2.272001046069171970e-01 2.472869626629596584e-01 2.313182930867303810e-01
-4.503993737663304353e-01 4.723658225530236732e-01 1.451697570337045218e-01
-1.422327932534915018e-01 4.162881575251717869e-01 8.957062277985016960e-03
-1.574916232239765290e-01 4.722068828255523432e-01 -6.296793590500046611e-03
-4.543296766826030453e-01 3.924403395738405020e-01 1.856264109901211157e-01
-4.679026237856205861e-01 3.589303404933169572e-01 1.723246768221973202e-01
-4.371686888509123681e-01 4.439207686576145950e-01 -1.282722870539056703e-01
-2.995077817591658143e-01 4.362072824158911843e-01 -8.480529873346294434e-02
-3.650048303501535196e-01 4.304486344462539194e-01 -1.057073986879775024e-01
-2.545948258224604577e-01 4.850020998972348063e-01 -2.514616552895892684e-02
3.886818044655846946e-03 3.096411981565960064e-02 -8.662955013844933494e-02
4.059293931812223144e-02 3.763526806757311674e-03 -1.323078941170212353e-01
9.633775934166251276e-02 -3.761054549185510049e-02 -1.318093024369960120e-01
5.894832819445832567e-02 -8.297365685195054463e-02 1.312161925092160397e-02
3.612089367608655593e-02 -1.177725200441932379e-01 -2.754684902068983005e-02
8.353321213512605870e-02 -8.579310796500153741e-03 -5.643086824153513426e-02
1.089666811165831695e-01 -4.628776441407402020e-02 -3.600798942983519935e-02
1.235384056193639390e-01 -6.378071290628795076e-02 -8.725028478992506720e-02
-1.950319308884141678e-01 4.534166551892174213e-01 -2.828369188722384409e-01
-1.311791043889325159e-01 4.547542693562309224e-02 -4.380035955304907302e-01
-7.314199729325718269e-02 1.191413507462264071e-01 -4.551053306745653781e-01
6.519030127981430278e-02 -1.528384216071360380e-01 -3.996538540768108660e-01
-4.586249677076591202e-02 -3.723141619794321025e-03 -3.157340932749215234e-01
-8.298980159916083399e-02 4.751586732448302014e-02 -4.025313476967357640e-01
-7.314288407618066423e-02 7.106297895206267756e-02 -4.419665510009311848e-01
-1.022527843532028968e-01 4.455254212068610747e-02 -4.366617949151073153e-01
-4.553212369755815087e-02 7.426638028036736117e-02 -4.465776508885710427e-01
4.806609178868619797e-02 2.496200176019381170e-02 -4.675441706682742504e-01
-1.130592873089804606e-01 -6.449561362229656869e-02 -4.140940599995016624e-01
-9.544821794095488532e-02 -4.660392880066600158e-02 -4.644259522325260847e-01
-1.032285850711534142e-01 -4.032647456636949054e-03 -4.420867013466576179e-01
-3.729624848573560025e-01 -1.077411898197929707e-01 2.495968194779089322e-01
-3.159416205250521470e-01 7.512102525933088415e-02 4.441527955444171116e-01
-2.688268252770173450e-01 -9.308825236766374300e-02 3.802458335681900836e-01
-2.683748501979271728e-01 -9.139167010940731084e-02 4.087049132719671740e-01
-2.540824696808559047e-01 -4.858377583325017290e-02 3.973723390896667929e-01
-1.877063099164278936e-01 4.838589990711554545e-02 -1.047579622662844628e-01
-1.497611784390316669e-01 1.135452389805364226e-01 -7.869792162288742621e-02
-2.344914446540770359e-01 5.342916405147291742e-02 -7.153148057250031944e-02
-2.301076344200911061e-01 1.395651225412120403e-02 -4.838288722538687525e-02
-1.851919442514067815e-01 1.389948578277213631e-01 -5.635367393727100382e-02
-1.138165340662774527e-01 9.996830708186643655e-02 -3.295212196340897848e-02
-1.927193612595343719e-01 -5.536993982461242692e-02 -5.213685233972355226e-02
-2.539353398117145666e-01 1.196411667945692786e-01 1.450012058745706565e-02
-2.437643576626596364e-01 4.007910788809494751e-02 4.275713856000645796e-02
-1.325725813811896303e-01 1.455385193139573929e-01 2.528404526758001869e-02
-4.910201335923608523e-02 2.214724726079476957e-02 1.222413177389423677e-01
-9.634662101871709072e-02 1.333365477539308619e-01 5.613149916394084143e-02
-1.832868266409865554e-01 -9.009576180558308278e-02 3.285206309333003200e-02
-1.605245517004346145e-01 -4.101790031689913490e-02 1.010086697398921707e-01
-4.485456866298103140e-01 -2.660735085478474482e-01 -2.947565250064959064e-01
-3.413449518018555895e-01 -3.651327649923988838e-01 -3.256708173907053028e-01
-4.459048322503467165e-01 -3.603029424221051991e-01 -4.813619608806128936e-01
-3.986170124922381319e-01 -4.519466420231993964e-01 -4.546168131428318104e-01
-3.839052481976462095e-01 -3.795685400520508734e-01 -4.682498588842712861e-01
-3.833713996720681805e-01 -4.193638053632672280e-01 -4.658100681585676806e-01
-3.510995258008138831e-01 -3.715743289045503328e-01 -4.332402425086477882e-01
-4.519615539473333804e-02 -2.437587898135268882e-01 -1.364013943044828370e-01
-1.029440585827332416e-01 -2.336079649988062612e-01 -1.078560098862335059e-01
-5.795400154910008983e-02 -2.333399727439669780e-01 -7.112084322493887611e-02
-7.200362107264471692e-03 -2.071210046948761818e-01 -6.101413718916054441e-02
5.629094705134193855e-02 -2.068358312516016817e-01 -1.199011292005096735e-01
8.321733658570631617e-03 -2.036335047971096768e-01 -1.255463906131760177e-01
2.267370479488379359e-02 -1.930056583012536575e-01 -9.568558142883160089e-02
1.788069847970166770e-01 -2.557163979416148814e-01 -1.238187479615386194e-01
7.134961217928623145e-02 -3.462738630179916788e-01 -1.750499082477855461e-01
1.168924785293319196e-01 -3.042551021045697413e-01 -2.054671566870010790e-01
5.783662190279390686e-02 -4.445369862438918185e-01 -1.844289677991800824e-01
1.403595395242891175e-01 -2.472978555398407385e-01 -1.297783644655035873e-01
1.177581608676903785e-01 -2.636457166648524253e-01 -1.242671326716707214e-01
1.258231320840461631e-01 -2.513327149443091435e-01 -1.488470535982364396e-01
1.289430930842243861e-01 -3.730182941374152739e-01 -2.851895184518975501e-01
2.136228067726251845e-01 -3.242738889098183419e-01 -2.772399292709863960e-01
1.236852406978786040e-01 -3.127947667153850309e-01 -2.542575260615421162e-01
1.164239694075242804e-01 -4.191187301618132244e-01 -2.807808221015502537e-01
1.302650177964000122e-01 -4.596747789655470928e-01 -2.658225818060312440e-01
1.514344881660530662e-01 -4.869730075126916247e-01 -2.600685818870114296e-01
-2.248495640177580746e-03 -2.910922736223940377e-01 -1.908900107122315504e-01
2.329153719286443380e-02 -3.125481384174845223e-01 -1.689542587247415406e-01
-3.423086250744848680e-02 -3.118087255325099894e-01 -1.849864090134133443e-01
-2.012680941940517970e-02 -2.856316704586954192e-01 -1.400323774557091228e-01
6.316944729817793036e-02 -3.263287742269819214e-01 -1.445594452300372756e-01
8.741961392335417802e-02 -3.018703557507794732e-01 -1.244471487383755071e-01
8.295942488676981419e-02 -3.418647334056710840e-01 -1.041647627847445551e-01
1.349843089554634418e-03 -3.819681064606113008e-01 -3.253060653871077401e-02
9.994002811813861020e-02 -2.714626695059818018e-01 -1.030905823334543059e-01
5.184647650510004063e-02 -2.523817973403044701e-01 -1.291964468548381095e-01
-7.348442685770570360e-02 -2.615890524049677146e-01 1.253671449095777532e-03
-4.653977918130629277e-02 -2.550414076936468044e-01 -4.964403821324485377e-02
6.604985425750120598e-02 -2.583762498635228111e-01 -3.449696243340955037e-02
-6.251462241403773004e-03 -2.272075632309095705e-01 -4.660590441954502033e-02
5.044681193938102548e-02 -2.847301083204693550e-01 1.557941038263880272e-02
1.360056377959600361e-02 -3.308755793767310105e-01 2.572329060866492684e-02
2.341811760017773608e-02 -2.935411317068131742e-01 5.290463405108258160e-02
3.966947383896568535e-02 3.313467759440855698e-01 3.066185633929126991e-03
7.697898914545246718e-02 3.069197609226229639e-01 -9.707254331504093503e-02
2.268470746249042630e-02 3.455100404776593193e-01 -1.113125972531105179e-01
8.280895952783424996e-02 3.409818741901330941e-01 -1.294347265509256106e-01
1.932123182747359780e-02 3.820962055759070108e-01 -1.519951540545357860e-01
9.277762518704492367e-02 3.884808280447268336e-01 -4.153936511192448111e-01
-6.271910843488628928e-02 3.997521518499316251e-01 -4.431223717001388507e-01
-4.717094222471018283e-01 1.564576354176278397e-02 -1.531163361090744635e-01
-4.477113835323251467e-01 2.094002343619448189e-03 -9.983464502512807981e-02
-4.317977282478445145e-01 2.914033225499508273e-01 -3.527134340373399013e-01
-4.154272537546725430e-01 4.547791511326571556e-01 -3.139383721587922227e-01
-3.428425192659027565e-01 4.392866710490496707e-01 -3.395539901137925032e-01
-3.019380115253301744e-01 3.493448705780491936e-01 -4.232774169491795302e-01
-1.582042812843932611e-01 -1.698035751970491392e-01 -2.335712980652454307e-01
-1.808634538499867550e-01 -2.493582288005433412e-01 -2.501836254048065422e-01
-2.378777044685995434e-01 -2.429458210654401873e-01 -2.579359379099874783e-01
-1.892285652941768093e-01 -1.012855050474456287e-01 -2.608321160103986291e-01
-1.455049368692277745e-01 -8.521869419237847187e-02 -2.038377393369186219e-01
-1.308569040300471276e-01 -1.889865358887632407e-01 -1.855929093817179631e-01
-1.200710789399461326e-01 -1.470462010906629924e-01 -1.608738668316452014e-01
-1.406100522551951559e-01 -2.131227006856833694e-01 -1.441467071077648099e-01
-1.397315712032378698e-01 -1.885482425653143002e-01 -9.285958120865230037e-02
-1.271319712406093760e-01 -1.435535263917494808e-01 -1.123897865946682090e-01
-4.625926991036181657e-01 3.611189035315413159e-02 -2.086718202872464567e-01
-2.830899722050858602e-01 1.203072728360288779e-01 -3.620385531248594413e-01
-3.880625548408268011e-01 1.152235198887800599e-01 -2.600551578687035903e-01
-4.538793316987133619e-01 1.493063257848203373e-01 -3.098632837651149052e-01
-2.706063391859338529e-01 4.619265847934071745e-02 -3.381774851709180574e-01
-4.615692625565022689e-01 1.176590304546215326e-01 -4.448984800240384230e-01
-3.629443617950738332e-01 -1.259182549622255842e-01 -3.512757466437088638e-01
-4.426035690975005932e-01 -1.563177090864676100e-01 -3.407317015736824328e-01
-3.802357962827466742e-01 3.962742869274202273e-02 -4.730134362645707635e-01
-4.395166863818764091e-01 -1.258293003952347666e-01 -4.463903985121046025e-01
-4.594754180339076788e-01 -9.894713421392677122e-02 -4.656715023281224330e-01
-2.618058269248472181e-01 -9.378159075913730658e-02 -2.701562988510223806e-01
-2.093904791098782081e-01 -7.095890272999937076e-02 -1.834261357071084730e-01
-3.282544113074477021e-01 -6.529843151124940792e-02 -3.227079304099518264e-01
-1.985014587056622981e-01 1.480455576724298145e-02 -1.742442350375990878e-01
-2.665165360662173910e-01 -3.922304600552600773e-02 -3.126037737578589160e-01
-3.197123506824832151e-01 -1.714259634089523865e-01 -2.359931489385034831e-01
-2.922828949068995708e-01 -1.615043188847438971e-01 -2.406844685006015172e-01
-3.115016236234295910e-01 -1.758549498613891371e-01 -1.975732338217709716e-01
-2.398998149389800494e-01 5.002336094497442792e-02 -1.041212558772328794e-01
-3.738322882650863543e-01 9.429943890452274768e-02 -2.331772958938697071e-01
-2.528343839378586200e-01 -3.310515043538249380e-02 -7.357789622321979361e-02
-3.841485456441570689e-01 2.606581679670331997e-02 -1.122450150930613400e-01
-2.150815661650244126e-01 4.300312206552356908e-01 4.699328785744452674e-01
-4.511332517752796867e-01 3.451030672199754123e-01 4.562974184389530508e-01
-3.446014931598386233e-01 4.492641811481740688e-01 4.443982710142165282e-01
-2.211617662924273420e-01 -1.367082670734323657e-01 -3.576115075911660141e-05
-1.988606523523123448e-01 -1.892878045004106613e-01 -1.092452009513778834e-02
-3.125606822431020726e-01 -1.785937532741473932e-01 -1.280948158241657642e-01
-2.286281939511590200e-01 -1.005276110837335785e-01 -4.602467843203370684e-02
-2.564815162133853854e-01 -9.107890636423775221e-02 -6.895020370068088988e-02
-2.537913127107631617e-01 -1.077286188479721074e-01 -1.021927727190208718e-01
-1.813306143447526719e-01 -1.895324606679096302e-01 -6.581451000258511930e-02
-2.203506439316560706e-01 -1.215106242947296411e-01 -8.934450039678953903e-02
-3.150238763467023695e-01 -1.494714605996188550e-01 -1.292686467291606633e-01
-3.592624145887238774e-01 -8.972191091976523813e-02 1.372171749378448859e-02
-3.507949814787716392e-01 -1.213209443725662973e-01 8.941056612418443739e-02
-3.129846466206647748e-01 -9.269041454940979419e-02 -5.083382366988092871e-02
-1.603587354136924714e-01 -2.733281500448225265e-01 6.407881460046382927e-02
-4.738688866093907492e-01 -4.688273202438418830e-01 1.705968884878425185e-01
-6.806093913073357760e-02 -2.358173513652532249e-01 6.557684539198106732e-02
1.096075829889379266e-02 -2.487844625262949916e-01 1.163782170803045191e-01
-1.962239735175698441e-01 -2.187129720880887918e-01 2.604489050367427283e-01
-1.528697444202002653e-01 -3.654681803864522072e-02 3.574625271104159840e-01
-1.075504435309863338e-01 1.066484028701839143e-01 3.045128624993820865e-01
-4.886515437540341067e-02 1.582326054423100758e-01 4.551946390341412574e-01
-4.807881476398510046e-01 -2.744877477873051141e-01 3.123980706702625398e-01
-4.133519814218414301e-01 -1.738361990443597349e-01 2.080065753199430156e-01
-4.710365321721032283e-01 -3.759199910974008602e-02 2.961570653567483502e-01
-4.370435329597495699e-01 -2.152480057009380499e-01 3.552971286801508977e-01
1.364633036186053139e-01 -2.139940393333488178e-01 2.308282440607801744e-01
1.174534514935677565e-01 -2.068050375618440406e-01 3.054096150487805583e-01
2.143658967950205774e-02 -2.744935245805866231e-01 2.186313208679047382e-01
1.906082147431524820e-01 -2.121922248021756163e-01 3.174268447455248499e-01
1.760265171404366835e-02 -2.548680224600362032e-01 2.958858286714908803e-01
3.636303195801731114e-01 1.551591545167416986e-01 1.620941020821621559e-02
3.225420245290013810e-01 1.483548107996858767e-01 -7.207734850605199139e-02
3.582432659740234504e-01 2.117179308745021915e-01 -1.903100122635972141e-02
3.668473168460226752e-01 1.862372470211053344e-01 4.103123958616920058e-02
4.039133811549853181e-01 2.100110139789040931e-01 4.189830516718773962e-02
3.035878432843388541e-01 1.771390664901833500e-01 -1.136023442031058456e-01
3.655139174770504207e-01 2.690582460428712630e-01 -8.676964870675848984e-02
3.407943471195237217e-01 2.573834091852140182e-01 -1.244196004434071495e-01
3.624784722910165402e-01 2.427613480846378680e-01 -1.887735027524478082e-01
4.253629730153589139e-01 -3.371262556905614272e-01 -1.664988985694808299e-02
4.711674108445851883e-01 -1.667363785514975327e-01 6.542824468538080418e-02
1.853558160018106138e-01 1.653363127577937852e-01 -3.525387415693176929e-01
8.377183095001020097e-02 2.031327942419128285e-02 -3.538740496919372536e-01
1.266929002707804786e-01 -1.501550487466333239e-01 -3.070043869965830008e-01
1.361875180337101532e-01 -1.444719723807873224e-01 -2.748527094869376297e-01
1.213190595454843590e-01 -1.186731159073971392e-01 -4.686979122145721322e-01
1.043732990157968249e-01 -1.291918825503823309e-01 -4.349817463799009465e-01
7.335372007803539485e-02 -5.641011552811808771e-02 -4.755226874688824878e-01
1.182474835226892118e-01 -1.282424145075216904e-01 -2.947420829660440944e-01
1.005502954330570881e-01 -1.390984239086534013e-01 -3.682459393308081252e-01
7.713596188984282731e-02 -1.201987703910384619e-01 -3.205552726223255267e-01
3.613963628590805555e-01 1.515088895797906676e-01 -2.197664797249981317e-01
3.102854154710567025e-01 8.322119704515090755e-02 -4.437216289888392118e-01
3.361956406697860222e-01 -3.899889252428911240e-02 -4.718671287597676622e-01
4.730976262526779830e-01 -4.676042739473241228e-01 -7.302601096088295884e-02
-2.837189261914032090e-01 -1.490322376411622740e-01 4.381109671312174436e-01
-2.126268139132670987e-01 4.709511320176985594e-01 2.490928312519088417e-01
5.546590914032237252e-02 4.842683488102657030e-01 3.176913081644442971e-01
1.444809977810161961e-01 4.428177743117571730e-01 -1.330059401209575110e-01
1.585912516838862973e-01 4.716869968679442415e-01 -7.448025559245504551e-03
-2.116653099754047668e-02 1.952978091435977025e-03 -8.698900931956614346e-02
-9.463651252936625125e-02 4.299739298905917717e-02 -6.746894342171254333e-02
-1.175344044871142746e-01 1.383997238847211458e-02 -9.250965520199508352e-02
-9.311227200251406821e-02 -3.280347537150549858e-02 -1.493194488807839948e-01
-2.147530619920733075e-02 -2.482632430072917798e-02 -1.186972140200331649e-01
-1.281216296894716333e-01 -5.908799439524899805e-02 -7.102960097466984313e-02
-9.527602673513056730e-02 -1.219046555237717905e-01 -1.077312264818807430e-01
3.967523372463761799e-03 -5.821527932560739693e-02 -9.174349557417545153e-02
-3.830621645412182058e-02 -1.318988883002468193e-01 -1.342688342729370654e-01
-5.652986270704806609e-02 -1.269198670042530341e-01 -7.788001683878562065e-02
-9.292405012106337570e-02 -9.670675567472919454e-02 -1.751450278703155228e-01
-5.283735696032686169e-02 -1.359803077176385822e-01 -1.706399643887180628e-01
-1.050518157036733347e-01 -1.172162345319393284e-01 -1.442237715180295088e-01
-8.303405888969039861e-02 -1.845727170503157488e-01 8.634247297225738915e-02
-1.486106341734005354e-01 -8.429492557172411915e-02 3.619375338794515035e-02
-1.868569807606124122e-02 -6.320393180745181860e-02 8.412807979430099448e-02
-6.982629651311898777e-02 -1.800986203868868429e-01 9.669387929283342759e-03
-1.133340146384366337e-01 -1.716833844937813713e-01 4.961718733625044425e-02
8.515254415720631409e-03 -7.196568027117627997e-02 2.150801637455051346e-02
-3.225814186491582358e-02 -1.462309496788800345e-01 -2.240867307713652334e-02
-1.239446302671151287e-02 -1.033108384321814038e-01 -1.588366989513589206e-02
-3.688910019446800526e-02 -3.113720697072232951e-02 -2.952808997733990387e-02
-8.069159556439597925e-02 -2.228462117082362359e-02 -4.636059844954518172e-02
-9.004848468382373183e-02 -6.694640611428366583e-02 -2.762602402472810748e-02
-6.182331517886630740e-02 -9.388851122349450851e-02 -5.633093565719799606e-02
-2.934139890967667197e-02 -7.270986239856822020e-02 -4.894928358565588805e-02
-3.643398484282627803e-01 -1.831723888950865520e-01 4.572467851946693251e-01
1.490598914424736132e-01 -4.846183613975849069e-01 4.620149962964736901e-02
9.873940540124249987e-02 -4.127939412737734459e-01 -7.079177434188374529e-02
3.748351913659924567e-02 -4.398707879540262877e-01 -1.681497296646044387e-02
-2.606013328243629856e-01 4.522872594091906784e-01 -4.611298457449009014e-01
-1.845245944724862308e-01 -2.880989603997924919e-01 -1.943725286828420218e-01
-2.396533636983317339e-01 -2.837982244368335571e-01 -2.140745230420661172e-01
-1.173668709848223468e-01 -3.622337108434723896e-01 -1.961319308010700257e-01
-2.268650503039253696e-01 -4.309782217082847033e-01 -2.078461168933997405e-01
-1.562443286968486500e-01 -3.112139913000233626e-01 -5.708794750941495466e-02
-2.292083871770302372e-01 -2.579215325670585202e-01 -9.886670033353042730e-02
-1.071914800651393579e-01 -4.413262070115950841e-01 -2.015038075166104004e-01
-1.421842712404242925e-01 -4.331649044657233660e-01 -2.171423596424686409e-01
-8.657354202034708845e-02 -3.663420438226371867e-01 -9.402778572661897594e-02
-1.102298721133869175e-01 -4.309546734852837124e-01 -8.753562154436711484e-02
-1.668968687417993479e-01 -4.247555862576392616e-01 -9.166532022836168525e-02
-1.099711431504402509e-01 -3.088989501766640222e-01 -6.569436121180592669e-02
-1.421494426485054585e-01 -2.561181663286679622e-01 -1.053639338435581330e-01
-9.335153885955625730e-02 -2.859385523198242907e-01 -1.041330708867270333e-01
-8.343486030433491796e-02 -3.151560935408838082e-01 -1.418201940636123481e-01
-3.071413859088149012e-01 -4.437731673260345566e-01 9.138190097113128851e-02
-4.771055914748867366e-01 -4.611647421714132888e-01 -1.768219059584565933e-01
-2.692241417077662624e-01 -4.318923980186458733e-01 -1.089589677542683460e-01
-2.944672027109427326e-01 -3.366204639919493369e-01 -6.049023561003081390e-02
-1.633275168930201082e-02 -3.462788953336851661e-01 4.048330052355603170e-01
-2.140850813318244047e-03 -4.332418003799750617e-01 3.952218605392462392e-01
7.076336172120671619e-02 -4.624913710883015172e-01 3.116580328885247830e-01
-1.388310931034018592e-01 -3.759470459779239992e-01 1.407641106510320594e-01
-4.495806276871771590e-01 -1.792961016742019575e-01 1.151161254381729560e-01
-3.128045096079128951e-01 -3.348643350212081593e-01 2.610092941670300731e-02
-4.268098546917022951e-01 -3.659361805349132801e-01 -1.592378658376079059e-01
-4.555915454125963326e-01 -1.030950425441442830e-01 1.228638453440765270e-02
-3.863640222109728795e-01 -1.309145241885724398e-01 -8.119411143352660287e-02
-4.618396925214902637e-01 -2.462336151137470563e-01 -1.882255856873909505e-01
-3.008713230957750784e-01 -2.884030094401424660e-01 -8.640860061788044333e-02
-3.332307750389528200e-01 -3.687948847104147165e-01 -1.058392200193231797e-01
-3.067864915263447401e-01 -3.424805395068700742e-01 -4.952465203160362484e-02
2.745510413624236978e-01 -2.503829778536789674e-01 1.876215553955427884e-01
2.117160086703899768e-01 -2.578327465060848978e-01 2.486084098783609697e-01
2.976816467027131319e-01 -2.473060778854676844e-01 2.830971007299672992e-01
2.416009041183058981e-01 -2.436417497861856629e-01 2.976575777698949876e-01
3.824899900483416659e-01 -2.544889411899772247e-01 3.515004103281333392e-01
3.210158456579076947e-01 -3.155738796005337909e-01 4.157606362274041123e-01
1.503513711218903703e-01 -4.358235176795334231e-01 2.266486657231400192e-01
3.053681503316352797e-01 -2.716828756865966588e-01 1.211470051162077816e-01
3.050545694492167725e-01 -3.041494975682454971e-01 8.652886296198111782e-02
2.967269745935015579e-01 -2.322666763552277969e-02 4.804416639368327413e-01
2.703341064395844429e-01 1.121811123314423592e-01 4.719023516557228626e-01
2.450184345845422274e-01 1.384775334865407104e-01 4.705675957751455640e-01
1.516941531360637141e-01 3.524240466492357254e-02 -2.698404513623022805e-01
1.840544920275253848e-01 1.233523467508767790e-01 -2.474258939419607117e-01
2.116162600538508964e-01 -1.190406509186959227e-01 -2.784326004492836404e-01
2.208593291282773818e-01 1.644233107816673312e-01 -2.952521535853542267e-01
1.968475203362300696e-01 1.330734830416553660e-01 -2.922191807007826214e-01
2.386422662663840177e-01 1.340189377771689727e-01 -3.006152248897806523e-01
3.125189026317043428e-01 -1.171332548462227924e-01 -2.144500004927781811e-01
3.048572781175871715e-01 1.705865400664431930e-01 -2.247184019924844123e-01
2.563232716718087389e-01 1.425627959540548551e-01 -1.697753033755631524e-01
3.337520558793072856e-01 -1.965959043682360685e-01 -4.052653460185861034e-01
3.003552317553555562e-01 -2.837217109700353457e-01 -3.462042455591980428e-01
3.332691522212544721e-01 -2.836060843279347154e-01 -3.943028636064611070e-01
3.015859542968244988e-01 -1.593630860075032629e-01 -3.441082149270674462e-01
4.067914454007773850e-01 -9.422926622283192555e-02 -4.644661536626168430e-01
3.893822670838469335e-01 -3.289561812472601710e-01 -3.430491176950308807e-01
4.092582662940816296e-01 -1.739135653966260575e-01 -2.365686774672104142e-01
3.888457984808024737e-01 -1.104593128756415910e-01 -2.785884322464739493e-01
4.402176467580841690e-01 -1.893902500414775536e-01 -1.533460860265502823e-01
4.420304334055477624e-01 -1.690484136528762615e-01 -2.181730892738362737e-01
4.326950561896565906e-01 -1.965289391260063856e-01 -1.049131428404868061e-01
4.609726462484708409e-01 -1.904835138422471541e-01 -8.208376770527850419e-02
4.568270065415528380e-01 -2.260667371390835956e-01 -9.506476543405793789e-02
-3.463949717663012962e-01 -2.813255692564627375e-01 4.584044840226099704e-01
-1.099892365139656797e-01 -4.362219417784167219e-01 3.869970702014933761e-01
-1.566901792550251804e-01 -3.448966514121403759e-01 4.518555076846499929e-01
4.489341192055826824e-01 3.701803170625440065e-01 -4.650602873266100890e-01
-3.512183883533383927e-02 4.313684443416033187e-01 5.813688302392542445e-02
-1.125113239198669290e-01 4.857441551933845414e-01 1.582085582209410979e-02
-1.241064031083629199e-01 4.328062394522859679e-01 5.177339771327467421e-02
-1.404800322532923362e-01 4.765107959018254902e-01 3.902668437885391944e-02
-1.064351328214296899e-01 3.616790479175593931e-01 2.194362292435952100e-01
-1.683609909334350119e-01 4.269478956191799512e-01 2.263030369543270748e-01
2.970545751140216684e-01 4.508247119290305083e-01 -1.896161895191590951e-01
1.809170702945113451e-01 4.476727918053849953e-01 -4.037491050975716145e-01
-1.109180426042087747e-01 -4.732740138815011988e-01 4.575701838003393696e-01
-4.535572695002403759e-02 -4.751856558721251345e-01 -1.702456311561717506e-01
-9.187100182525055614e-02 -4.621541298882773652e-01 -7.151514189413163414e-02
-1.314433873688228005e-01 -4.819185211028255700e-01 -5.306903688055436552e-02
3.471442075459650334e-01 -3.456403720718973505e-01 5.461070271305083074e-02
4.041023460853707117e-01 -3.593178994155851735e-01 5.687574661335229737e-02
2.700596541310597010e-01 -3.839688741622387380e-01 7.615554096577752119e-02
2.136551728119494564e-01 -4.387094360496718859e-01 1.378610511849795162e-01
1.781630544812938810e-01 -4.455043218104832725e-01 -2.366771591561860066e-02
1.929978689812573700e-01 -4.679276807589198284e-01 5.590649501870900012e-02
1.778230608478656993e-01 -4.781746989829748218e-01 2.286532638224866160e-02
2.778284581343474224e-01 -4.748315319535463264e-01 -2.061011242242415387e-01
4.506777367344426133e-01 -2.669604405258421131e-01 1.030897836395693740e-01
4.019233286806387362e-01 -2.962672586584660928e-01 1.121959766731202707e-01
4.343884809127075419e-01 -3.224014927555869381e-01 9.235811801705055835e-02
4.765626553490094897e-01 -4.177862382152330301e-01 6.771252557867747657e-02
4.626297318541769399e-01 -3.778557305928968435e-01 6.488471121912155193e-02
4.464299721775374374e-01 -4.296300332852454051e-01 1.034238241722524460e-01
4.373485872695896948e-01 -3.630678228079864400e-01 9.013934749399726831e-02
1.921277457042513959e-01 -1.427877055797483197e-01 4.615372245620072977e-01
1.841661464043672647e-01 -1.485667266450592106e-01 3.938159724839745968e-01
2.054212893210694002e-01 1.220276706346169054e-01 4.473037187919269297e-01
1.610447247258864067e-01 -8.720185653618296728e-02 3.341485139488637457e-01
1.523775764430398694e-01 -1.651771615695496742e-01 3.456639418514763085e-01
1.301725923857348088e-01 -1.802786805335063192e-01 3.369993876795981946e-01
1.694485221023793453e-01 1.375330612486795057e-01 4.169410945035570970e-01
1.679506430575498088e-01 1.260805196422290220e-01 3.712450254357211321e-01
-5.945164024620940013e-02 -9.057418324860266878e-02 4.142212518965341927e-01
1.020559241979293597e-01 1.236266697674869713e-01 4.156022128628498735e-01
-6.275194871495021545e-04 -1.612451837462399173e-01 3.247923035507865874e-01
8.621855962951598118e-02 -2.027015981745420858e-01 3.292035245280401368e-01
5.136990594605315985e-02 -2.264381043167601193e-01 3.351443600006432932e-01
4.754335075732326055e-01 -2.821260703566884076e-01 -3.900823186500889106e-01
-8.401985506714085283e-02 -3.398858512364132389e-01 4.053983356589395126e-01
-1.372431504843649452e-01 -3.794252320454116756e-01 4.238005042360110108e-01
-2.242754483557464762e-01 -2.610707391815873524e-01 3.801442338010324051e-01
-4.650169600461076524e-02 -2.905059498328894652e-01 3.274475054668148366e-01
-3.173874116815871282e-01 -3.385787138677859853e-01 3.119039642409608959e-01
-1.794602251117131120e-01 -4.648613542048298242e-01 1.428979621898304464e-01
-2.731098778139854910e-01 -4.559917807859617533e-01 2.143553986318789961e-01
-1.676876507895543322e-01 -4.473753156758465410e-01 3.749465266943959874e-01
-2.264090152605560680e-01 -3.014643694178381073e-01 1.418275648426023938e-01
-2.675372039720775308e-01 4.878135639255551936e-01 3.153265531446003411e-01
-2.652099345770932981e-01 4.732047827117659700e-01 3.486220042644422867e-01
-1.750069531753228533e-02 -4.630441782312848531e-01 1.651457727763596534e-02
1.088486441472169414e-01 -4.738955043672678502e-01 7.074138025234923133e-02
3.012247201473162647e-02 -3.864986667151502631e-01 7.902473824530450996e-02
2.470829455045830784e-03 -3.488245836223701213e-01 1.756368541970690922e-01
4.238978143214229277e-01 -4.066580102670059316e-01 4.235642457663613691e-01
8.022452133085242187e-02 -2.040061895812274317e-01 4.601440533789584730e-01
-8.279828066642335241e-03 -2.405791229394813047e-01 3.958442439137628277e-01
2.172081675854348887e-02 -2.017009532342171063e-01 3.928441738345064271e-01
-1.331842921911884359e-01 -1.786425733342912325e-01 4.467266262977018787e-01
-1.316095041724160974e-01 -1.024999292836224485e-01 4.463961232363178877e-01
4.770065369308230663e-01 5.735106941608816844e-02 -2.765424229943292400e-01
4.495101013028132697e-01 8.257096073248001988e-02 -3.904556448721926976e-01
-1.609466930736320328e-02 -4.425296709474899060e-02 4.758865940587032051e-01
1.884896923246760503e-01 -5.000000000000000000e-01 -4.300698240874867295e-01
1.915421158555760117e-01 -4.787476303966153313e-01 -5.000000000000000000e-01
4.034280185506385341e-01 -5.000000000000000000e-01 -3.336168652277770597e-01
4.953524111137711516e-01 -5.000000000000000000e-01 -4.738097423604768488e-01
4.921867485935128572e-01 -5.000000000000000000e-01 -4.494740905450569368e-01
4.674136527926179285e-01 -4.110869862199684199e-01 -5.000000000000000000e-01
3.218355929692226503e-01 -3.393122278646069079e-01 -5.000000000000000000e-01
4.867386667741103179e-01 4.647236316592702199e-01 5.000000000000000000e-01
4.599126388487480011e-01 3.859987671223231720e-01 5.000000000000000000e-01
1.935691289598763243e-01 3.399208834277443469e-01 5.000000000000000000e-01
1.939087251036641923e-01 5.000000000000000000e-01 4.547463712045551332e-01
2.122105944711419612e-01 3.188702391770795730e-01 5.000000000000000000e-01
2.330449327899573875e-01 5.000000000000000000e-01 3.750609579002740501e-01
4.230360438635570319e-01 5.000000000000000000e-01 3.918943978004189033e-01
5.000000000000000000e-01 4.055321557489974249e-01 4.493188636126601576e-01
5.000000000000000000e-01 4.118537502565514652e-01 4.215182335224987309e-01
5.000000000000000000e-01 2.520747156788562537e-01 4.777266192385286603e-01
5.000000000000000000e-01 1.877740777146548468e-01 4.331861978210783115e-01
5.000000000000000000e-01 3.018151169058755356e-01 1.737359825496953003e-01
5.000000000000000000e-01 1.726455294487828362e-01 3.725485328781736327e-01
5.000000000000000000e-01 3.932816114139794372e-01 1.944662665231674525e-01
2.221507563737427360e-01 2.892775472159768713e-01 5.000000000000000000e-01
5.000000000000000000e-01 3.259170878418861661e-01 1.756563119298261144e-01
-1.809860999497213407e-01 -3.888355488609447352e-01 -5.000000000000000000e-01
-2.566707078284867771e-01 -5.000000000000000000e-01 -4.830631888714533861e-01
-7.392675100328652271e-02 -4.863712654808107771e-01 -5.000000000000000000e-01
-1.680828395294341748e-01 -5.000000000000000000e-01 -2.789480328478458615e-01
-3.763689725107226269e-02 -5.000000000000000000e-01 -4.060871989739751053e-01
-1.637348167697185997e-01 -5.000000000000000000e-01 -2.782922318816293261e-01
5.698072447590431938e-02 -3.180598588789800840e-01 -5.000000000000000000e-01
-1.757709067680124637e-01 -3.590179431725412096e-01 -5.000000000000000000e-01
-1.832765625573593293e-01 -3.680708264848692179e-01 -5.000000000000000000e-01
7.368846013287838614e-02 -3.828314979761034409e-01 -5.000000000000000000e-01
-3.233532665413336171e-01 -1.489485956304914815e-01 -5.000000000000000000e-01
-3.256794357256841410e-01 -3.173354100149553547e-01 -5.000000000000000000e-01
-1.588020108103765371e-01 -1.277598559831933656e-01 -5.000000000000000000e-01
-3.142196591890436541e-01 -1.403378222351479021e-01 -5.000000000000000000e-01
-1.251266516607149604e-01 -1.902232477074866090e-01 -5.000000000000000000e-01
1.445389079364756690e-01 -5.000000000000000000e-01 -3.600831713637456799e-01
6.435224814014008088e-02 -2.526032355988931388e-01 -5.000000000000000000e-01
6.551947137457343751e-02 -2.580548665478539783e-01 -5.000000000000000000e-01
4.418601194663466236e-01 5.000000000000000000e-01 3.610222294906222373e-01
4.943377562941873027e-01 5.000000000000000000e-01 1.740575217630397631e-01
-5.000000000000000000e-01 3.259170878418861106e-01 1.756563119298261144e-01
-5.000000000000000000e-01 3.018151169058755356e-01 1.737359825496953003e-01
-5.000000000000000000e-01 4.948583370520490132e-01 -3.148691085740623619e-02
-5.000000000000000000e-01 1.964369632666835841e-01 5.555189165313129118e-02
-5.000000000000000000e-01 3.073762147309982984e-01 -1.588799698752305090e-01
-5.000000000000000000e-01 4.926875807834290022e-01 -8.757730544014832863e-02
-1.556691704982229307e-01 3.421776334833470656e-02 -5.000000000000000000e-01
-6.620775377139742623e-02 1.348929412341923484e-01 -5.000000000000000000e-01
-1.247317371110824441e-01 -6.450647751854896028e-02 -5.000000000000000000e-01
-2.869718460069065058e-02 -3.809891261430195519e-02 -5.000000000000000000e-01
-1.040034177010648597e-02 -2.839990527663696640e-02 -5.000000000000000000e-01
5.740448249703026390e-02 7.268964354030431341e-02 -5.000000000000000000e-01
-3.447553811510412070e-01 -4.841990323695700149e-01 -5.000000000000000000e-01
-5.000000000000000000e-01 -4.881416214461138381e-01 -4.654315177385955904e-01
-4.002080603799100800e-01 -5.000000000000000000e-01 -3.464520897414716805e-01
-3.026867523229044843e-01 -5.000000000000000000e-01 -4.837207325881123787e-01
-4.139268126515931456e-01 -3.515193238774746987e-01 -5.000000000000000000e-01
-5.000000000000000000e-01 -3.982112434137601853e-01 -4.890074900479258191e-01
-5.000000000000000000e-01 -1.235019927510669635e-01 -4.658630330182090273e-01
-5.000000000000000000e-01 -1.262869736699731016e-01 -4.940050490653548065e-01
-4.409425250993380674e-01 -1.637517205323289482e-01 -5.000000000000000000e-01
-5.000000000000000000e-01 -2.873940411148610541e-01 -4.037580107346148695e-01
-5.000000000000000000e-01 -2.627527713014092825e-01 -4.081981526764887902e-01
-2.160825450863193831e-01 -5.000000000000000000e-01 -2.572716078444370891e-01
-3.995925922843051592e-01 -5.000000000000000000e-01 -3.338465360085613454e-01
-3.910316709157852788e-01 -3.571188977139627130e-01 -5.000000000000000000e-01
1.461287498345698321e-01 -5.000000000000000000e-01 -3.398513270332624847e-01
-7.877701227169532638e-02 -5.000000000000000000e-01 -1.914922167309599244e-01
1.380623005223531041e-01 -5.000000000000000000e-01 -3.091530357050187861e-01
5.000000000000000000e-01 -4.881416214461138381e-01 -4.654315177385955349e-01
-4.888957053398123587e-01 2.891560817428496244e-01 -5.000000000000000000e-01
-3.412834550033226333e-01 3.297600236221732706e-01 -5.000000000000000000e-01
-2.156580102748272831e-01 2.774422309997979785e-01 -5.000000000000000000e-01
-3.160609325729037966e-01 8.305520629132438770e-02 -5.000000000000000000e-01
-3.549702210146198911e-01 6.640409651725365237e-02 -5.000000000000000000e-01
-4.119867458014370154e-01 7.911884886912104453e-02 -5.000000000000000000e-01
-4.995167013115621168e-01 1.607455963945215727e-01 -5.000000000000000000e-01
-5.000000000000000000e-01 3.591989115395107235e-01 -3.370457375445341519e-01
-5.000000000000000000e-01 1.154836149560387465e-01 -4.397844213844660510e-01
-5.000000000000000000e-01 2.789755102859811098e-01 -2.494719599481933225e-01
-5.000000000000000000e-01 1.279423310662858027e-01 -2.815102191160839817e-01
-5.000000000000000000e-01 -1.051074916135739529e-01 -4.484871860336155924e-01
-5.000000000000000000e-01 -2.827796305793421894e-01 -3.902237318763062124e-01
-5.000000000000000000e-01 -9.341804632981487444e-02 -2.980265538913444701e-01
-5.000000000000000000e-01 5.564341569900834589e-02 -2.234559311227138911e-01
-5.000000000000000000e-01 1.251561529492922764e-02 -2.316660979683860255e-01
-5.000000000000000000e-01 5.645647985639029587e-02 -5.902125839554837883e-02
-5.000000000000000000e-01 1.095208712156787861e-01 3.171075997553160497e-02
-5.000000000000000000e-01 4.386223267892938593e-02 -1.423138786881575912e-01
-4.511540743659502306e-01 5.000000000000000000e-01 -1.423094891871188594e-01
-4.606683804246302638e-01 5.000000000000000000e-01 -2.671888772491395336e-01
-5.000000000000000000e-01 4.494274798026215434e-01 -3.420378660940140980e-01
-5.000000000000000000e-01 3.932816114139794372e-01 1.944662665231674525e-01
-4.546577921655045595e-01 5.000000000000000000e-01 1.415302324688033631e-01
-4.608906244346155368e-01 5.000000000000000000e-01 1.492243621812341936e-01
-5.000000000000000000e-01 1.877740777146548745e-01 4.331861978210783670e-01
-4.119867458014370154e-01 7.911884886912104453e-02 5.000000000000000000e-01
-4.888957053398124142e-01 2.891560817428496244e-01 5.000000000000000000e-01
-5.000000000000000000e-01 2.520747156788564203e-01 4.777266192385287713e-01
-3.160609325729037966e-01 8.305520629132440158e-02 5.000000000000000000e-01
-2.156580102748272831e-01 2.774422309997979785e-01 5.000000000000000000e-01
-3.549702210146198911e-01 6.640409651725366624e-02 5.000000000000000000e-01
-3.412834550033226333e-01 3.297600236221732706e-01 5.000000000000000000e-01
-5.000000000000000000e-01 4.118537502565515762e-01 4.215182335224986199e-01
-5.000000000000000000e-01 1.726455294487828362e-01 3.725485328781736327e-01
-5.000000000000000000e-01 2.996483941731874490e-01 4.952402074305102264e-01
-5.000000000000000000e-01 4.055321557489975359e-01 4.493188636126601576e-01
-5.000000000000000000e-01 -4.401888757171775191e-01 -2.164608604694455429e-01
-4.606683804246303193e-01 -5.000000000000000000e-01 -2.671888772491394781e-01
-5.000000000000000000e-01 -2.853917622359020689e-01 -2.904964162246501669e-01
-5.000000000000000000e-01 -2.182589640254417040e-01 -2.392322954088566267e-01
-5.000000000000000000e-01 8.666453788515424139e-02 4.146232959172814481e-02
-5.000000000000000000e-01 -2.826997441590153870e-02 2.962758208861928089e-01
-5.000000000000000000e-01 -2.799498637509897567e-02 2.984574310272278264e-01
-5.000000000000000000e-01 -3.331480309052341215e-02 3.027920117921548693e-01
-1.086401574429966821e-02 -3.759779579855190151e-02 -5.000000000000000000e-01
1.111780429368544459e-01 -1.632308895562469830e-01 -5.000000000000000000e-01
4.852505784131241895e-01 -5.000000000000000000e-01 -7.897849284260272107e-02
4.824816177369494197e-01 -5.000000000000000000e-01 -7.789241753119229006e-02
4.859976327510484584e-01 -5.000000000000000000e-01 -6.984393720898861291e-02
5.000000000000000000e-01 1.618277490052454082e-01 4.984126030241109451e-01
4.824816177369495307e-01 5.000000000000000000e-01 -7.789241753119227618e-02
4.362254491657067690e-01 5.000000000000000000e-01 -8.915733950792906204e-02
2.905295653156441671e-01 5.000000000000000000e-01 1.576228915369448924e-01
2.486952906390575979e-01 5.000000000000000000e-01 1.652335320377978090e-01
1.847973648393148316e-01 5.000000000000000000e-01 3.056077012414041838e-01
1.270530499070979258e-01 5.000000000000000000e-01 3.273397819403988107e-01
6.711887762787549505e-02 5.000000000000000000e-01 3.213177737855897886e-01
-3.154396665177685438e-02 3.461073590112427878e-01 5.000000000000000000e-01
-6.725196349569162457e-02 3.848541602891079050e-01 5.000000000000000000e-01
5.169048044716029189e-02 5.000000000000000000e-01 3.292827738329155429e-01
-7.877701227169531251e-02 5.000000000000000000e-01 -1.914922167309599799e-01
-1.637348167697185997e-01 5.000000000000000000e-01 -2.782922318816293261e-01
-7.414471494941676788e-02 5.000000000000000000e-01 -1.793136027253493248e-01
-1.331475659188617322e-01 5.000000000000000000e-01 -3.245749360679561074e-02
-2.608497510194116575e-01 5.000000000000000000e-01 -3.673884587760729153e-02
-2.924352734618870797e-01 5.000000000000000000e-01 -1.004526936731404696e-01
-2.160825450863193553e-01 5.000000000000000000e-01 -2.572716078444370891e-01
-1.680828395294341748e-01 5.000000000000000000e-01 -2.789480328478458615e-01
-3.995925922843051592e-01 5.000000000000000000e-01 -3.338465360085613454e-01
-2.764178345283540006e-01 5.000000000000000000e-01 2.947795865576664787e-02
-4.473154617432277824e-01 5.000000000000000000e-01 1.415273945896782792e-01
-4.409425250993381229e-01 -1.637517205323289482e-01 5.000000000000000000e-01
-5.000000000000000000e-01 -1.587955771338827871e-01 3.786611304117564192e-01
-3.233532665413336171e-01 -1.489485956304915371e-01 5.000000000000000000e-01
-3.142196591890435986e-01 -1.403378222351478744e-01 5.000000000000000000e-01
-4.608906244346155368e-01 -5.000000000000000000e-01 1.492243621812341936e-01
-5.000000000000000000e-01 -4.912886015573364462e-01 1.689945540019114623e-01
-5.000000000000000000e-01 -4.728076205539155086e-01 1.572849700772498416e-01
-4.511540743659502306e-01 -5.000000000000000000e-01 -1.423094891871188594e-01
-5.000000000000000000e-01 -4.483929935786821197e-01 -1.366415064896100151e-01
-2.924352734618870242e-01 -5.000000000000000000e-01 -1.004526936731404696e-01
-2.123378181915771823e-01 2.790692811017344566e-01 5.000000000000000000e-01
-1.041426883679744952e-01 2.555118783573045449e-01 5.000000000000000000e-01
-1.494101633896476600e-01 4.096878395766154757e-01 5.000000000000000000e-01
-2.076899924180013735e-01 4.114209920935301690e-01 5.000000000000000000e-01
-2.764178345283540006e-01 -5.000000000000000000e-01 2.947795865576666174e-02
-4.473154617432276159e-01 -5.000000000000000000e-01 1.415273945896782237e-01
-5.000000000000000000e-01 -3.759282773784351495e-01 7.676329648745111589e-02
-2.608497510194116575e-01 -5.000000000000000000e-01 -3.673884587760727072e-02
-5.000000000000000000e-01 -3.680107460825220445e-01 -6.859870438375603729e-02
-5.000000000000000000e-01 -4.922561525709744090e-02 1.780351262196497308e-02
-5.000000000000000000e-01 -2.971304013180272596e-01 3.162929024837728420e-01
-5.000000000000000000e-01 -2.993487189757418898e-01 3.062759021510522150e-01
-5.000000000000000000e-01 -1.719133173606404996e-01 8.630917432938930989e-02
-5.000000000000000000e-01 -2.378831801696198733e-01 1.096308289161004035e-01
-5.000000000000000000e-01 -1.221097827937109165e-01 2.504198005807310029e-02
-5.000000000000000000e-01 -1.009990898495584377e-02 -1.547116566122711812e-01
-5.000000000000000000e-01 -1.485435590202154321e-01 -6.650440885912584088e-02
-5.000000000000000000e-01 -3.482147385198592349e-01 3.531904180035669305e-01
-5.000000000000000000e-01 -4.034600994874313895e-01 3.213358247949270607e-01
-5.000000000000000000e-01 -2.165043824544977125e-01 -1.320880908468082260e-01
5.000000000000000000e-01 -2.799498637509897914e-02 2.984574310272278264e-01
2.754516979769311424e-01 1.103719357382695332e-01 5.000000000000000000e-01
5.000000000000000000e-01 -3.331480309052319011e-02 3.027920117921547027e-01
4.985320287014398666e-01 -1.269242931934365937e-01 5.000000000000000000e-01
4.355015268346031365e-01 -1.288156387168871708e-01 5.000000000000000000e-01
3.108383167205194808e-01 -1.486474349112241675e-02 5.000000000000000000e-01
5.000000000000000000e-01 1.964369632666835841e-01 5.555189165313123567e-02
5.000000000000000000e-01 1.095208712156788416e-01 3.171075997553158415e-02
5.000000000000000000e-01 -2.826997441590155605e-02 2.962758208861928644e-01
5.000000000000000000e-01 8.666453788515414425e-02 4.146232959172816562e-02
5.000000000000000000e-01 3.073762147309982984e-01 -1.588799698752305090e-01
2.585583864202610216e-01 -2.590359792587824117e-01 -5.000000000000000000e-01
1.671098046241674129e-01 -1.304886276173289616e-01 -5.000000000000000000e-01
1.869634682541407855e-01 -1.356092226557584213e-01 -5.000000000000000000e-01
5.000000000000000000e-01 -1.221097827937109304e-01 2.504198005807311070e-02
5.000000000000000000e-01 -1.485435590202154321e-01 -6.650440885912584088e-02
5.000000000000000000e-01 -4.922561525709756580e-02 1.780351262196495921e-02
5.000000000000000000e-01 5.645647985639021260e-02 -5.902125839554867026e-02
5.000000000000000000e-01 4.386223267892937205e-02 -1.423138786881575912e-01
5.000000000000000000e-01 -1.009990898495582989e-02 -1.547116566122711534e-01
-4.139268126515931456e-01 -3.515193238774746431e-01 5.000000000000000000e-01
-3.256794357256840855e-01 -3.173354100149553547e-01 5.000000000000000000e-01
-3.910316709157852233e-01 -3.571188977139627130e-01 5.000000000000000000e-01
3.152915091622207067e-01 -3.064293074556230234e-01 -5.000000000000000000e-01
4.355015268346031365e-01 -1.288156387168871708e-01 -5.000000000000000000e-01
3.108383167205195363e-01 -1.486474349112246879e-02 -5.000000000000000000e-01
1.767280709376127246e-01 9.287081226113949595e-02 -5.000000000000000000e-01
2.353473618376654142e-01 1.358270681182246475e-01 -5.000000000000000000e-01
2.754516979769310869e-01 1.103719357382695748e-01 -5.000000000000000000e-01
2.122105944711419334e-01 3.188702391770796285e-01 -5.000000000000000000e-01
4.599126388487480566e-01 3.859987671223231720e-01 -5.000000000000000000e-01
4.904827460829426222e-01 3.117797198649184809e-01 -5.000000000000000000e-01
2.221507563737427360e-01 2.892775472159768713e-01 -5.000000000000000000e-01
4.921867485935129127e-01 5.000000000000000000e-01 -4.494740905450569368e-01
5.000000000000000000e-01 3.591989115395107790e-01 -3.370457375445341519e-01
5.000000000000000000e-01 4.494274798026215434e-01 -3.420378660940140425e-01
-1.223156371765692224e-01 5.000000000000000000e-01 -1.192037548087776511e-02
-6.611449728891743982e-02 5.000000000000000000e-01 2.333473883543425373e-02
-4.004933073785939268e-02 5.000000000000000000e-01 2.184009694954659048e-02
1.972886061288462931e-02 5.000000000000000000e-01 -1.459814111800454006e-01
-2.110670742617125617e-01 5.000000000000000000e-01 2.261554726940203375e-01
-2.768528946043785632e-01 5.000000000000000000e-01 2.684985162100791967e-01
-4.417577349194103387e-01 5.000000000000000000e-01 1.531077771320204506e-01
-1.609047275470019134e-01 5.000000000000000000e-01 1.592923391778721387e-01
-1.606670210099909180e-01 5.000000000000000000e-01 1.013376695737520650e-01
2.834715656459640964e-01 5.000000000000000000e-01 -1.900652487801485491e-01
3.026943026137308146e-01 5.000000000000000000e-01 -1.919147255102350846e-01
4.041649436421341779e-01 5.000000000000000000e-01 -3.266954902626996171e-01
1.461287498345697489e-01 5.000000000000000000e-01 -3.398513270332624292e-01
4.034280185506385341e-01 5.000000000000000000e-01 -3.336168652277770041e-01
1.884896923246760780e-01 5.000000000000000000e-01 -4.300698240874867295e-01
1.445389079364755580e-01 5.000000000000000000e-01 -3.600831713637455689e-01
5.000000000000000000e-01 2.789755102859811653e-01 -2.494719599481933225e-01
1.380623005223530486e-01 5.000000000000000000e-01 -3.091530357050187861e-01
1.482107831625781580e-01 5.000000000000000000e-01 -2.331940316989181139e-01
2.636141141434868995e-01 5.000000000000000000e-01 -1.792562218320659373e-01
1.935691289598763243e-01 3.399208834277443469e-01 -5.000000000000000000e-01
7.901660171024123269e-02 5.000000000000000000e-01 -1.492586810653863949e-01
-1.185051089703314381e-01 5.000000000000000000e-01 4.620417342010012252e-02
9.150816892430112259e-02 5.000000000000000000e-01 5.302762324899483459e-02
5.199885350605828321e-02 5.000000000000000000e-01 3.001027701738400166e-01
1.693290102330273772e-01 5.000000000000000000e-01 5.325794566370184446e-02
1.551706967633065259e-01 5.000000000000000000e-01 4.373108805816360023e-02
1.649807563666542964e-01 5.000000000000000000e-01 1.367873879685461980e-02
1.666605250838000540e-01 5.000000000000000000e-01 -2.080320957509206557e-03
-3.154396665177685438e-02 3.461073590112427323e-01 -5.000000000000000000e-01
-1.041426883679744952e-01 2.555118783573046004e-01 -5.000000000000000000e-01
-2.123378181915771823e-01 2.790692811017344566e-01 -5.000000000000000000e-01
-2.076899924180014290e-01 4.114209920935301690e-01 -5.000000000000000000e-01
-1.494101633896471881e-01 4.096878395766154757e-01 -5.000000000000000000e-01
-6.725196349569168008e-02 3.848541602891080160e-01 -5.000000000000000000e-01
-1.331475659188617322e-01 -5.000000000000000000e-01 -3.245749360679563850e-02
-7.414471494941676788e-02 -5.000000000000000000e-01 -1.793136027253493803e-01
1.482107831625781302e-01 -5.000000000000000000e-01 -2.331940316989181139e-01
7.901660171024124657e-02 -5.000000000000000000e-01 -1.492586810653863949e-01
1.972886061288462237e-02 -5.000000000000000000e-01 -1.459814111800454006e-01
-4.002080603799100800e-01 5.000000000000000000e-01 -3.464520897414716805e-01
-3.026867523229044843e-01 5.000000000000000000e-01 -4.837207325881123232e-01
-2.588858848625558706e-01 4.576494587195550912e-01 -5.000000000000000000e-01
-2.566491701519099111e-01 4.521815767837490396e-01 -5.000000000000000000e-01
-2.566707078284867771e-01 5.000000000000000000e-01 -4.830631888714533306e-01
-8.535727642899611223e-02 4.304975868428282948e-01 -5.000000000000000000e-01
-3.763689725107224188e-02 5.000000000000000000e-01 -4.060871989739750498e-01
-3.322108091027113908e-01 -5.000000000000000000e-01 4.103014253307271098e-01
5.000000000000000000e-01 -3.680107460825220445e-01 -6.859870438375596791e-02
5.000000000000000000e-01 -4.483929935786820642e-01 -1.366415064896101261e-01
5.000000000000000000e-01 -4.401888757171775191e-01 -2.164608604694455152e-01
5.000000000000000000e-01 -2.853917622359020689e-01 -2.904964162246502224e-01
5.000000000000000000e-01 -2.165043824544976847e-01 -1.320880908468082260e-01
5.000000000000000000e-01 -2.182589640254416485e-01 -2.392322954088565434e-01
1.666605250837999985e-01 -5.000000000000000000e-01 -2.080320957509117219e-03
2.636141141434870105e-01 -5.000000000000000000e-01 -1.792562218320659928e-01
3.026943026137307591e-01 -5.000000000000000000e-01 -1.919147255102350569e-01
4.041649436421341779e-01 -5.000000000000000000e-01 -3.266954902626994506e-01
4.362254491657067690e-01 -5.000000000000000000e-01 -8.915733950792902041e-02
2.834715656459639854e-01 -5.000000000000000000e-01 -1.900652487801485213e-01
1.551706967633064982e-01 -5.000000000000000000e-01 4.373108805816356554e-02
1.693290102330274050e-01 -5.000000000000000000e-01 5.325794566370184446e-02
1.649807563666543242e-01 -5.000000000000000000e-01 1.367873879685457122e-02
5.000000000000000000e-01 -1.719133173606404719e-01 8.630917432938924050e-02
5.000000000000000000e-01 -2.971304013180272596e-01 3.162929024837728420e-01
5.000000000000000000e-01 -2.993487189757418898e-01 3.062759021510522150e-01
5.000000000000000000e-01 -1.587955771338828426e-01 3.786611304117563637e-01
5.000000000000000000e-01 -2.378831801696199011e-01 1.096308289161003757e-01
5.000000000000000000e-01 -3.759282773784351495e-01 7.676329648745111589e-02
2.905295653156442226e-01 -5.000000000000000000e-01 1.576228915369448647e-01
5.000000000000000000e-01 -4.415223208406015565e-01 1.110134436739687314e-01
5.000000000000000000e-01 -4.728076205539155641e-01 1.572849700772498693e-01
2.486952906390576257e-01 -5.000000000000000000e-01 1.652335320377978090e-01
5.169048044716030577e-02 -5.000000000000000000e-01 3.292827738329155429e-01
-8.680799684999078447e-02 -5.000000000000000000e-01 4.729134439211584717e-01
7.368846013287838614e-02 -3.828314979761034409e-01 5.000000000000000000e-01
-7.392675100328653659e-02 -4.863712654808107771e-01 5.000000000000000000e-01
1.270530499070979258e-01 -5.000000000000000000e-01 3.273397819403988107e-01
6.711887762787552281e-02 -5.000000000000000000e-01 3.213177737855897886e-01
3.152915091622207067e-01 -3.064293074556230234e-01 5.000000000000000000e-01
2.585583864202611326e-01 -2.590359792587824672e-01 5.000000000000000000e-01
1.869634682541409243e-01 -1.356092226557584490e-01 5.000000000000000000e-01
5.000000000000000000e-01 -2.627527713014089494e-01 -4.081981526764889567e-01
5.000000000000000000e-01 -1.235019927510669774e-01 -4.658630330182089718e-01
5.000000000000000000e-01 -3.982112434137601298e-01 -4.890074900479257636e-01
5.000000000000000000e-01 -2.873940411148611096e-01 -4.037580107346149805e-01
5.000000000000000000e-01 -2.827796305793421894e-01 -3.902237318763061014e-01
-1.915745084783415375e-01 -5.000000000000000000e-01 4.597378757185865972e-01
-1.809860999497213407e-01 -3.888355488609447352e-01 5.000000000000000000e-01
-2.043780264487135567e-01 -5.000000000000000000e-01 2.889879523028300312e-01
-2.110670742617125617e-01 -5.000000000000000000e-01 2.261554726940202542e-01
-2.704531850027320772e-01 -5.000000000000000000e-01 2.886654566553192303e-01
-2.366490498297190159e-01 -5.000000000000000000e-01 3.109747445075918826e-01
-2.768528946043786187e-01 -5.000000000000000000e-01 2.684985162100792522e-01
-1.832765625573593293e-01 -3.680708264848692179e-01 5.000000000000000000e-01
-4.417577349194103387e-01 -5.000000000000000000e-01 1.531077771320204783e-01
2.353473618376654419e-01 1.358270681182246753e-01 5.000000000000000000e-01
-1.915745084783414820e-01 5.000000000000000000e-01 4.597378757185865972e-01
-2.588858848625558706e-01 4.576494587195551467e-01 5.000000000000000000e-01
-3.322108091027113908e-01 5.000000000000000000e-01 4.103014253307270542e-01
-3.379165308470248874e-01 5.000000000000000000e-01 4.856691267991465888e-01
-2.704531850027320772e-01 5.000000000000000000e-01 2.886654566553192858e-01
-2.366490498297189882e-01 5.000000000000000000e-01 3.109747445075919381e-01
-2.566491701519099111e-01 4.521815767837490396e-01 5.000000000000000000e-01
-2.043780264487135567e-01 5.000000000000000000e-01 2.889879523028300312e-01
-6.611449728891745370e-02 -5.000000000000000000e-01 2.333473883543426761e-02
-4.004933073785939268e-02 -5.000000000000000000e-01 2.184009694954660782e-02
9.150816892430109484e-02 -5.000000000000000000e-01 5.302762324899485541e-02
-1.185051089703314520e-01 -5.000000000000000000e-01 4.620417342010013639e-02
5.199885350605824158e-02 -5.000000000000000000e-01 3.001027701738400166e-01
-1.606670210099909457e-01 -5.000000000000000000e-01 1.013376695737520650e-01
-1.609047275470019134e-01 -5.000000000000000000e-01 1.592923391778721387e-01
-1.223156371765692224e-01 -5.000000000000000000e-01 -1.192037548087777205e-02
1.847973648393148871e-01 -5.000000000000000000e-01 3.056077012414042393e-01
4.674136527926179285e-01 -4.110869862199684199e-01 5.000000000000000000e-01
4.230360438635570319e-01 -5.000000000000000000e-01 3.918943978004188478e-01
5.000000000000000000e-01 -3.482147385198591794e-01 3.531904180035668750e-01
2.330449327899573042e-01 -5.000000000000000000e-01 3.750609579002740501e-01
3.218355929692226503e-01 -3.393122278646069079e-01 5.000000000000000000e-01
5.698072447590434020e-02 -3.180598588789801395e-01 5.000000000000000000e-01
-1.757709067680125192e-01 -3.590179431725412096e-01 5.000000000000000000e-01
6.551947137457346526e-02 -2.580548665478538117e-01 5.000000000000000000e-01
-1.251266516607149604e-01 -1.902232477074866090e-01 5.000000000000000000e-01
6.435224814014012251e-02 -2.526032355988930278e-01 5.000000000000000000e-01
-1.588020108103765371e-01 -1.277598559831933656e-01 5.000000000000000000e-01
5.000000000000000000e-01 1.251561529492922591e-02 -2.316660979683860255e-01
5.000000000000000000e-01 -9.341804632981484668e-02 -2.980265538913444701e-01
5.000000000000000000e-01 -1.051074916135739529e-01 -4.484871860336155369e-01
5.000000000000000000e-01 1.154836149560387604e-01 -4.397844213844661065e-01
5.000000000000000000e-01 1.279423310662857194e-01 -2.815102191160839817e-01
5.000000000000000000e-01 5.564341569900835976e-02 -2.234559311227138911e-01
-2.869718460069065058e-02 -3.809891261430194825e-02 5.000000000000000000e-01
-1.086401574429965954e-02 -3.759779579855190151e-02 5.000000000000000000e-01
-1.040034177010648597e-02 -2.839990527663697681e-02 5.000000000000000000e-01
1.111780429368544182e-01 -1.632308895562470386e-01 5.000000000000000000e-01
-1.247317371110824580e-01 -6.450647751854896028e-02 5.000000000000000000e-01
1.671098046241672741e-01 -1.304886276173289061e-01 5.000000000000000000e-01
1.767280709376127801e-01 9.287081226113949595e-02 5.000000000000000000e-01
5.740448249703023614e-02 7.268964354030429953e-02 5.000000000000000000e-01
-6.620775377139744011e-02 1.348929412341923761e-01 5.000000000000000000e-01
-1.556691704982229585e-01 3.421776334833470656e-02 5.000000000000000000e-01
