650 1168
79 33
96 351
536 537
617 611
19 18
351 348
33 447
590 593
760 1041
653 649
161 861
262 535
660 1188
643 641
74 75
953 946
705 1193
388 387
708 706
107 108
919 926
657 660
461 456
282 1116
140 141
420 424
661 666
283 1117
1022 1023
993 996
432 434
459 159
546 541
916 74
71 19
848 1240
508 923
509 510
207 208
239 240
226 572
993 744
864 1291
874 872
616 613
608 609
235 247
52 1062
1017 1369
175 727
977 1006
609 610
15 100
908 906
596 1141
693 689
915 802
594 301
412 410
598 600
817 495
933 935
146 147
125 124
435 429
748 746
955 959
686 685
1007 1006
697 700
571 295
439 441
770 769
40 286
1000 1002
878 976
224 223
552 546
584 615
962 1318
771 770
1033 1035
588 770
276 275
913 72
996 744
840 842
594 1280
586 580
6 5
895 1342
875 1295
665 315
268 270
309 308
81 35
217 570
312 313
178 233
396 721
404 396
571 573
698 385
83 81
505 1111
342 341
914 912
397 393
607 1144
116 114
853 1259
667 662
152 216
378 379
896 899
68 73
442 1252
180 171
400 403
899 904
511 499
1029 1019
262 963
667 374
10 253
692 696
707 1198
463 464
1014 1012
474 473
892 986
725 729
1037 995
777 776
796 789
127 136
1039 1041
478 479
299 1130
810 809
230 234
548 543
764 55
540 539
196 357
452 1092
637 1338
814 815
1013 1024
398 720
13 12
53 48
980 438
844 843
5 7
46 45
519 228
101 240
49 50
504 1226
316 314
356 350
689 676
308 310
869 872
736 342
961 955
607 606
669 172
570 575
258 80
50 51
245 110
990 1018
82 83
274 433
942 941
490 960
44 236
393 390
76 188
115 116
662 663
120 1119
17 224
845 635
965 966
190 66
647 656
245 496
109 343
998 999
706 1200
440 442
699 702
448 37
751 749
900 1303
762 758
1034 1037
710 1205
125 323
473 475
577 303
215 216
673 685
576 1209
251 1073
397 723
365 425
842 1332
740 451
618 462
646 1169
950 935
1009 1021
328 134
750 1026
502 924
584 585
843 845
75 70
199 514
654 649
861 862
182 690
206 1047
154 219
444 1096
471 420
341 719
367 857
17 70
949 947
119 117
192 187
370 373
481 469
713 712
794 786
515 202
104 110
432 433
964 968
956 964
990 877
157 85
31 763
966 1320
735 736
367 1206
465 466
560 246
47 69
679 691
66 1022
818 1222
823 1314
869 1285
477 476
811 730
529 523
282 1122
780 779
231 1267
592 170
14 13
729 404
813 812
846 845
901 1046
380 377
598 599
77 1013
602 606
136 16
912 911
911 803
384 383
594 830
867 1025
915 922
716 712
851 528
787 772
719 717
967 968
118 119
159 157
16 337
366 370
450 449
551 352
165 725
134 329
982 984
169 170
701 705
54 714
202 203
1033 1034
168 326
446 1086
869 819
214 213
819 818
386 1074
538 539
292 1069
509 512
549 548
797 799
816 812
800 804
792 46
860 855
1015 878
291 289
167 668
507 816
361 353
45 4
426 1229
251 338
448 766
583 582
892 1344
656 652
302 303
645 642
1028 294
210 156
976 1007
88 87
4 353
250 494
337 382
630 635
730 722
952 951
404 408
682 681
933 937
830 1281
405 409
529 853
1036 1035
394 399
1018 1017
708 711
91 483
811 952
861 1365
308 597
793 791
413 390
786 486
954 1316
24 20
231 233
1027 1370
782 781
829 304
497 505
837 838
991 896
832 1329
1005 651
951 945
682 671
749 1214
72 73
677 678
715 704
910 800
573 849
549 263
375 376
584 895
766 755
264 279
442 1254
1028 1020
419 418
1010 1008
1002 1004
995 879
441 442
756 454
732 734
498 1204
662 675
733 735
318 1143
1003 1004
256 252
1036 1038
290 1065
838 1236
275 122
741 446
130 149
810 811
508 509
770 1339
519 518
421 1105
759 765
271 273
263 269
274 278
191 280
803 807
56 55
304 306
429 566
444 1095
574 575
547 558
891 1341
359 358
825 831
57 56
319 321
400 395
599 604
659 655
873 435
487 808
921 920
806 939
38 1064
150 225
482 469
460 158
1008 1009
968 564
320 1142
197 192
823 511
204 582
151 1207
39 20
473 212
526 1115
956 1319
773 775
86 482
450 1213
843 1301
815 1223
277 278
337 329
249 1109
44 192
691 677
369 397
475 415
902 897
534 241
210 1139
661 690
15 1070
153 220
74 76
373 372
344 345
740 1210
27 0
679 680
185 1102
731 727
377 378
204 78
457 1137
609 621
586 637
726 797
399 402
410 411
133 548
742 741
721 718
633 834
972 974
298 206
196 195
484 482
989 1335
764 881
182 525
258 255
465 468
1037 1039
517 515
101 42
536 119
681 623
837 1234
251 252
627 1151
381 590
267 196
201 925
772 777
284 285
583 581
108 59
92 380
420 474
627 624
295 150
710 1275
835 838
513 229
488 959
894 1345
288 147
138 617
0 9
879 880
963 959
705 700
413 412
272 144
416 417
395 394
1023 866
114 115
393 470
945 946
105 152
1019 752
996 997
107 112
188 186
450 451
221 219
306 177
822 1220
878 748
738 445
483 484
523 520
636 317
844 1239
41 782
892 768
847 1243
848 847
279 281
557 554
886 1304
881 880
852 853
198 63
849 847
25 257
833 839
885 886
530 658
455 893
410 476
261 533
615 616
14 18
129 5
926 514
907 909
948 947
676 259
502 860
211 159
232 856
121 122
981 980
287 1055
431 427
383 387
723 721
962 966
154 155
160 49
1006 1009
445 447
545 534
497 494
82 889
187 188
198 197
220 221
84 446
203 1249
675 621
1021 1029
143 760
453 1094
283 282
142 14
286 287
918 909
640 1166
523 379
629 626
287 288
319 320
783 46
932 812
889 887
106 212
320 321
619 617
493 249
604 610
704 697
454 751
918 248
987 985
893 978
718 717
710 713
267 552
501 868
1008 1044
560 545
759 754
627 1180
485 222
463 612
16 1053
722 723
481 480
452 453
773 774
183 185
755 756
498 160
182 1112
289 1066
791 4
806 807
777 780
828 825
598 1159
840 836
591 1127
268 1118
244 545
118 1191
839 840
100 537
821 822
333 330
769 1255
699 716
312 1181
603 599
3 195
9 126
183 162
268 120
355 125
541 544
24 25
417 185
444 1097
67 72
917 916
110 1106
271 1067
348 350
939 940
931 936
252 1054
330 338
860 1265
322 334
1048 209
422 421
473 466
862 1273
972 973
983 982
57 673
93 775
156 157
240 794
341 59
294 1030
997 1038
998 1003
627 1150
489 488
307 411
820 816
269 564
914 222
870 1286
525 526
44 73
244 247
799 240
555 554
79 445
687 673
26 24
319 1153
857 855
277 280
687 35
891 588
923 922
133 128
254 683
363 361
768 904
322 180
313 625
41 166
208 1089
647 650
406 407
427 201
953 805
130 131
1004 887
709 710
739 998
720 719
873 1283
42 103
494 492
742 743
447 1083
897 882
424 1099
495 493
236 907
8 1049
754 753
875 863
522 1227
724 810
757 758
89 299
428 439
528 526
439 863
638 1250
837 1235
280 281
635 1156
841 842
321 318
292 291
324 323
493 955
443 1300
554 556
542 402
834 839
875 876
317 585
105 177
911 915
738 1212
80 83
900 905
843 636
154 419
485 784
166 164
446 447
457 456
1048 1046
958 1315
999 1004
479 480
490 489
542 536
374 314
970 1323
512 513
612 600
1044 1048
954 1317
453 1093
78 437
806 93
1041 1042
6 8
578 579
135 9
860 859
372 367
311 1148
674 668
92 169
885 888
612 613
138 56
903 905
645 646
65 71
117 118
60 401
977 976
153 300
327 336
390 392
350 176
401 407
227 105
172 169
10 256
423 425
774 94
176 325
809 726
951 730
194 193
785 783
274 567
216 217
556 402
11 193
969 1326
745 746
1017 1025
1032 1368
272 270
805 733
778 779
2 0
66 430
835 834
253 256
293 292
266 195
585 586
651 531
834 1242
294 293
597 596
318 1154
589 592
836 841
648 641
276 281
15 60
120 113
79 81
50 54
352 355
433 429
652 653
655 1185
382 383
90 620
385 388
696 695
127 129
88 58
430 432
729 728
437 440
524 179
1021 756
1032 1031
286 1059
98 107
163 173
762 761
616 298
514 516
975 1330
183 416
784 785
283 274
795 794
55 1
744 977
785 786
902 1042
623 458
828 827
496 503
62 656
630 848
850 851
255 1081
184 389
501 1312
52 53
595 1133
259 1177
793 353
883 884
833 1244
363 360
334 333
344 346
895 894
270 1068
737 1298
618 622
938 941
917 918
771 455
682 606
688 686
198 264
238 486
939 942
979 978
247 800
684 688
972 975
983 984
403 409
714 716
989 1336
518 512
924 934
809 804
358 788
576 1232
501 428
510 513
846 1302
529 526
502 1270
521 522
680 695
219 220
812 814
531 163
117 703
254 34
37 36
3 43
431 75
555 556
587 588
349 42
171 530
59 60
499 1313
70 69
498 1276
620 621
787 798
100 97
237 102
443 436
491 921
593 380
443 737
986 985
624 632
989 990
760 758
862 1361
1011 1014
854 163
451 453
285 1056
301 365
225 226
468 478
850 1364
746 751
786 787
1045 1047
434 76
269 268
517 519
428 441
29 27
601 598
259 260
992 748
1045 903
550 552
260 1178
313 316
742 84
324 325
22 23
894 892
325 326
336 335
113 263
415 219
857 1262
387 386
735 346
401 1192
96 359
369 368
121 123
328 336
693 694
858 1263
960 958
565 279
944 950
82 1184
942 811
424 425
861 1272
31 759
435 434
476 472
573 633
984 1357
975 155
789 788
524 1228
808 801
203 578
1012 981
286 288
547 100
112 1071
597 595
28 29
287 289
1033 896
21 26
61 62
881 884
589 218
938 106
184 398
619 618
689 1179
91 90
124 123
821 954
801 487
430 431
168 165
907 913
1032 1030
666 1172
161 162
921 933
771 1333
1021 1020
992 993
707 1201
763 761
1043 1044
894 463
846 1241
487 798
622 614
301 973
592 591
595 1132
571 568
23 25
33 255
593 592
32 30
659 1360
317 1155
947 940
626 625
537 547
490 435
24 1050
179 695
449 290
929 927
134 135
640 644
829 1277
711 704
448 739
703 700
714 715
145 149
28 9
68 45
500 871
1002 889
467 465
747 748
126 135
971 1327
145 270
791 790
841 153
541 535
614 605
525 527
466 212
1027 1366
223 225
795 796
296 295
275 272
986 1343
558 560
610 607
250 1108
297 296
930 1307
55 762
112 250
492 242
71 69
472 413
327 403
414 1077
891 890
1027 1016
913 914
1010 209
208 1090
917 920
335 384
8 26
634 568
148 149
755 449
394 61
518 1247
373 941
390 1101
261 965
958 813
228 150
631 1152
488 491
507 504
577 828
508 1308
218 221
477 481
802 803
521 524
532 533
780 784
897 1040
432 186
878 1356
562 561
684 258
646 640
66 65
304 302
510 227
53 131
347 349
672 670
952 953
405 326
370 368
156 1138
376 1173
133 132
43 238
701 1194
284 1058
550 276
309 1131
381 89
988 767
115 1121
469 467
504 1271
40 290
824 515
749 750
996 1036
962 1322
203 204
254 255
233 232
1003 1350
17 199
236 237
317 311
288 284
461 1217
590 1123
867 863
499 1306
298 297
911 906
596 1136
1024 437
844 1337
111 98
579 581
992 1349
561 563
59 1072
234 928
332 331
506 1110
51 52
664 661
36 1084
656 657
48 1063
230 814
847 633
648 652
948 950
207 1087
232 859
164 724
712 709
346 243
782 773
173 171
595 309
468 470
436 1253
976 1355
478 483
457 460
745 747
1002 1352
868 1287
625 1182
369 1098
249 961
589 1126
229 574
823 824
35 34
866 865
660 388
936 1310
605 601
888 889
660 653
771 1256
421 1230
867 866
15 97
21 28
146 144
388 1187
12 64
234 931
737 877
143 138
974 969
645 650
718 720
579 296
128 131
401 555
638 1238
419 423
347 175
644 1362
820 1219
740 743
975 1331
792 790
246 244
657 1202
728 396
318 1147
256 257
154 1128
559 560
300 974
858 856
260 672
289 290
832 1324
548 550
581 584
422 1079
603 602
851 853
888 1000
364 356
677 673
87 313
737 1299
655 654
86 88
658 659
906 910
61 705
691 692
142 141
349 354
994 995
293 273
874 813
703 702
411 414
943 949
183 1076
649 322
193 191
706 713
601 1158
725 726
968 1321
1016 1018
385 657
835 634
189 193
310 1134
205 583
462 882
190 194
877 981
987 209
804 731
258 1082
696 676
587 769
315 310
539 549
825 826
51 120
857 858
898 896
329 330
978 1340
340 339
607 603
84 1085
381 376
669 663
613 619
38 1060
392 391
363 364
299 837
355 360
103 553
855 1264
356 324
480 476
126 127
540 261
823 1309
731 732
109 340
700 399
957 958
115 1120
348 176
805 946
285 1057
1023 1025
692 251
7 148
34 22
920 932
935 503
724 728
983 988
506 505
642 1162
798 799
178 151
780 485
898 886
99 532
496 497
520 525
871 868
985 890
646 1167
1000 1351
200 440
820 822
12 11
227 802
904 901
314 312
562 563
153 215
151 1279
761 363
181 691
358 95
302 1208
827 839
78 77
919 922
418 411
890 895
1001 991
628 629
908 912
931 932
963 964
690 689
413 417
217 213
122 124
506 495
406 557
727 729
166 167
984 1358
1015 1016
185 1078
632 311
830 970
743 444
738 1003
199 200
1019 1022
458 460
793 795
462 57
382 1075
265 266
486 908
815 818
587 582
865 1288
151 509
137 611
876 1297
266 267
709 1274
90 41
949 934
69 67
158 670
601 602
230 1305
594 971
819 1293
910 948
642 639
722 339
391 648
754 291
416 412
1031 865
103 101
635 636
686 681
207 158
1026 1015
365 366
379 1175
438 436
156 1231
243 111
624 626
136 134
245 944
668 669
781 137
919 516
741 738
992 994
205 206
394 1161
197 265
752 753
202 200
182 1113
842 826
505 503
77 205
702 114
426 1103
991 1034
775 772
824 1251
250 249
538 536
797 796
1032 1371
378 663
800 801
873 871
145 52
830 829
418 1129
379 664
516 224
305 306
32 31
357 352
65 64
979 893
856 859
316 91
899 900
940 938
398 389
371 372
464 600
80 79
235 102
360 362
745 1215
973 971
829 1278
753 293
899 1353
962 961
382 386
954 957
522 1189
999 879
159 85
604 615
736 734
905 463
715 711
415 419
747 1348
977 982
789 782
781 778
500 499
321 1146
471 472
175 559
152 575
757 11
608 297
693 521
734 558
553 546
311 604
6 1051
817 821
76 63
294 1372
848 845
118 1195
559 562
875 1294
1001 1354
678 253
1043 760
570 836
611 608
679 334
883 887
497 1107
326 332
367 104
625 628
116 113
108 109
637 638
97 99
838 628
629 634
827 1245
109 110
928 930
945 345
408 406
1001 1000
307 174
569 94
670 671
518 1248
142 143
994 997
414 422
1013 1010
707 1197
776 774
637 844
638 580
77 18
967 261
1039 1040
19 13
186 190
365 1268
354 3
1038 1044
456 459
241 242
540 538
452 1091
639 1164
533 535
333 181
832 831
45 43
54 128
148 284
574 572
647 642
38 40
504 1225
300 305
551 561
285 145
180 654
211 461
157 1140
478 167
189 64
956 960
374 375
654 658
174 170
665 667
698 701
986 988
702 1196
137 139
425 426
1024 1014
391 1160
248 235
520 694
248 909
99 112
458 459
672 684
849 1237
822 1224
491 492
1042 1040
48 1199
433 1282
876 864
47 222
671 315
506 507
590 1124
876 1296
319 1149
237 239
194 277
580 578
508 1311
327 132
871 870
569 568
704 384
819 1292
147 21
339 371
102 544
883 880
303 305
882 884
273 282
85 82
30 146
926 927
58 214
409 408
106 370
417 1080
639 641
207 1088
377 375
369 371
421 418
129 130
83 688
140 139
389 1100
524 659
351 359
391 395
527 1190
923 930
971 970
228 517
790 778
162 163
1012 1007
457 605
217 215
174 173
67 47
901 767
1026 1027
177 178
464 1218
593 1125
818 1221
869 1284
210 211
95 1
307 1260
970 1328
572 569
231 1266
564 565
543 542
623 614
423 1104
864 1289
815 820
865 1290
1017 1367
630 631
132 125
944 943
343 345
585 1346
631 632
862 644
361 362
260 1183
851 1258
886 1001
416 414
683 678
675 674
452 745
95 364
697 698
29 10
708 707
427 428
1011 1010
104 943
223 140
591 307
475 477
763 764
320 603
362 191
694 664
534 532
528 1114
573 1233
332 168
436 1257
937 507
788 793
22 765
279 278
567 565
1011 987
123 30
29 23
832 1325
808 807
511 929
527 528
852 850
331 324
39 36
544 553
523 530
863 864
874 873
357 354
928 929
93 164
696 1186
98 99
423 155
929 930
20 36
271 292
213 467
924 936
95 331
1047 1043
488 262
184 1170
310 1135
1028 1029
500 501
471 474
563 557
233 1269
636 1157
231 232
1035 1046
389 1171
181 2
769 1347
566 567
6 1052
577 576
38 39
717 736
264 265
858 366
606 1145
96 165
902 903
61 1163
699 49
934 855
91 86
891 893
531 852
665 666
644 643
64 68
323 328
936 937
242 111
1005 1363
666 667
1020 750
925 927
980 979
171 172
344 243
1031 1030
376 312
969 826
732 733
817 957
392 405
252 16
1046 1045
765 766
226 229
661 1174
246 732
978 1334
20 1061
461 885
238 239
241 244
335 400
674 620
709 498
529 1176
849 1246
872 870
271 272
783 792
84 37
543 551
854 852
455 438
1 2
743 1211
386 338
484 92
639 640
898 900
89 87
179 655
859 1261
348 347
340 343
27 32
489 63
701 62
208 309
94 58
454 450
141 139
993 1359
643 651
683 687
757 752
965 967
210 1216
916 925
713 1203
768 767
739 740
199 201
779 776
218 214
189 187
368 424
144 121
470 471
622 685
669 680
641 1165
169 479
1016 989
576 574
342 407
956 566
7 8
