1163 1352
1059 1113
1298 1156
1267 1169
1099 1159
1121 1092
1297 1243
1309 1053
1165 1138
1291 1242
1206 1345
1055 1174
1213 1134
1282 1234
1316 1330
1371 1182
1109 1355
1311 1187
1192 1354
1289 1244
1195 1348
1288 1235
1256 1086
1372 1181
1171 1304
1100 1217
1273 1090
1101 1216
1119 1260
1229 1148
1294 1060
1308 1074
1265 1339
1335 1147
1232 1227
1336 1146
1321 1129
1069 1173
1370 1144
1118 1127
1194 1212
1103 1149
1105 1142
1078 1137
1214 1145
1329 1364
1251 1054
1117 1126
1219 1275
1248 1073
1313 1051
1170 1303
1161 1351
1366 1150
1191 1349
1281 1361
1263 1346
1066 1172
1253 1084
1320 1230
1270 1197
1301 1089
1160 1231
1237 1177
1209 1228
1285 1325
1261 1347
1204 1365
1067 1124
1264 1341
1252 1050
1203 1211
1278 1363
1279 1188
1058 1115
1367 1151
1076 1136
1245 1190
1337 1088
1205 1095
1111 1340
1319 1128
1080 1158
1222 1328
1070 1359
1164 1140
1108 1357
1107 1343
1293 1323
1072 1353
1094 1141
1312 1049
1238 1183
1272 1133
1277 1362
1292 1324
1254 1061
1056 1175
1226 1200
1122 1130
1246 1179
1368 1180
1062 1259
1116 1123
1302 1131
1322 1356
1223 1274
1068 1125
1102 1139
1104 1153
1284 1326
1249 1081
1268 1155
1239 1178
1221 1276
1250 1082
1065 1135
1314 1052
1262 1342
1295 1240
1257 1085
1224 1327
1110 1334
1106 1344
1225 1333
1120 1093
1220 1299
1098 1218
1196 1210
1305 1199
1290 1236
1071 1358
1097 1132
1315 1331
1369 1152
1269 1202
1300 1096
1162 1184
1208 1360
1057 1176
1193 1350
1233 1189
1280 1157
1271 1201
1310 1198
1266 1168
1255 1083
1307 1075
1166 1087
1306 1063
1207 1185
1247 1186
1283 1332
