23 1035
214 77
831 836
270 274
550 557
73 74
897 1275
627 139
324 330
312 1030
376 377
394 574
74 75
798 1189
106 107
211 983
409 410
708 706
14 963
227 927
89 319
439 438
421 420
471 1144
121 128
399 401
44 24
143 969
470 281
702 704
173 174
225 221
533 337
432 434
506 1137
476 477
715 722
779 1152
314 414
509 510
880 1240
102 909
552 471
766 580
272 948
10 8
681 1116
572 571
612 607
214 597
583 580
858 519
294 297
511 820
354 348
668 395
553 557
357 353
645 640
48 421
756 773
875 873
88 85
347 345
298 303
339 978
622 629
529 321
113 114
483 1108
431 423
671 670
663 666
154 151
146 147
506 1127
664 667
704 703
210 985
103 105
155 152
1 57
179 180
697 700
157 161
209 208
69 987
741 742
33 18
431 436
488 1092
505 507
815 812
896 886
807 808
630 129
347 335
218 413
546 544
246 103
463 1004
568 1057
42 44
352 349
720 516
39 38
611 609
810 855
286 669
833 838
661 466
692 719
72 71
172 274
159 341
346 347
509 1128
378 379
889 1269
667 1156
872 771
117 115
368 371
58 65
98 101
61 70
142 144
648 1178
799 822
283 677
445 446
518 516
781 1155
736 738
748 749
561 477
478 479
112 13
430 439
737 739
157 164
844 1216
106 463
345 336
231 234
346 975
534 537
624 1068
46 45
577 578
23 1080
776 680
280 333
884 1265
558 457
382 609
115 116
148 213
342 164
644 645
116 117
484 284
459 456
167 168
710 712
398 180
844 532
707 706
12 1
473 475
721 726
761 762
525 522
732 735
643 1072
700 523
784 782
311 1236
776 778
215 216
657 561
487 1169
817 815
9 907
191 389
469 1120
551 552
879 875
230 237
93 231
540 542
824 1204
307 1094
583 769
312 1029
345 977
843 845
614 613
53 51
344 343
876 878
547 788
207 374
14 962
679 678
261 201
891 1271
387 426
680 679
536 1043
399 400
876 1228
724 1130
299 578
548 379
432 433
238 833
491 784
746 745
494 1018
465 466
787 1191
196 49
880 1239
736 1225
750 751
34 172
728 732
8 937
513 515
801 802
223 416
112 585
834 835
646 635
317 316
587 585
867 868
3 305
507 741
268 953
11 919
742 1138
218 49
805 1194
499 593
550 1053
332 336
521 1026
648 801
103 104
34 270
796 556
780 877
85 86
738 731
217 242
535 1046
128 133
527 696
471 652
129 134
764 761
472 473
563 591
825 511
475 478
364 790
181 180
237 835
179 107
65 234
235 236
538 539
593 1149
520 521
102 911
343 974
395 1164
595 435
800 804
519 525
190 386
266 1019
842 1215
87 230
822 828
814 824
585 772
458 551
572 573
827 1208
21 141
662 466
768 484
616 615
226 695
892 1273
120 119
713 813
390 388
893 1274
641 644
648 1177
790 1181
423 421
405 409
416 418
138 968
409 379
468 465
473 543
737 738
708 711
581 756
220 219
46 1006
261 256
703 1126
25 16
224 225
244 203
844 842
275 276
275 950
106 992
589 588
836 837
685 1199
319 318
454 134
320 957
257 263
622 621
22 1034
309 310
752 1145
603 607
891 665
28 147
75 79
334 339
604 608
778 873
615 617
35 42
656 655
696 691
655 659
666 668
430 428
718 715
265 998
427 422
419 418
707 705
699 701
722 721
165 538
745 1262
126 21
855 1250
581 193
755 754
639 1073
101 903
840 834
300 295
530 528
829 824
712 1142
540 541
12 13
23 22
847 1223
345 976
843 844
614 612
268 1021
625 621
24 23
865 868
754 1180
876 877
244 929
755 1261
658 654
78 79
802 1193
881 1257
110 1114
751 1147
335 149
891 1270
221 429
818 419
311 731
393 392
123 122
447 448
426 425
467 1100
316 522
110 1091
787 1190
719 762
8 936
733 846
784 1157
293 16
211 212
514 515
785 1158
393 225
244 245
10 981
296 292
176 1050
118 514
99 946
481 1011
787 794
278 279
871 873
330 326
341 335
333 331
643 642
898 1277
606 611
626 1083
465 491
377 378
148 146
712 713
698 815
192 189
184 185
371 191
751 561
27 121
496 191
559 656
753 750
775 774
746 747
444 445
880 1241
192 575
768 771
207 209
515 325
291 288
272 949
513 517
543 545
344 973
14 15
845 846
390 531
897 893
467 671
875 874
618 1069
26 25
287 295
846 847
878 879
350 351
539 1041
21 32
124 453
11 921
289 111
805 1196
73 78
897 1279
199 74
118 1132
416 417
256 199
735 728
373 375
449 450
845 715
276 564
718 531
83 923
277 1017
221 219
212 399
332 989
786 1159
247 622
782 780
734 740
2 296
30 1032
50 193
235 238
638 628
337 1045
280 282
841 843
73 68
18 132
313 315
405 398
84 83
460 1008
35 41
535 1038
252 75
608 613
896 900
684 1246
406 398
683 118
764 717
380 382
648 1179
317 442
711 710
203 11
183 182
188 297
445 447
243 83
138 970
187 188
160 170
800 796
239 234
500 504
584 763
184 155
282 461
105 914
325 14
455 618
8 78
512 514
591 807
895 889
677 1112
837 1213
829 1209
637 630
881 1256
297 302
848 850
48 6
254 111
307 1020
630 627
512 1129
349 348
352 353
73 938
619 617
652 651
459 107
91 89
702 508
377 711
440 996
124 122
485 775
804 375
277 480
152 40
205 986
689 690
245 942
770 763
665 1235
722 723
291 765
217 407
703 709
137 972
215 217
588 499
446 644
481 1010
788 789
869 863
676 468
370 541
620 1061
249 251
821 822
322 321
54 12
854 590
669 1102
851 850
883 882
326 327
211 80
323 321
574 577
359 360
754 364
348 350
389 388
636 637
400 397
651 653
542 746
422 421
122 43
693 506
524 697
123 124
362 406
196 194
890 791
444 1082
384 430
686 1140
167 172
870 1226
831 826
592 809
492 493
480 1013
522 521
344 334
721 1224
604 410
566 563
462 1000
812 704
70 67
329 327
791 501
469 1124
729 1200
883 1258
330 328
621 620
433 420
653 652
730 1201
283 481
562 570
798 1192
344 347
533 1037
428 426
260 204
170 167
503 376
720 719
328 115
223 178
541 753
742 743
114 1174
738 889
19 119
724 725
369 497
164 1031
20 120
767 772
206 210
528 526
609 600
520 522
100 85
189 422
641 1077
245 997
793 1211
841 842
820 819
87 905
572 574
197 1185
615 1060
265 947
447 286
679 1166
486 771
680 1167
22 1081
894 1276
413 414
424 423
143 144
727 726
654 476
457 456
449 452
46 1007
458 457
450 453
461 462
224 226
512 513
236 200
786 1161
162 171
834 829
677 1111
246 250
545 546
396 603
17 18
848 849
660 649
894 736
91 232
578 579
57 90
410 357
29 28
172 565
302 186
284 663
206 69
579 580
571 576
590 589
91 88
54 57
456 1003
709 811
183 472
605 610
697 693
245 941
684 1248
139 136
470 650
77 81
670 675
150 151
665 1234
893 1278
161 160
745 1263
485 666
464 463
671 676
660 109
663 672
752 750
137 971
381 428
482 480
830 440
107 45
160 954
165 166
497 496
744 745
504 355
9 4
195 194
766 769
818 816
104 915
249 250
228 227
838 236
260 933
669 1101
563 562
851 849
290 287
315 231
261 260
52 86
289 587
585 586
662 1098
68 210
244 930
177 382
327 964
618 619
821 1207
877 879
264 944
899 897
371 369
320 961
538 1040
732 1134
684 685
683 869
725 1131
634 455
673 675
696 695
366 560
205 988
138 144
802 798
874 1231
569 366
234 233
186 76
784 785
38 34
828 827
9 910
490 1097
599 595
709 1141
30 29
620 1063
216 76
113 329
322 323
548 549
360 349
640 632
632 628
52 53
603 601
854 857
861 865
884 885
466 488
506 524
86 87
97 96
16 108
310 60
389 390
537 1042
748 588
185 474
688 686
279 338
592 569
144 967
681 683
152 153
108 492
714 716
754 752
534 340
444 446
747 749
13 116
218 219
641 1076
251 253
850 841
477 479
716 761
364 309
271 267
480 1015
243 922
67 208
37 36
443 315
846 848
159 147
318 320
393 759
592 1197
48 50
313 241
883 1260
536 1036
650 649
299 571
632 631
125 126
686 687
158 159
137 136
502 377
671 1238
687 688
147 149
615 254
395 1154
89 324
194 526
264 96
709 712
150 605
232 229
67 836
153 610
672 1175
786 1160
114 1176
125 139
438 599
225 226
265 262
166 176
15 681
250 255
768 775
330 958
638 1074
316 1023
868 862
532 498
622 1066
292 257
777 860
84 228
266 1022
602 599
136 9
298 187
575 581
882 881
307 272
853 854
535 1039
233 63
357 358
778 680
864 720
576 582
616 618
55 56
886 887
387 386
467 266
173 951
4 621
121 123
399 396
391 392
82 131
888 789
649 278
424 425
51 63
337 277
293 579
195 193
727 728
222 411
830 825
15 118
717 390
95 901
793 794
523 524
790 788
633 1070
863 858
323 90
353 378
677 1113
109 283
464 1005
888 887
327 325
675 285
94 913
140 126
94 95
334 342
72 76
623 624
696 694
127 128
862 762
460 459
373 45
762 760
161 162
452 454
647 550
411 602
795 793
736 743
756 758
28 19
482 1012
620 1062
789 791
651 1086
687 743
227 84
560 559
11 51
165 109
31 29
120 632
250 104
200 926
811 814
374 404
294 295
359 361
628 140
212 82
896 894
417 222
356 355
168 155
888 890
228 1109
262 55
134 135
483 1106
732 1136
792 1187
681 682
412 408
112 116
463 459
653 470
311 1264
851 1214
478 474
661 1233
157 159
729 730
230 229
366 1056
284 1103
68 984
62 7
448 451
601 401
326 956
263 262
722 1221
803 800
304 299
554 181
481 1014
616 1059
300 301
191 394
808 591
748 1251
30 31
730 1202
594 783
557 456
898 1280
177 351
625 627
303 576
64 65
828 806
388 391
731 730
495 782
356 178
397 332
163 165
853 1249
724 1135
141 1049
233 229
501 309
197 306
484 485
617 111
639 624
209 402
488 491
187 5
336 213
33 32
44 41
699 530
4 908
690 710
243 924
175 1055
594 593
565 566
66 65
623 1065
246 935
544 363
317 995
318 960
657 654
539 1044
562 273
402 400
551 1054
62 72
41 952
133 132
885 899
513 1027
807 1244
619 290
716 717
199 198
567 365
194 528
169 175
801 797
706 416
451 455
502 500
782 783
66 55
656 1089
236 237
7 5
110 655
59 52
99 88
819 823
258 261
546 548
417 434
47 77
40 38
94 912
871 869
124 37
582 586
361 358
701 314
284 291
306 1096
608 351
573 393
737 501
41 160
626 1079
527 691
668 667
867 876
450 444
340 163
517 1028
388 60
855 1252
612 362
443 441
663 673
734 733
154 158
856 1253
664 674
476 474
756 757
852 1219
767 766
79 249
198 200
486 487
538 534
797 794
29 19
105 917
640 1075
253 257
880 684
662 1099
811 813
460 1001
575 573
95 85
301 190
338 337
204 931
856 857
264 945
859 862
586 587
483 840
369 589
549 556
814 1205
69 68
889 890
900 899
792 1186
803 1195
882 1259
383 380
149 33
382 384
726 1133
305 582
53 101
809 1247
438 437
689 693
469 15
169 168
271 36
741 739
205 207
493 494
556 550
223 224
190 47
570 1122
96 943
526 527
537 536
840 839
6 2
164 30
289 290
570 1243
873 872
440 230
560 561
870 866
559 1090
619 1104
407 403
635 447
509 1125
714 740
658 659
56 96
127 385
408 404
659 660
691 692
670 669
171 168
197 1123
142 141
422 424
331 156
0 322
179 553
81 130
186 188
718 723
759 760
847 1218
255 260
617 1170
525 529
623 1064
813 816
248 629
824 825
304 301
414 698
442 1025
297 298
729 1203
613 354
858 859
82 80
25 449
832 806
891 892
363 364
647 797
175 658
396 397
437 434
339 536
842 748
647 1183
598 387
263 254
761 759
753 755
773 770
464 280
659 110
495 496
117 959
383 26
435 216
694 705
100 906
63 201
838 835
58 6
710 686
809 808
61 240
528 529
0 1
59 87
316 1024
469 1117
649 1084
657 1088
779 785
71 61
539 166
281 279
292 294
887 503
306 1095
325 965
816 708
635 633
823 833
861 859
74 71
646 642
853 855
890 1268
595 596
99 100
242 823
898 899
358 360
363 475
657 656
723 867
429 420
598 606
410 406
342 537
650 653
661 662
742 507
173 170
401 214
376 795
735 733
174 171
354 367
158 163
560 1146
688 886
885 793
151 123
498 496
17 80
331 993
642 626
95 902
38 368
820 812
153 614
633 1071
774 781
254 257
725 516
384 223
568 569
849 731
839 1212
266 267
878 874
511 443
486 1173
514 863
69 67
601 602
331 332
598 596
10 17
238 61
642 639
849 852
893 895
353 356
623 625
277 482
689 692
719 714
173 955
668 1163
884 787
701 702
205 206
412 419
472 470
494 488
734 735
826 818
280 156
856 1255
497 499
516 512
655 1085
796 795
779 1151
837 832
220 226
845 1217
814 821
324 319
32 31
792 802
724 518
823 826
346 343
605 603
329 519
851 744
101 920
228 1110
98 97
43 161
49 92
90 93
391 350
483 1107
320 326
792 1188
365 477
372 373
131 130
114 486
199 939
682 678
102 103
631 453
162 154
434 433
200 940
497 489
117 1171
777 772
176 174
449 448
201 203
489 490
427 429
492 495
259 64
242 240
501 500
305 296
504 505
643 1078
729 852
803 801
559 1115
415 432
308 306
300 302
482 1016
268 269
821 827
600 599
20 24
418 708
239 62
333 1009
862 864
314 92
888 1267
35 268
552 1052
97 99
138 137
721 866
98 100
145 32
705 220
473 471
131 133
204 203
43 20
776 774
175 176
690 505
202 916
558 551
59 904
270 269
489 493
861 773
786 679
661 1093
490 308
274 275
293 288
458 999
554 558
533 535
832 831
252 256
202 255
307 308
308 273
391 716
624 1067
5 6
639 638
439 384
365 169
318 94
817 415
340 341
892 674
46 803
333 338
640 638
758 859
247 1058
781 879
374 375
698 701
807 1245
436 435
407 408
783 1153
678 871
437 436
17 982
666 1162
461 464
440 441
568 1121
643 626
805 804
503 502
288 285
487 1168
765 767
757 763
258 262
809 810
0 3
468 108
860 861
839 838
594 1150
189 427
58 93
127 452
135 47
682 1119
872 871
156 106
543 552
243 928
355 352
646 644
442 994
894 895
37 42
413 707
126 119
227 925
442 441
129 130
616 248
636 455
688 502
111 112
395 774
184 182
222 437
883 857
278 109
402 404
454 451
141 140
856 1254
195 196
785 1230
198 201
177 178
566 368
457 461
757 573
509 508
102 4
259 253
852 847
210 211
458 462
490 494
531 532
652 1087
479 750
240 239
584 394
564 565
790 791
460 1002
794 798
874 870
553 555
475 752
597 598
204 932
555 372
747 542
202 104
753 881
132 125
310 540
81 79
361 362
664 665
403 215
60 370
354 359
462 651
213 212
485 1165
763 764
723 1222
479 367
276 273
713 799
206 208
247 246
819 817
241 431
549 547
593 1148
829 830
239 241
272 275
810 853
834 1210
570 197
606 385
564 568
596 600
40 153
367 368
386 381
545 554
45 991
36 39
892 1272
283 1048
146 27
339 979
454 637
412 411
405 372
105 934
674 676
882 854
749 590
878 1229
361 185
725 727
143 142
769 770
467 468
726 728
758 760
781 780
799 1206
39 26
511 510
271 269
343 145
415 313
533 534
544 543
231 232
795 799
484 1172
465 664
777 113
566 567
645 631
264 265
869 870
685 1198
319 317
607 604
751 1143
743 1139
858 860
322 328
392 572
611 610
532 1220
703 693
286 670
66 258
27 150
385 383
633 634
788 1182
865 877
33 346
695 694
588 1242
629 636
130 135
42 22
7 64
594 498
312 520
699 700
647 1184
783 779
83 59
142 145
182 181
375 990
555 548
446 641
547 544
202 918
518 517
765 766
50 3
248 247
215 70
744 1237
683 1227
839 837
24 1033
270 271
672 1105
92 530
569 567
584 583
682 1118
864 866
303 304
282 281
562 564
1 2
504 739
56 54
425 186
744 311
595 597
827 840
366 365
898 900
547 1051
636 634
672 673
183 545
667 1232
370 371
678 487
402 403
381 380
577 26
143 966
884 1266
192 221
278 1047
592 685
163 279
739 740
259 252
251 248
237 84
510 508
521 517
312 523
755 540
133 148
233 235
805 806
285 16
10 980
267 493
288 287
