961 1102
1126 952
1066 1084
1101 1115
1060 1144
1045 1244
1015 1240
963 1236
974 1092
918 1167
904 1067
916 1160
1213 1221
1194 1217
923 1065
1127 953
1168 1262
1063 1014
1210 969
944 1051
998 1052
1104 1143
915 1164
910 1232
930 1116
939 1231
902 1072
1108 966
997 1007
1079 1113
1200 1122
1275 1091
1136 1095
1142 955
921 1179
1165 1259
905 1073
1119 1237
994 1075
1212 1224
986 1220
959 1181
1064 1011
1105 1146
912 1078
1137 949
947 1054
1058 1086
1140 951
978 1096
991 1215
927 1124
1013 1246
1193 1039
1109 972
935 1000
1059 1087
1169 1258
932 1003
908 1012
929 1178
964 1264
965 1238
956 1269
960 1077
1026 1022
1028 1019
1225 1057
1201 1121
941 1118
1135 1020
976 1149
938 1229
1274 1090
987 1222
1171 1180
988 1150
943 1182
1138 948
934 1005
1107 979
1131 1098
1280 1050
1134 1094
1208 1043
928 1117
1106 1133
1189 1048
1024 1081
1025 1080
967 1093
996 1074
984 1228
1030 1021
924 1186
1195 1219
1196 1218
1174 1261
945 1053
1029 1034
1192 1040
1110 968
1271 1248
977 1152
980 1157
1204 1032
1205 1031
931 1002
933 999
1176 1263
1046 1239
990 1216
993 1242
1209 1049
920 1184
1206 1041
946 1267
1172 1256
1070 1089
1273 1198
1027 1100
958 1268
970 1233
911 1163
1173 1257
937 1154
983 1151
926 1227
940 1226
1017 1247
1207 1042
957 1278
1188 1010
1128 1035
922 1177
1068 1112
1062 1016
971 1234
981 1156
1037 1243
973 1097
989 1148
975 1158
1009 1245
903 1190
1211 1044
925 1132
901 1266
985 1153
1023 1082
942 1008
1162 1249
1191 1111
1069 1088
1071 1085
906 1265
1083 1114
1175 1197
919 1183
1061 1047
1120 1270
1129 1099
982 1230
1141 954
1202 1199
1130 1018
1036 1185
913 1279
962 1272
1277 1055
1159 1255
1103 1147
1170 1145
907 1235
1006 1214
1166 1260
1139 950
1004 1253
995 1076
1276 1056
936 1155
992 1251
1125 1033
1223 1123
