-1.717201179044043347e-01 -3.473024755050710954e-01 1.416447408256667727e-02
-1.498850369892118506e-01 -3.441738263529087738e-01 -4.856993632115679665e-02
-1.041107671828354897e-01 -2.695260370324736865e-01 -4.523048327262717272e-02
-1.069468688839124160e-01 -2.483885512449065247e-01 3.176915438905848765e-02
2.981721736546263934e-01 -4.334742889250653430e-01 -4.146193760052304111e-01
-1.173884505523003219e-01 -2.120096591642592065e-01 -1.310432528993015766e-01
-1.451971377984073441e-01 -2.438999871190591084e-01 -7.791890378926652483e-02
-1.437394723820588083e-01 -2.348334755422319953e-01 -1.763567199234203353e-01
1.500452881861224774e-01 -2.604188280384607257e-01 -4.783613013847450857e-01
3.120261394265105293e-01 -3.601511416486136152e-01 -4.578966498697261134e-01
1.753043951204538986e-01 -2.518919128911953909e-01 -4.806449643907436120e-01
-2.926464010366462420e-01 -4.730344536320758575e-01 -3.255297685540662345e-01
-1.457144847002355692e-01 -3.715019861831081460e-01 -4.277427304057439261e-02
-1.419805409144837549e-01 -3.892520377228144146e-01 4.429908653302361971e-02
-4.340376127736603751e-01 -4.731228968954163117e-01 3.519254836974383682e-01
-3.779507730463206872e-01 -3.892047618369914863e-01 4.628152988483149599e-01
1.860361022587964652e-01 -2.172585566792996914e-01 1.537990576335849513e-01
1.919240446331518524e-01 -2.126774357970895868e-01 -4.276902610262844351e-01
2.378471417307048696e-01 -1.952792048807719949e-01 -3.677795809754909606e-01
3.664997871272828722e-01 -1.003721616544791945e-01 -2.113972363371744712e-01
3.757480274275310506e-01 -1.483170722174888823e-01 -1.257986734442372578e-01
3.809697459958859556e-01 -1.499640811167894383e-01 -3.418751647329064114e-01
4.629847408560884281e-01 -1.773157738424176455e-01 5.216653931424225857e-03
4.637473967588218726e-01 -1.922058003190033337e-01 -1.128670567346334447e-01
4.453319025703008083e-01 -1.528221812716912542e-01 -1.263024941971925830e-01
2.299957747339805569e-01 -1.304635763855088448e-01 8.634998042824661157e-02
1.617097523887364718e-01 -5.829594586736214917e-02 9.580544055983090945e-02
2.076930097583453982e-01 -4.433356301149129347e-02 -2.040826583757551771e-01
3.642030171360057245e-01 -6.270314234116881880e-02 -2.191885049956503184e-01
3.925268238261090947e-01 -7.940011110497680047e-02 -2.549245829830856791e-01
4.325024569101210137e-01 -7.861505750864970776e-02 -2.743521559876139770e-01
3.970441535329204408e-01 -8.446079311917746579e-02 -2.918764346901777662e-01
3.542471465866425806e-01 -1.011430214089077684e-01 -3.573117736311990367e-01
2.787079315926087042e-01 -1.174848899583763595e-01 -3.735087867734378508e-01
3.210224453441566927e-01 1.075495376676307291e-01 1.020764856268880916e-01
4.153471043186561795e-01 -8.308375090514533157e-02 1.319714204534720714e-02
3.211330108138250039e-01 -4.534337939564630354e-02 9.364736939406821670e-02
3.294312500259427012e-01 -1.311480369460551187e-01 1.094111259191432942e-02
2.765277285648842787e-01 9.948251849763060928e-02 8.973840578465537565e-02
2.924659890353953351e-01 4.816106736835939345e-02 8.585525330848037262e-02
2.436691461588970098e-01 1.055162341828279754e-01 4.052193257545013555e-02
4.364542422234205521e-01 -1.021837375880420111e-02 -8.911797738852333950e-02
3.843530523714087654e-01 -1.160879265849541209e-01 3.037941410465620426e-04
3.918075098890218544e-01 -1.356925661151131002e-01 -1.157327286006573364e-01
3.905515055423429693e-01 -9.591247735953295495e-02 -8.514689257256588539e-02
-1.676652839628758052e-01 3.100751620876838754e-01 -4.499301706764789466e-01
-2.745296989058509940e-01 3.958363781339767073e-01 -4.788012408030596356e-01
6.276381002934693087e-02 -1.805497668434242198e-01 -1.719492857549883846e-01
-1.521594048838275370e-01 -2.025538560689390533e-01 -3.492152706269633505e-02
-2.078059802402517919e-01 -1.801768587092155982e-01 -5.562486659065633832e-02
-1.260258001994659649e-01 -2.169024165990087738e-01 2.825026690051520711e-02
-3.044953098235399502e-01 -4.089955154525298786e-01 -2.639975955329942892e-01
-3.758273249929006132e-01 -3.883028163170169633e-01 -2.505873896817276125e-01
-3.213724787756692125e-01 -4.272912274362177798e-01 -2.326649691841612688e-01
-1.538624958407743271e-01 -4.045119439118154414e-01 -9.203912494582967840e-02
-1.422026110372926200e-01 -4.056556757909034472e-01 -1.632156936556728721e-01
-1.789000389310388128e-01 -4.560052591702369873e-01 -1.311697641059976771e-01
-1.980550378485648189e-01 -3.520624099048135780e-01 -8.336199396097898617e-02
-1.970403164020220199e-01 -2.784227522472474958e-01 -1.092512006869020280e-01
-4.363581349002782495e-01 -3.812584431408879149e-01 -2.851520160164309203e-01
-6.813046684470278058e-02 1.800688282795013528e-01 1.411935615181333648e-01
-1.589929020650940328e-01 -1.472420485071833651e-01 -3.325115816919643752e-01
-1.576585573050637568e-01 -2.163447232555153199e-01 -2.422561129496023646e-01
-2.558126174456950563e-01 -3.509277677427153908e-01 -2.893936847810805180e-01
-1.598312465805355465e-01 -2.600163051744011633e-01 -1.786655804266413239e-01
-1.870507322968250619e-01 -2.943723203630577712e-01 -1.739640244521635237e-01
-1.427221504478924097e-01 -3.608832798132576847e-01 -2.013273543582778380e-01
-1.105604515349369321e-01 -2.853065564732025147e-02 -4.114111411067216117e-01
-8.654193463609304027e-02 -9.563745121642117097e-02 -4.715399813394983153e-01
-9.754409303541346221e-02 -4.126698687679851429e-02 -4.643860877676129206e-01
-1.318547015338833728e-01 -9.794862316554926729e-02 -3.446792614784481845e-01
-1.231541523680615702e-01 -1.684385142434333682e-01 -3.536453387352492816e-01
-8.318230786735179849e-02 -1.949479985485342293e-01 -2.799333812333268945e-01
-7.846248959066916273e-02 -1.845647983767202405e-01 -4.321445729009781300e-01
-9.339956275405444930e-02 -2.004403251437899824e-01 -3.913227903839703314e-01
-3.982702469399237999e-02 -2.367666774736724711e-01 -3.514497277837791422e-01
-9.857582232279742465e-03 -1.674280256963605606e-01 -2.379955021281087713e-01
3.032110511274493242e-02 -1.676597863077894102e-01 -2.409161425279873481e-01
7.905604262508021673e-02 -2.057171807403318509e-01 -3.719034648435403656e-01
4.963194138817970946e-02 -2.477883090732874161e-01 -3.264577553278558697e-01
1.077699127053918238e-01 -2.001242166456313754e-01 -3.217185043410877299e-01
8.033173875560410682e-02 -2.268765080741688422e-01 -2.853896407532544588e-01
9.313467560477976803e-02 -1.939984459777888137e-01 -2.964026237035101152e-01
-4.568530460869885679e-01 -3.938588511436289519e-01 -3.690521582738546802e-01
-4.452090214653644518e-01 -3.212853102343058431e-01 -4.498830861579497520e-01
-3.741619439640717637e-01 -4.184102025184961993e-01 -1.337463375865825532e-01
-3.901788138679935791e-01 -3.731424820644088647e-01 -2.429197127146697222e-01
-4.263468927592216628e-01 -3.406589516700176956e-01 -2.453957080327880957e-01
-3.517048350968185466e-01 -4.035052698437005536e-01 -1.071415251667057200e-01
-3.671193239971284328e-01 -3.281978121897879963e-01 -1.345755898612046100e-02
-3.218737011054511044e-01 -3.276922735179431667e-01 -6.150689522772354728e-02
-3.624514754757607315e-01 -3.411846899194762028e-01 -7.760956650377699717e-02
-2.761919445120762928e-01 -1.830380072700672767e-01 -6.036632221759132000e-02
-2.939390236247332311e-01 -2.624171292898977437e-01 -1.156974181025492987e-01
-4.771594388569948553e-01 -4.952025809814566415e-01 -1.066318613661428882e-01
-4.863900658593847126e-01 -4.759862416500000859e-01 -1.121540680395803485e-01
-2.180174812260129991e-01 -4.749738695996521542e-01 -1.348005442395556752e-01
-2.663738740137812089e-01 -4.697731217503024470e-01 -1.408113823805446085e-01
-3.058440268643551896e-01 -4.629776034344804114e-01 -1.841960856362570564e-01
-3.089314701591266421e-01 -4.649989750182554893e-01 -1.272136013681801348e-01
-3.303646439013161462e-01 -4.661266114324766341e-01 -1.599845693480930753e-01
-3.011044709048822376e-01 -4.700761820099793042e-01 -2.328431592527365479e-01
1.748619934684758903e-01 -4.425240721330566673e-01 -4.741023117817849131e-01
1.290890209766222263e-01 -4.533277638102921614e-01 -4.423354399525772362e-01
7.608395161529692141e-02 -4.008132704385780065e-01 -4.567067503926093841e-01
1.356793626988899715e-01 -4.896671885707258309e-01 -4.572774547845743220e-01
-7.552422107252587669e-02 3.327366558356054660e-01 -4.576691601900900741e-01
-1.177123771985867373e-01 3.196846112429477804e-01 -4.182846715409885840e-01
2.880372469460045215e-01 -1.832121098233623346e-01 2.713211988346055925e-01
3.595277733033537815e-01 4.230135629445782586e-01 -2.230456403801655552e-01
3.965120568527856770e-01 4.743855097886156558e-01 -1.018612371289480539e-01
5.153196652967520497e-02 -4.750702842505747925e-01 9.732258780322680311e-03
-1.375248135082774992e-01 -3.892508251686092602e-01 8.052768373244297007e-02
-2.136998453108268914e-01 -4.156507478323182014e-01 1.853276592740458195e-01
-1.827283669630327678e-01 -4.816638179141499165e-01 2.346170795882393800e-01
-2.228311861238971292e-01 -4.502098578827702369e-01 1.317969188972401007e-01
-1.865038580474407959e-01 -4.233454479248530689e-01 1.132840155255692288e-01
-1.960363567500015836e-01 -4.668651607647770763e-01 1.322263738783905351e-01
-3.803407819383277655e-01 -3.303831179244607896e-01 4.537556275082740287e-01
3.524565007282995377e-01 -1.535267892135112056e-01 -1.930983085480748596e-01
3.644396706280500497e-01 -1.987898797373589543e-01 -1.562798389468062488e-01
2.374176487151833381e-01 -1.288013078572339265e-01 -1.621081467366816964e-01
3.292086280534630149e-01 -1.766040111553957848e-01 -8.743802965620331435e-02
2.955861419529082212e-01 -1.671924295441114539e-01 -1.070762855187389478e-01
2.978837695974540511e-01 -1.615037669989570768e-01 -6.753008754127537427e-02
2.819814940467297304e-01 -2.231391520513842097e-01 -3.189605961287964586e-01
3.369432126770420810e-01 -2.067467405709179085e-01 -3.093203116960635546e-01
1.608210623355318947e-01 -1.338461502626204225e-01 -1.388050780972093778e-01
1.730366310301234556e-01 -1.207006325394254787e-01 -1.851885702362930375e-01
1.273706012105922103e-01 -2.791407192089968570e-01 -2.161197326449924849e-01
1.097611037094586572e-01 -2.323334290644659406e-01 -2.611282822590118013e-01
1.299234931939724502e-01 -1.937576673808042993e-01 -2.840096608481909035e-01
2.093595292085808357e-01 -1.942871446931735413e-01 -3.162710985329784119e-01
1.490730557609976359e-01 -1.521625048304588446e-01 -2.649044907489815914e-01
1.251077522645748785e-01 -2.293916451265820000e-01 -1.551089050007015135e-01
9.921413792287492317e-02 -2.124416771253118952e-01 -1.846359518246450393e-01
3.732122937437289956e-01 -3.289864631592800959e-01 -3.858174584821032482e-01
4.340241403759406702e-01 -2.970182126838071257e-01 -4.701288213892650947e-01
4.840035909254929991e-01 -2.369806438387271896e-01 -4.851480701279829999e-01
3.339397389436822294e-01 -2.922484898844702750e-01 -3.281863650567662383e-01
3.829093512902659868e-01 -2.256292790995626241e-01 -3.155113098831483498e-01
4.381025816133530815e-01 -1.576344197854636642e-01 -3.576268233266480800e-01
4.498350221880415556e-01 -1.603447958216953073e-01 -4.447360992783926936e-01
4.793708824185709538e-01 -1.673216672922733239e-01 -4.557269425543093444e-01
4.826992125338942508e-01 -1.775350336402780338e-01 -4.771921972202827211e-01
3.670620293228232245e-01 -1.077622943018725077e-01 -4.452151643267746040e-01
2.107289427206165688e-01 -2.557227965776365242e-02 -2.239625016326226847e-01
2.589557519020040388e-01 -5.660891680438743905e-03 -2.116447924839947037e-01
1.823772453330630150e-01 -3.881903039000359629e-02 -2.748921408703822178e-01
2.334346054038774765e-01 -2.656924328443720923e-02 -3.139293425765406487e-01
1.859125495294857155e-01 1.729042314794419083e-02 -1.657403579953660167e-01
2.562073342544243237e-01 1.088921525821180125e-01 -1.146045575616636836e-01
2.328703153711719487e-01 1.141979137537327410e-01 -5.528605577136035121e-02
1.482982609487231984e-01 7.801072071629433502e-02 -8.278174601062972260e-02
3.001938004101748492e-01 1.171420657976764423e-01 -1.320952408070628914e-01
2.581710356112589810e-01 1.361527014643314770e-01 -6.732077834480598710e-02
1.080777530367102723e-01 2.529101697792608960e-01 -3.827361896397443730e-01
3.858042454171813906e-01 -2.110992891556775358e-03 -2.119015830387294130e-01
3.086097041606100655e-01 1.231081773907730242e-01 -1.597851716838537273e-01
3.085552750803099431e-01 7.481173008067174002e-02 -2.236099709382559364e-01
4.296220243245579828e-01 4.733429550241050054e-02 -9.290152110975433142e-02
4.129209027403498711e-01 1.885297142696938655e-02 -1.301304767973602561e-01
3.411607448848049118e-01 1.223595317790193288e-01 -1.049242448561416852e-01
3.171273751411566866e-01 2.108007298851257982e-01 -2.656995877585768273e-01
4.318999662072706691e-01 -2.448551532230287126e-02 -2.684402155131470069e-01
4.178203387597475005e-01 2.539971792689625918e-01 -2.222134983684484200e-01
4.284183169058801699e-01 2.368867102733266949e-01 -1.775289682168738059e-01
3.465765486005871754e-01 1.466327212060282437e-01 8.935435788831186388e-03
3.113593693181339050e-01 1.515455439469016452e-01 -2.585519915409592584e-02
3.018141570422523956e-01 2.657317663936308305e-01 3.561503654837093469e-02
3.953590577165069231e-01 1.373387083843741752e-01 -7.790974431103439568e-02
3.462006801783898968e-01 1.544670636293915267e-01 -8.484121569007538333e-02
3.354060299868070749e-01 1.425202841080340788e-01 1.075392195493949099e-01
4.599317019431020115e-01 1.752957161704672973e-01 -9.929123768097890268e-02
4.164444779741090508e-01 1.985928559369281310e-01 -1.152141921931040536e-01
4.131386667445742233e-01 3.073401997715810574e-01 -7.854172031496153839e-02
4.341346902750294334e-01 2.504742205977653069e-01 -1.133561118129305656e-01
-1.253403362373246011e-01 6.361566254110047336e-02 7.943893936027673908e-02
-1.597092647683028555e-01 7.540489125883927113e-02 6.970627724596704933e-02
-1.421139706021627147e-01 2.945261503113506540e-01 -3.248364586155433886e-01
8.530159875070403297e-02 2.379646747808032980e-01 -3.166366086975779259e-01
9.995794857460704730e-02 2.782263096512446188e-01 -2.747456807184106009e-01
1.299700472324850642e-01 2.701126187339159546e-01 -2.362922829242510292e-01
1.229893150165021487e-01 2.954167384347083924e-01 -2.113392583122558066e-01
1.350321934306242810e-01 2.359247650222503767e-01 -2.019433314895224818e-01
1.163239984069694699e-01 2.640002467742183501e-01 -1.881556503587741846e-01
-3.205484406802768665e-02 -1.975294761375214481e-01 -1.685185133468399266e-01
-6.963710859550183152e-02 -2.042341100894943529e-01 -1.301882695783312949e-01
-4.601479646888142344e-02 -2.158394238866017389e-01 -1.374074824325519362e-01
-1.005306075893190043e-01 -1.279677640092966029e-01 -1.723473682751155284e-02
7.029291829234819711e-02 -1.388351701206864408e-01 -1.323694595951293018e-01
7.013495168861269558e-02 8.666835579861956185e-02 2.869535850973888302e-01
-1.047318217477661711e-01 -1.423700980423659723e-01 4.456497255442792849e-02
-1.207578049063458420e-01 -2.026555004406753180e-01 5.759546496902163970e-02
-2.732168030490909061e-01 -1.831408894669624976e-01 5.345569553767207105e-02
-1.516149112115793840e-01 -2.009195756921955123e-01 1.901361594182969170e-02
-1.854519148558246566e-01 -1.815101621260624964e-01 -1.093657056861821464e-02
4.836980425396623096e-01 1.635856199823072787e-01 4.855246203702002217e-01
-2.149775489402930562e-01 -2.845713689799345691e-01 -4.083631553720111773e-01
-1.364905479812488498e-01 -2.545578611135840830e-01 -4.235361559251402119e-01
-2.563568843747470738e-01 -2.721437435608584088e-01 -4.617205379706210699e-01
-2.106863991913273115e-01 -3.658081574271552783e-01 -3.363123022440613896e-01
-4.045079772619315783e-02 -3.868045633493661928e-01 -4.601480288879932767e-01
-2.441230739174688191e-01 -4.464711592643222371e-01 -3.806989021949574448e-01
-1.474943150574278272e-01 -4.657353058426078052e-01 -3.754355917660212594e-01
-4.255340123437782729e-02 3.018729675597869172e-02 -4.705804571158099803e-01
-6.887429608160094974e-02 -7.457517185899249432e-03 -4.557975263962855683e-01
-6.078374822284987600e-02 3.592037368685833260e-02 -4.364620630829164072e-01
-7.030378792601275906e-02 1.114454754961686361e-02 -4.214422030618829584e-01
-5.654024761774129049e-02 2.939257929273478287e-02 -4.100640736952152476e-01
-5.482445626811944389e-02 -6.132642016456291839e-02 -4.727686097236145635e-01
9.532482588856502903e-02 -1.775653275846039714e-01 -3.624418617009849131e-01
7.601902448737839213e-02 -1.003797416429933476e-01 -3.220930958502033481e-01
1.235227904951510802e-01 -5.809979007264446695e-03 -3.453670560156494873e-01
-4.892215331529926881e-03 -9.792015849528055982e-02 -2.360706289445581307e-01
-1.019004646387499519e-01 -7.777161656175847482e-02 -2.765687512063629283e-01
-6.643607942030825553e-02 -9.839784295364457922e-02 -2.480466533366535720e-01
-1.380318736922598044e-01 -6.625196555999898762e-02 -2.451580266798557839e-01
-2.251619124419447504e-01 -1.337031192995793150e-01 -5.897048893576862377e-02
-2.131322563882835641e-01 -8.518880051604790782e-02 4.565611532201703515e-04
-2.511341895773369637e-01 -1.786258929103246018e-02 2.039155756150494436e-02
-1.666678860019717434e-01 -5.622118377845093662e-02 1.916000700101377907e-02
-1.513702612938760961e-01 1.188101010160485561e-02 -1.694822336061341805e-01
-1.727468101975995762e-01 5.042558605162393570e-02 4.345071144979604366e-02
-2.063559286016458660e-01 2.949194365581542937e-02 4.458939587648833025e-02
-1.813069333031817887e-01 6.676059927391395261e-03 6.481218159032452186e-02
-2.267955037153831788e-01 1.042497669055742274e-02 5.060979990676989226e-02
-4.516759719250574845e-01 -3.306195729669847982e-01 -4.873470801641840988e-01
-4.656336922349230134e-01 -3.047280866896698859e-01 -4.910813764683689686e-01
-3.778557454871190324e-01 -3.250006874316587746e-01 -2.305328984818974247e-01
-4.075961189093453285e-01 -2.989327505097636450e-01 -2.583722517302214916e-01
-3.028921981781152462e-01 -2.420616547658411000e-01 -1.487745785880743854e-01
-3.591971995665828588e-01 -2.826880918728967296e-01 -1.563608522153117908e-01
-2.850814549049117685e-01 -3.016847294318860673e-01 -2.814736422615506939e-01
-2.368038785507359523e-01 -2.563697589247506126e-01 -2.171348593131811333e-01
-2.617417588491596225e-01 -2.248324971929518690e-01 -3.693137640673709310e-01
-3.009379240594454719e-01 -2.250177506119559467e-01 -4.002894508280376296e-01
-4.074360891001662655e-01 -2.393733034063432741e-01 -3.879773825430074541e-01
-2.277932744460708925e-01 -1.430009068506705172e-01 -3.238280530553303005e-01
-2.104734005408827324e-01 -1.925623462024648735e-01 -2.560822264011235472e-01
-1.932427351330692489e-01 -1.470619078374083288e-01 -3.024994785738490677e-01
-2.265071912317295488e-01 -1.480655311693821197e-01 -2.194425123860404281e-01
-2.176578778829275640e-01 -1.142581442345733667e-01 -2.759012971033308892e-01
-4.078016971048370465e-01 -4.558997309523418751e-01 -4.218777546723428418e-01
-2.889348467796660769e-01 -4.724977428221475151e-01 -4.542065428875280420e-01
-2.645488171652340958e-01 -4.907817876516883393e-01 -4.762239962365496515e-01
1.106169977850368774e-01 -4.626657680063874789e-01 -3.255448512560621954e-01
1.494201206424485007e-01 -4.508598797129858560e-01 -2.573899842606285904e-01
1.416753046909754177e-01 -4.095509482480831354e-01 -2.028206817984619936e-01
5.952127208638223477e-02 -3.082611146383945622e-01 -3.043563489132923849e-01
4.466010485603369440e-02 -3.815413574590579837e-01 -3.537120983661790063e-01
8.541081456590007837e-02 -3.198873038273399305e-01 -2.209893725251768359e-01
-8.146077572550095014e-02 -3.185959336574302747e-01 -3.176004647134708647e-01
2.279330458983577085e-02 -3.308822579823380572e-01 -1.958234027766182495e-01
3.183317121466134464e-02 -4.546004653569173382e-01 -6.344251935732922454e-02
-3.132031092131895567e-02 -3.846867248229296488e-01 -3.733223449027877616e-01
-1.001936742246204437e-01 -3.330359870749394213e-01 -3.299804021597454451e-01
3.119474483934716463e-02 -3.661861301563389404e-01 -1.042226841717694558e-01
-1.164490405070129075e-01 -3.941235211113017778e-01 -2.238719619989317233e-01
-1.013456002472980372e-01 -3.504111838505361565e-01 -2.262192100926776750e-01
-1.032627791740592799e-01 -4.238097289285931990e-01 -3.376875982277584565e-01
-1.216059067004983812e-01 -3.914854750167189312e-01 -2.993142732868693812e-01
-9.626857786515874427e-02 -4.113478199141064051e-01 -1.605018845901189650e-01
-3.822305438925480137e-02 -4.224251580298057362e-01 -1.091808455429938707e-01
-1.722052812706479363e-01 -4.904782694136949894e-01 -1.384473114770050362e-01
-1.094051593290154695e-01 -4.660170801713073296e-01 -1.463263787174738650e-01
4.649979247247829073e-01 -2.264532183481670069e-01 1.931201791328747974e-01
3.429854016782298842e-01 -1.291167072181357012e-01 2.593425811812649084e-01
4.553364266386747961e-01 -8.079632185481491757e-02 7.499823687784681892e-02
3.893286828763954377e-01 -4.004313356143070213e-02 9.032593715092392117e-02
3.540874690680760883e-01 2.520249806137689341e-02 1.136544738136612276e-01
3.432685380172906253e-01 -2.534485305549330839e-02 9.024955327832867580e-02
4.564542811026981450e-01 9.923642994821298136e-02 1.829947517792544220e-01
3.453981597002528381e-01 9.614175706893388074e-02 2.895208482084322688e-01
3.675848445356412197e-01 1.166026776488244820e-01 1.501725817970803456e-01
4.222509950749619989e-01 1.301319881138449930e-01 1.635837050147280480e-01
3.833741265362868300e-01 1.486374597504276085e-01 2.032100991180270377e-01
3.430887183812304508e-01 3.992854740086462795e-01 -4.868632181953475024e-01
3.055056384779730183e-01 4.095272350124865568e-01 -2.652389491630793850e-01
2.583748167281749719e-01 2.874889226167229306e-01 -3.018340346892785520e-01
1.176972244380186244e-01 2.799509425481315206e-01 -3.576331391924580938e-01
1.723040182249307717e-01 3.013223074059177553e-01 -2.803006231270911974e-01
1.033957874152160450e-01 3.014032391205314076e-01 -3.148481532333216593e-01
4.260270758427174842e-01 4.601108146277143596e-01 -2.708567213268881502e-01
1.585604504433032191e-01 -4.021461735883448130e-01 1.993832478522426510e-01
1.697399036165145869e-01 -2.643106921533859288e-01 1.511040365208159431e-01
4.044048208654004717e-01 -3.684669279677266207e-01 1.377884746653421089e-01
1.439158660125273714e-01 -2.856821245265983578e-01 1.286341700561532686e-01
1.541870272995959357e-01 -2.658621741656021498e-01 1.467915733727615801e-01
8.688213908435461763e-02 -3.250974977372629859e-01 1.013535822893054245e-01
1.263283374308523388e-01 -3.309006141022883818e-01 1.278533374124029287e-01
1.482753567237243553e-01 -3.245661131803591060e-01 1.550458442285911065e-01
4.714934787329419508e-02 -3.128806394010931746e-01 -8.649361749739525873e-02
1.491425015947642208e-01 -2.166673308158344746e-01 1.532733537575673710e-01
5.254628738119265785e-02 -2.562974582600897611e-01 -1.426594817540359772e-01
8.829245242433043928e-02 -2.218642569653928309e-01 -1.471790804064288805e-01
-4.701853086385014008e-02 -2.555975196041168074e-01 -4.479819755269812132e-02
1.144304335945052660e-02 -2.018431892988686027e-01 -1.397258056070578291e-01
-1.449764538972204454e-02 -1.918154595895901759e-01 -1.324255386393656531e-01
4.753502231515705639e-02 -9.735751110014725929e-02 6.165021122386220298e-02
6.432052389641498835e-02 -2.046935876953103750e-01 -1.477166262370482874e-01
6.658606629167930502e-02 -1.537451919755066232e-01 -1.198427889422977455e-01
3.587007446431191710e-02 -2.006845718751508190e-01 -1.531507033806569773e-01
4.061831277418402608e-03 -1.315318940785457080e-01 3.001794268348262351e-03
3.667339264502120222e-02 -1.013593779245896692e-01 -5.360029000139116678e-03
-7.228029627794078926e-02 -2.418991070151183809e-01 5.029260000141792808e-02
4.555612856551499168e-01 9.548989819954450953e-02 4.405686202685655251e-01
4.616825018087399313e-01 6.144547415778715133e-02 3.174646690904264212e-01
3.952366070622689298e-01 8.446590297511194501e-02 3.505497000860090528e-01
-1.610729235445846341e-01 2.990608184422023363e-01 1.376963162501659010e-01
-1.387238635880360393e-01 2.905933708084307843e-01 1.900272031108127813e-01
-3.810646937272446633e-01 4.658881659183968238e-01 3.206043158990296016e-01
-4.803418748746037803e-01 -1.497968728731228494e-01 9.857186289343586316e-02
-2.778661002806362412e-01 -1.262687937205161370e-01 -1.822935786369095923e-01
-3.041746532433147188e-01 -1.445907187671715277e-01 -8.736558227610764782e-02
-3.296575716585123383e-01 -1.813091430131287818e-01 -1.596512466349679915e-01
-4.894784401971025156e-01 -2.178424644162802182e-01 7.198863605053791581e-02
-4.759829594114546314e-01 -2.961105613696107808e-01 1.156237184307028383e-02
-4.691367045459500784e-01 -3.927785683830404828e-01 1.336324830484041798e-02
-4.054836982121606259e-01 -3.494620557012448891e-01 1.011588619627202569e-02
-4.527847853634830999e-01 -4.580965063960741324e-01 8.238039804402255695e-02
-3.590425137510052100e-01 -2.692517660626336795e-01 6.907663199535202248e-02
-3.235444506368875817e-01 -3.501058252971983031e-01 5.323648119824015562e-02
-3.539031440783367288e-01 -3.167831555966337809e-01 2.031171782970982859e-02
-3.701199553988199775e-01 -3.402257352653274003e-01 2.442687412938278693e-02
-4.324395415700102996e-01 -4.169810501269696768e-01 2.706349872852436000e-01
-3.853709769145584052e-01 -4.758846403201395514e-01 1.529929290175542911e-01
-3.771862378558192841e-01 -4.626226582898445572e-01 2.285791542037148294e-01
-2.864801615122424261e-01 -4.254022821978400981e-01 1.179268996151251470e-01
-2.826465700677771031e-01 -4.133407540960556958e-01 1.780274117008653623e-01
-3.250362900488044660e-01 -4.520201013718913030e-01 1.275040823752537078e-01
1.222557494068763351e-01 1.945604134061197088e-01 -4.156938376293319304e-01
1.198299468724524780e-01 1.182313946965143914e-01 -4.373503377332120801e-01
1.694846961684735864e-01 2.556584445133117112e-01 -3.969869714486218282e-01
3.739161937741687369e-01 2.300433633482425189e-02 -4.565330466349227234e-01
2.221417916175006668e-01 3.282636912072866425e-02 -4.034241683042285032e-01
1.404578501131069357e-01 5.768580466146186470e-02 -4.202543580210269525e-01
2.835734693867731915e-01 2.872635065854233782e-01 -4.595734038475409733e-01
2.486658274523041445e-01 2.452370087071836791e-01 -3.656094414512159330e-01
4.622105052192986285e-01 6.352336410744947870e-02 -4.638946545524139098e-01
3.363761256425121249e-01 1.886503224841653004e-01 -3.275452770755218346e-01
2.955350878576288309e-01 1.277445004647529136e-01 -3.149419076913683169e-01
4.116943417091124546e-01 6.194682008814809265e-02 -4.127416149588092331e-01
3.370594296832697956e-01 -5.211364836020810493e-02 -4.608578280878057876e-01
3.381413476268146923e-01 -2.423846208626770707e-03 -4.664553250244274363e-01
1.733838588048723928e-01 3.418121837524909501e-02 -4.600273807770202117e-01
2.731579008865829827e-01 -6.772375473304226290e-02 -4.448961039367710923e-01
2.466152005971170569e-01 1.405456417015699122e-02 -4.397328751104603306e-01
-8.353178410706266210e-02 1.745530858236884197e-01 1.415886598604202962e-01
-9.885222114227043555e-02 1.846646012452719809e-01 1.163580483375604435e-01
-9.317931981602818603e-02 1.285487824539521540e-01 1.253348859913363533e-01
-9.068237868049915107e-02 9.597602602198734845e-02 7.919649965396061142e-02
-1.420642490830472393e-01 1.465897492168718452e-01 7.672843266856096966e-02
-1.461810177504130892e-01 1.339625126263891408e-01 7.973837602125569135e-03
1.578170575426286748e-02 2.038547655791647095e-01 1.163087488220327370e-01
-1.504769597216042698e-01 1.267909198407676241e-01 9.056082052026288853e-02
-1.501499570975894371e-01 1.114013516343113352e-01 6.128953442251751371e-02
-1.466684379927511717e-01 1.700867165781556889e-01 -1.348566844001907461e-01
-1.030704284235777063e-01 2.558962840224083268e-01 -1.087377824927956427e-01
-3.243451065464383540e-03 2.476811555624697514e-01 6.548357026745950382e-02
-5.120924856360828392e-02 2.542861354248079353e-01 6.333284693525351172e-02
7.993689678370696772e-02 2.361851588014488024e-01 -1.520503467265459374e-01
8.817973006960422300e-02 1.576735416715507598e-01 -1.428939751378715817e-01
-8.825365376955469909e-02 3.781342420839113871e-01 4.223361910865959523e-02
-1.596284438253470495e-01 3.981699391625648787e-01 9.290704623532053397e-02
2.874478888232809837e-01 2.912048493977422159e-01 1.301311349145071461e-01
3.001511918996968564e-01 3.137911453004220697e-01 1.440134943064820539e-01
1.387842984826606341e-01 2.070950891008841444e-01 1.797426485475657754e-01
1.983137036861582214e-01 1.903696521424794452e-01 2.060003557253960449e-01
1.571327439133642090e-01 1.938977477185557796e-01 3.119801200753697934e-01
1.406067482571953242e-01 2.146870945261548647e-01 2.311689077473440546e-01
1.540654437589819570e-01 1.744696037876770356e-01 2.563496141052971078e-01
-1.607977760486488938e-01 2.450878836176736963e-01 -3.231337595947072483e-01
-1.577517826325648964e-01 2.374205916366533275e-01 -3.821647075835249430e-01
-1.416935521559926914e-01 1.203116643548795411e-01 -3.687754211835920781e-01
-2.034538318015753355e-01 1.751869011701865930e-01 -4.013993077820288691e-01
-2.908336774070026665e-01 2.739898671555484611e-01 -1.292154464357825883e-01
-2.659380464590556103e-01 2.359769483504253751e-01 -1.114916306883733110e-01
-1.998110210047554514e-01 1.792521316359642625e-01 -1.014962879862502387e-01
-1.620177370519747806e-01 1.828773966408760998e-01 -1.495604083156540642e-01
4.148577998274067397e-02 -4.275446435061136530e-02 -7.471112609934155505e-03
4.184735452083869489e-02 -8.834834888934470221e-02 -2.811213560441151033e-02
-1.909115407402614539e-02 1.815069443497009660e-02 -1.703213402529709514e-04
8.370675241749131468e-02 -3.347646666402668419e-02 -2.941946146502693454e-02
-7.369448378497535368e-02 -1.542252117836813950e-02 -4.780067747445992943e-02
9.857159276885679722e-02 -5.902225600456372651e-02 -8.937193640468800437e-02
5.827819576367769538e-02 -1.025060622427529794e-01 -1.035818619412949976e-01
5.643519357034523093e-02 -7.847765176546402099e-02 -1.319222238564062843e-01
-5.413757628878064498e-02 1.153833210063385240e-01 2.022611554486506147e-01
-2.916176809461690743e-03 1.076652197440705339e-01 2.625131127027304778e-01
-7.253209157306107768e-02 8.769789438104844126e-02 3.070127462551939246e-01
-1.131808486945416609e-01 9.615865103842692607e-02 1.532755242994265354e-01
-1.069777370635186658e-01 3.316150974534921164e-02 1.237795681688921706e-01
-1.467315491434227903e-01 5.189186680809032559e-03 1.127649529385477134e-01
5.962175196615895900e-02 4.800796661919191216e-02 2.654609697291238635e-01
1.418533711623282956e-01 -3.312647251406095061e-01 4.746033607168522184e-01
5.639387857961120770e-02 3.602151501665801225e-02 -3.402252281266084366e-01
4.441614008716138207e-02 6.446821929515393623e-02 -3.783416643122821110e-01
2.592157412594070509e-02 1.361335569088586994e-01 -2.990532650148763905e-01
1.255861338886423394e-02 -1.567071991917329266e-02 -3.311456242100015990e-01
-8.008371162257622508e-03 4.116731731941571104e-02 -3.826147757184594211e-01
-5.529959906113653817e-03 -3.598206464026529328e-02 -2.670157325976165175e-01
-5.064395796697186009e-02 3.932665857148110594e-02 -3.615905263491980270e-01
-1.026808834797334202e-01 -2.086065600954994936e-02 -2.867326387680770305e-01
-1.389162962671559032e-01 1.052148729296952939e-01 -3.144357295271171249e-01
-1.103177814081764824e-01 1.395844569073140806e-01 -2.968205095199884513e-01
4.464587048543965098e-02 1.330580330737634598e-01 -1.919629944202752569e-01
-1.207945910244173360e-01 -3.643698561178751807e-04 -2.357415491639306415e-01
-1.441685363035976053e-01 7.601880307155318983e-02 -2.383189111784090874e-01
-1.181329575723769898e-01 1.313641410831936640e-01 -1.899351470006035436e-01
-3.819840798383523223e-02 1.139934264741609554e-01 -1.652942374819155180e-01
-1.335700757191763677e-01 5.329853308139555212e-02 -1.832543789454776084e-01
-1.659900504774520780e-01 8.982596265489056764e-02 -1.896980989991459976e-01
-2.525148502853199473e-01 -1.023028299677746084e-01 -7.136377105687997935e-02
-2.964208079234369464e-01 -1.071593479804050786e-01 -9.351873881388521326e-02
-2.744752776115522708e-01 -9.461854271666741978e-02 -1.585680129603483646e-01
-2.105116797026799491e-01 7.000883210844070781e-02 -7.843547054360962278e-02
-1.814876396994440921e-01 9.173630118650667742e-03 -1.303699041481574117e-01
-2.175705077566205958e-01 9.032598742308313444e-02 -1.330957908858243777e-01
-2.111536990216447973e-01 9.166951620282079438e-02 -1.715245391905721728e-01
-1.765893963832819713e-01 -1.242273199429043407e-01 -7.445933094975509814e-02
-1.464061187339875669e-01 -1.601096444016282261e-01 -8.651327599922656320e-02
-1.057303996637573851e-01 -1.450698355817181262e-01 -7.380806653025624720e-02
-1.221106477956291209e-01 -1.685638203635491383e-01 -1.161446853798835943e-01
-9.588171819902895077e-02 -1.756628697038097875e-01 -1.219343793159673450e-01
-5.482542387894422109e-02 -1.429580900496397744e-01 -1.584875390343596091e-01
-4.160056030392173670e-02 -7.789895269258069466e-02 -1.137135431627959298e-01
-1.026930638392909850e-01 -1.057835305551351468e-01 -4.817064122002445020e-02
-5.206053702408761780e-02 -6.759522549265208069e-02 -6.931566184575208012e-02
-1.508158289726002910e-01 -8.053856580442841917e-02 -4.317065835098139043e-02
-8.203872502376283182e-02 -4.557623818173493768e-02 -6.329294103523042114e-02
-1.713422575574607420e-01 -9.507398948911252590e-02 -1.798473966466992147e-01
-2.228929921408271675e-01 -8.530104938105151358e-02 -1.326466451292166449e-01
-2.103396458159529081e-01 -9.604150328508702372e-02 -9.635997816960958917e-02
-2.062702360426304782e-01 -4.077261248633315405e-02 -1.376281068263571217e-01
-1.090129235720619788e-01 -6.764953438949228293e-02 -1.903433116607293196e-01
-1.545347404560034055e-01 -5.223803801238190159e-02 -1.808849047076644678e-01
-1.516930541393563814e-01 -2.419522813910921638e-02 -1.560191012661019117e-01
-1.313593004250478147e-01 -1.182965237315111197e-02 -1.402355151057121108e-01
-9.203783011866323305e-02 -3.385336522386514502e-02 -8.702799812481613884e-02
-4.476280361925680240e-01 -2.647785958876449630e-01 -2.328260169775468458e-01
-4.398313322915817225e-01 -2.369797291007104401e-01 -1.700765629083657027e-01
-4.778411995437820692e-01 -2.612264167025041828e-01 -1.216796349433748453e-01
-4.235301376926658423e-01 -1.977657383103506028e-01 -1.898284008077650020e-01
4.545532137843714682e-01 -2.999149891700196302e-01 5.463495274842028460e-02
4.293239952968473938e-01 -3.386918788530871027e-01 6.016779176746009372e-02
4.433140834062261337e-01 -3.520158232028048895e-01 2.722933290267736534e-02
3.986886423246017164e-01 -3.302214360495738243e-01 9.356397577881013505e-02
1.957412568262922592e-01 -2.499565697548017384e-01 8.567548164800521671e-02
2.691484552131966912e-01 -1.731078784169163276e-01 1.762861097995441564e-02
3.096239254033219535e-01 -1.927528982197240226e-01 -1.770478423012322028e-03
1.967413224392932369e-01 -2.627826415235894886e-01 6.249996526636811961e-02
2.491293689845220094e-01 -1.838565412099993912e-01 -7.623463060634660948e-02
3.148478296574749313e-01 -1.959581130000161986e-01 -5.836470736832161110e-02
2.175580246126384842e-01 -2.454329681524902163e-01 -8.437712825909171599e-02
2.587962839775191926e-01 -3.851458842610711031e-01 -7.709436455693952084e-02
-1.308922930608889812e-01 4.626131499046763906e-01 -3.536487383975084886e-01
-8.665885212914650748e-02 4.749249232974411816e-01 -3.041428135058517612e-01
-4.363162219071753389e-02 4.867335614438532132e-01 -2.932077244531648419e-01
-1.191222203834554488e-01 4.295463275393482383e-01 -4.194323866116818622e-01
-1.497887175255697145e-01 4.728531813227005443e-01 -4.370797705791305554e-01
6.013406078638047769e-02 4.536933093528001115e-01 -3.259600438977186543e-01
8.566454525784369944e-02 4.737732065870139953e-01 -2.946023298163177873e-01
-5.116424608484759773e-02 4.075620802721492963e-01 -4.505765359536617609e-01
8.870223925689173228e-02 4.155711384664345642e-01 -3.768347904664405834e-01
3.493490165556442095e-01 -2.532497474951032057e-01 4.040860510369297387e-01
4.388384342302820706e-01 -2.130510700733226903e-01 4.484985467230269696e-01
4.385186907346299012e-01 -2.926674631170300689e-01 2.289690209792756004e-01
3.624361576056316370e-01 -2.972496216506869127e-01 2.733086575210366131e-01
-4.227189121102522540e-01 -3.985055589210806382e-01 4.720929425629661891e-01
1.466826730021528191e-01 3.601532353617402094e-01 -2.391765658667363292e-01
6.504020852645525652e-02 4.895621099317746250e-01 -1.078745194295510912e-01
1.363882917844824461e-01 2.917140453392027544e-01 -1.921450441464123693e-01
2.134890704554264287e-02 4.824722439196743595e-01 -7.700212491190028263e-02
1.338725264358331390e-01 2.890540440732859984e-01 -1.649260847844637168e-01
8.314150396780788099e-02 4.650475518182159429e-01 2.299703968262122034e-02
2.846122641461561464e-01 3.386199016152298680e-01 5.136441459101468571e-02
2.485559165415489602e-01 3.567886802210757935e-01 1.067814971732340412e-01
1.070191155159635615e-01 3.907543022694582313e-01 5.727901994818922898e-02
1.813779474539836400e-01 3.731241162839576408e-01 1.041064148058989114e-01
3.936160847279085995e-01 4.308775293066476886e-01 -4.833446995274778835e-01
4.227200020740998210e-01 4.797085134031215392e-01 -3.243687619818833578e-01
3.501627219423068538e-01 4.611950103645960919e-01 -4.399279634886614221e-01
-4.395406560129507256e-01 -8.357686024015510695e-02 -4.692397841406348302e-01
1.269794855787788890e-01 -4.168322568539338246e-01 2.671664829228165283e-01
1.324625937188358971e-01 -4.295346103194372933e-01 3.202016458875422411e-01
-1.237255589278929840e-01 -4.671768238638194237e-01 2.861818984470648752e-01
-1.397826431155745341e-01 -4.740844816396219130e-01 3.635801810523617839e-01
3.496814260123227158e-01 -1.225818457447635512e-01 4.347524441573272780e-01
3.543496840617640919e-01 5.709726008177576362e-02 3.276860882159009503e-01
3.832082494678212825e-01 4.786410146803232041e-02 3.514292071141069118e-01
3.103082812022292525e-01 -1.875801628243010943e-01 4.146095749267652009e-01
2.798578240105572545e-01 -1.509110674409344377e-01 3.297627999284003519e-01
3.298538769660207537e-01 -8.999314117125518930e-02 3.225588384409213694e-01
3.622240734847227417e-01 -5.898895933354302706e-02 3.595621345354355070e-01
1.245835842819789929e-01 -1.471914122938723923e-01 3.640506400748949045e-01
9.034679943316041573e-02 1.073678427489601489e-01 3.506486199587466879e-01
1.285858220777706118e-01 1.448171332657738342e-01 3.501921651546658909e-01
6.224788150529329822e-02 9.994564851620735269e-02 4.095798248046664258e-01
1.101252327024335037e-01 1.382530357394307630e-01 4.157307064486099879e-01
-2.413389822134454910e-01 1.872110077137481010e-01 1.166178183149016445e-01
-2.330089507797979409e-01 2.678619072199065476e-01 1.417389141449085233e-01
-2.874978849813857873e-01 2.347621717377375017e-01 -4.750819451993185810e-02
-2.802406472800899051e-01 3.244757003770910031e-01 -4.555685299872696409e-02
-2.943027787153897901e-01 1.450071080743250418e-01 1.263881601040796332e-01
-3.774178590333774896e-01 1.142759935346771422e-01 1.138939009532705104e-01
-4.810066784428632669e-01 -6.535248712240809832e-02 1.074279462094170634e-01
-4.088903801989958176e-01 1.225238174711882205e-01 1.371066210999911938e-01
-4.337956044712396597e-01 -1.605690413221616542e-01 -1.398535715023581094e-01
-4.673504221266667202e-01 -1.778139910191601225e-01 -1.418831455828538091e-01
-4.354827346148076872e-01 -1.827274216859898492e-01 -1.655938335707368703e-01
-4.184332015534548144e-01 -1.598662452061200001e-01 -2.152792601414115214e-01
-4.382523963541490875e-01 -2.220046168260930985e-01 3.270935731019097847e-01
-4.671536760132483646e-01 -2.607203484720565512e-01 2.635084359630855966e-01
-3.779772540816715432e-01 -2.965646084058158327e-01 3.494025763774152304e-01
-3.980226688372174304e-01 -3.293012806122632141e-01 2.826479273604702303e-01
-4.260195766601287959e-01 -1.538248790189004067e-01 3.327945094735785259e-01
-4.647543274160398918e-01 -2.034181815153647266e-01 2.233470527391721028e-01
-4.543863401460068174e-01 -1.374891908463347912e-01 2.833293445301678926e-01
-2.904159848476988715e-01 -3.499002723406209325e-01 1.981544453648644288e-01
-4.773056799743534695e-01 -1.702794110673599148e-01 1.308582690937881154e-01
-4.781270686846355589e-01 -1.827339238355976114e-01 1.687425269703656805e-01
-4.647273455662486175e-01 -1.847431233162452890e-01 1.115498007193925084e-01
-4.647845109552146137e-01 -1.259296891586409173e-01 1.090671497226977232e-01
-4.629555024029439747e-01 -9.925559679179472850e-02 1.150917719412117013e-01
-3.638198974615328707e-01 -2.443569355112328589e-01 8.822921719870521762e-02
-3.060065585946923905e-01 -1.670142038528105444e-01 6.380642905544678389e-02
-3.176769177725846660e-01 -1.129630997891977462e-01 8.626635428737844391e-02
-3.300483546292908299e-01 -1.911111491721579903e-01 5.524352968899778199e-02
-3.442266540065393454e-01 -2.341138904499011630e-01 6.817527919559862593e-02
-3.685280117042953885e-01 -1.689894310177309511e-01 4.298157125739781453e-02
-8.758301859931927336e-02 8.951461836795986116e-02 3.641181933578442331e-01
-5.708896561391671454e-02 1.100606889551728196e-01 4.114720478962684558e-01
4.332418807444006204e-01 2.323341713391812169e-01 -4.653538415128578576e-01
4.046372263805416147e-01 1.884478177130174681e-01 -3.689739676559560255e-01
4.771589866919846989e-01 3.204568034557319645e-01 -4.832015372651976004e-01
4.741407432711370329e-01 1.264122459911425356e-01 -4.417699647891148440e-01
4.370653815906417883e-01 1.254474166257043277e-01 -3.994655846127326826e-01
4.531457836442986942e-01 2.530044792194918735e-01 -2.554066155595481336e-01
4.659383152160512798e-01 2.456818018015043126e-01 -2.079602452598921236e-01
-1.423945106232929747e-01 3.451239577872920461e-01 2.295793405115599817e-01
3.772735209702228476e-02 3.759515309460530474e-01 2.832736795638707283e-01
-1.833157116214204907e-01 3.276327880119829228e-01 2.903166388500250106e-01
-5.327432258025928402e-02 4.362384775489318023e-01 -9.239836001762410933e-02
-1.147538416065480710e-01 3.673448751615898678e-01 -5.952857657580458428e-02
-5.780146701690652006e-02 3.156847144852245601e-01 -1.601144073506442778e-01
-1.075177734761248727e-01 2.984448957861779994e-01 -1.157541635639341981e-01
-1.809962464304604446e-01 3.872030389611861301e-01 -6.696792432857728850e-02
-1.746881105262403922e-01 2.611502987217207972e-01 -1.585202105832338448e-01
-2.247984159012279548e-01 2.934321278680118161e-01 -1.602244630977747442e-01
-2.156159645245723233e-01 4.237174666807544954e-01 -2.385950905030215230e-01
-8.033986811435352149e-02 4.967639257019960675e-01 -2.242535337083653713e-01
-5.398477634300519190e-02 4.962258504015230609e-01 -1.180251181791199255e-01
-1.526887131013294208e-01 3.182849951750036377e-01 -3.116458955618675586e-01
-7.919419042127454067e-02 3.362852622899609178e-01 -2.551647997082219232e-01
-1.726818387173414404e-01 2.691870623905989746e-01 -2.863539571217165181e-01
-2.424394910263644454e-01 3.306181093045778008e-01 -2.498439442748154604e-01
-1.505815650124474880e-01 4.155498712458032817e-01 -2.998229882318171335e-01
-8.236034832604380296e-02 4.330736178138808179e-01 -2.668454466869181751e-01
3.447369786748510356e-01 4.449172622759980378e-01 9.323879210345983881e-02
2.856204840642032616e-01 4.301667168781174722e-01 1.269817519940276418e-01
2.552449711224875073e-01 4.029949563056187678e-01 1.007791240828694451e-01
3.475250289077687071e-01 1.329401590202080874e-01 2.855860162853234296e-01
2.403536506823683028e-01 1.851639931559249941e-01 2.766336938705260540e-01
3.656234530536207616e-01 1.830838094487262091e-01 2.133994528378647393e-01
3.038113088558864749e-01 1.882218386679369027e-01 1.638988343423488092e-01
2.550464142215855268e-01 1.969432697142993460e-01 1.916444197104599512e-01
2.907729285302105837e-01 2.479733637068036178e-01 1.701730557543154887e-01
4.176102892178947812e-01 2.565493264739460710e-01 2.101048394397183328e-01
3.186358292837734862e-01 2.763089931638240682e-01 1.699003307006530239e-01
4.767151001187691084e-01 2.102288633573398402e-01 4.845668367774437213e-01
1.582343436890199656e-02 -9.239984185149838214e-02 1.000426243602647175e-01
-2.277543232043248433e-02 -3.500260357253664328e-02 1.109377530058913430e-01
-1.018881685954814709e-01 -9.285375898037914744e-02 1.163632632167062725e-01
6.204409735028419692e-02 5.473185765553761212e-03 2.273507055798865972e-01
-9.764822654440602490e-02 -1.576297263631107060e-01 9.013613005545884072e-02
-4.673400043402046317e-02 -1.449752500578680436e-01 8.490738020184779300e-02
1.150861913675582660e-01 -8.812435042717954581e-02 1.381570492018658614e-01
7.651706582804169987e-02 -1.251704033035391517e-01 1.165297849635352490e-01
1.203018910214912196e-01 -1.784751877313020818e-01 1.513317932353776540e-01
1.143475642560708855e-01 -1.866221294150950949e-01 2.176842807013948944e-01
-1.124614492761523837e-01 -1.914016719548059242e-01 9.514635166727922200e-02
-6.442315645401280877e-02 -1.999337509307917982e-01 9.116393980956163934e-02
9.821488556775818946e-02 -1.419431741106922662e-01 2.791026858151550161e-01
5.354485664300784320e-02 -3.122010012948586016e-02 2.680331825828655146e-01
-4.499857008485562415e-02 -2.765524178400893263e-01 1.126890062396178893e-01
-4.426308940430533079e-02 -2.390786066018329992e-01 1.135743028503110458e-01
-9.209540456189314189e-03 -2.715426903531892866e-01 1.250145458507402330e-01
1.003635074492020135e-01 1.708043492648770589e-01 4.321189223338862684e-01
1.189773129281741226e-01 2.225103288585187078e-01 3.627842156193261669e-01
3.252430634351094474e-02 3.665644334814694427e-01 3.674406581710818465e-01
1.973218264636520669e-01 2.590874650944588464e-01 3.998000272770229624e-01
3.511425595738491001e-01 4.469308553468782086e-01 3.197436924489517329e-01
9.863272962428899782e-02 1.056841171728964551e-01 4.640916415042312670e-01
7.218949266274145293e-02 7.598532864028499645e-02 4.608321906564494252e-01
-7.937745192599045263e-02 -4.685857454890002272e-02 -1.584364271600432750e-01
-4.779866982488896465e-02 -5.460828993909639523e-02 -1.239535064179718982e-01
-2.288796634947916353e-03 -4.741592063422836456e-02 -1.798376761520776579e-01
4.794412655523291877e-02 -5.751663401723706298e-02 -1.498322780216974903e-01
-9.384763258872465264e-02 -5.313573720129242950e-03 -1.359791812424738788e-01
-6.408059320969937411e-02 -1.481343397532363347e-02 -1.136895104284304653e-01
2.075839815674293543e-02 2.623665088221302510e-02 -1.842578352864455149e-01
-6.981896070105229890e-02 4.287912059717532975e-02 -1.570110059672169545e-01
7.103050252720825852e-02 5.330659824368775418e-02 -1.717588485577299651e-01
9.713959088136549583e-03 9.293559061663148047e-02 -1.301172713769296330e-01
1.245715919037680419e-01 5.034878231226339734e-02 -1.319885266187994233e-01
9.878754409371626188e-02 5.619636517120439254e-03 -1.144611994263816102e-01
5.671386614692400241e-02 1.027317312594167170e-01 -1.407865007819311398e-01
2.537904356940797607e-02 8.853220866725858285e-02 -6.425045800045692257e-02
2.843059821175619034e-03 4.850237577020621166e-02 -4.267748365802399857e-02
1.179158199752916442e-01 7.001591687768096706e-02 -1.046114547019164481e-01
1.051638040039131888e-01 7.012124541473094275e-02 -9.532993049171759048e-02
9.599638558277741318e-02 1.063319291456036320e-01 -1.180406035480154464e-01
7.901476706500673575e-02 8.276325119815733378e-02 -1.069897451750878026e-01
1.130459045481548991e-01 8.116942901913253017e-02 -9.690155542959397184e-02
5.997332097099759146e-02 -4.810081224700088476e-01 -6.034985455420448924e-02
8.267812981261099536e-02 -4.836333347519732873e-01 -9.164912756604255695e-02
6.877384671324050791e-02 -4.906933518481981227e-01 2.675703344926056923e-02
1.410243148086459675e-01 -4.724603760766368787e-01 2.233603236573175263e-02
1.105752464681299396e-01 -4.625530725394906284e-01 7.172252885250465781e-02
3.343241882250358454e-01 -4.799353945129870569e-01 -3.544386932077221997e-01
3.036795966341038766e-01 -4.322658498277842654e-01 -3.556205263895010349e-01
2.024365097713373141e-01 -4.648684043817441491e-01 -2.646405734406457322e-01
4.519275374274290269e-01 -4.153300795103198606e-01 -3.064266290187730446e-01
4.673418179110627735e-01 -4.039241867396053953e-01 -2.715463191947145583e-01
3.630923898365289726e-01 -3.741761831938311134e-01 -3.210682845439185029e-01
4.331806820691690985e-01 -4.771508196275820457e-01 -1.487349620284103280e-01
3.340153913433819843e-01 -3.222757984770612816e-01 -2.895668471899206509e-01
3.712978600734180845e-01 -2.868765293700418217e-01 -2.670986022881742805e-01
1.998521791920339630e-01 -4.004270573022767898e-01 -1.957409459580531363e-01
2.146067039477783100e-01 -3.607324077519766248e-01 -2.078287560647121279e-01
3.644161991542038681e-01 -2.930345173443427154e-01 -1.414437783335711074e-01
3.785862292971825527e-01 -2.945283406652055014e-01 -1.778459698658137189e-01
3.389498848477516812e-01 -4.405592903636050273e-01 -8.205439858401730735e-02
2.918818803463932299e-01 -3.913652821756242184e-01 -9.719621018346341623e-02
3.651495722873382421e-01 -3.994474848684986257e-01 -6.903249576900810647e-02
2.726542857869720393e-01 -3.685508310070512161e-01 -1.203211587336927846e-01
2.459087618760352478e-01 -3.348606719704437240e-01 -1.393572705318707472e-01
4.498255743485850555e-01 -3.264131201553388539e-01 -2.223851879104647433e-01
4.628977011286969367e-01 -3.737406311255681013e-01 -2.211415214925726291e-01
4.322043250858447760e-01 -3.135906783016154664e-01 -1.595604809952276271e-01
4.653773105967132784e-01 -3.417947807088884127e-01 1.325536306511260198e-02
4.338921780216710156e-01 -4.582896625773048571e-01 -1.443149395075458974e-01
4.679354519722818684e-01 -4.823518471934327700e-01 -1.185085909826352896e-01
4.265939564453938848e-01 -3.551647649975521182e-01 -4.036731553642954051e-02
3.879322374453648137e-01 -3.323545409166514530e-01 -1.294902345621301021e-01
4.037940034868953143e-01 -3.874888981609997396e-01 -9.801966798040734341e-02
-2.857896686358623595e-01 4.584123444032311978e-01 -2.817388777028508873e-01
-3.389779053379320395e-01 4.783131486272503285e-01 -4.047058539076661132e-01
2.750044018469082752e-01 4.446392598962235487e-01 -2.288552727758894068e-01
2.024963257310551101e-01 4.171311732805492722e-01 -2.460255264203131675e-01
1.325121435174573536e-01 4.753687414576202031e-01 -2.480350586293109671e-01
1.071552892106721611e-01 4.806705835746514777e-01 -1.856097153934793964e-01
1.419522001294978020e-01 4.355280425655876364e-01 -2.257596060323262543e-01
3.199982506844699093e-01 4.110167745860693334e-01 -4.479992672878828353e-02
3.682472148717079730e-01 4.682515661977392218e-01 -9.705052392491055058e-02
3.198213356760855608e-01 4.625235080406624455e-01 1.267302497611729958e-02
2.791313650425993331e-01 4.421028654550077652e-01 2.651343411761094074e-02
3.481598961372943668e-01 4.065684994565132437e-01 -9.493836601517527396e-02
3.647936040354078924e-01 4.648660888221127219e-01 -1.229809334684877492e-01
3.440592221714542376e-01 4.314791999637208608e-01 -1.804329035121770286e-01
4.676448643126103200e-01 -2.118709668729281959e-01 4.731602295119731183e-01
4.835556271329914391e-01 -2.031171857499637357e-01 4.447489875251287583e-01
2.778196585262293072e-01 -4.229892159568511278e-01 2.399427220828866114e-01
3.404456872173313720e-01 -3.058525168271348793e-01 4.307648664749421097e-01
3.864426919154348439e-01 -3.371159694983327793e-01 4.880050186939351442e-01
1.777464731878379556e-01 -4.372667607256792155e-01 3.686777423037190249e-01
2.569642201740051091e-01 -3.233788905655076706e-01 4.994475502438371350e-01
1.903148782287663321e-01 -3.746107944207264229e-01 4.699618355378881174e-01
4.171229695845984908e-01 -4.144128008244247763e-01 1.496331369040349579e-01
3.927524008297227920e-01 -3.812672255014962763e-01 1.933271255615604256e-01
4.125112076665966021e-01 -3.648122250216659923e-01 2.344925492326867533e-01
3.159576201089940861e-01 -4.655276173125713068e-01 2.219037658506119448e-01
3.145058796172635063e-01 -4.200827699351469269e-01 2.258045528137425373e-01
3.802331607496534094e-01 -3.619375237359817032e-01 2.885184503134360368e-01
3.422398195478986160e-01 -3.807278767720614354e-01 2.134943121179868619e-01
3.691326636303824404e-01 -3.525264704449920239e-01 2.512686478213415620e-01
4.521159879208951904e-01 4.638619724155073620e-01 -2.469217902271632070e-01
-1.642208167098065386e-01 -4.430932845297931855e-01 4.213518395588515264e-01
-1.067399538645558699e-01 -4.319393433826010931e-01 4.563208765119616817e-01
-8.013375379387607800e-02 -3.578804279802708099e-01 4.573946345119623280e-01
-2.969277498213914734e-01 -4.008205556928676749e-01 4.928450975144951784e-01
-2.594759044039932072e-01 -4.544997482703178604e-01 4.710510219834325718e-01
-3.049618473101407545e-01 -3.228421532201252164e-01 4.779109078204736294e-01
4.533235510891426845e-01 4.603944128252068779e-01 4.518623690086875921e-01
4.611933995815095666e-01 4.436281116683777337e-01 3.669194038792543688e-01
-4.255297273552736681e-01 1.713836269249846278e-01 -6.015578344436638830e-02
-4.259988046116691129e-01 1.539105746017609688e-01 1.238772655411858256e-02
-3.874247435605854273e-01 2.053763894721659655e-01 -3.493181867057741641e-02
-4.071415859847717922e-01 -2.877331344994180085e-02 1.070138579103990517e-01
-3.989240652242543317e-01 4.916039778121911175e-02 7.350962360678979512e-02
-3.634363568853302140e-01 -9.571823630916626025e-02 9.147314552801825982e-02
-3.884424839570205790e-01 -7.261022059393461292e-02 1.141343383334768730e-01
-4.469885497156531606e-01 -6.951309438265197704e-02 9.366330272295370074e-02
-2.839391241610755290e-01 -7.359025353362830257e-03 6.192477003234380523e-02
-2.636620988531169774e-01 2.317476034557479012e-03 4.417790818796436120e-02
-2.788949310990901931e-01 -1.515452406733752179e-02 3.674486138277573838e-02
-4.461501629519977752e-01 -9.852611104223434058e-02 1.194574105325142827e-01
-3.337443925599036243e-01 -7.922072578794492337e-02 -8.588562065643567944e-02
-3.881564614132531621e-01 -1.360287388872322978e-01 4.906236032387552987e-02
-4.305787260046552434e-01 -1.140247920043436364e-01 9.901765159995169763e-02
-3.682433403372545322e-01 -1.240211825418140734e-01 -4.746952824602857640e-02
-4.239065514450878758e-01 -1.176500127569271442e-01 -8.561191987033188455e-02
-4.557797209282450912e-01 2.523476516941812464e-04 -1.040185845693308575e-01
-4.317373819034471816e-01 -4.832654689859003372e-02 -1.247855304979202801e-01
-2.743725452543953058e-01 6.267368725863461075e-03 1.646678223879095154e-02
-2.648881363945896350e-01 6.130177539480933385e-02 -3.927546983450021234e-02
-2.636221287504109667e-01 -5.479862357314386687e-03 -2.042262776169547975e-02
-3.354716254990147695e-01 1.069833111203511711e-01 -1.399699295766844709e-01
-4.440612908436544770e-01 6.174808365045933445e-02 -1.535126678881792162e-01
-4.234306281214956225e-01 1.431665788261701489e-01 -1.124813222659902662e-01
-3.802635708469990217e-01 1.291459806487000039e-01 -1.410543220434468670e-01
-4.349703758902423445e-01 1.181628668796976950e-01 -1.541136097834715224e-01
-4.211334573497559353e-01 1.211414919135047896e-01 -1.898941378951964076e-01
-2.992249825764352056e-01 6.979023325943761735e-02 2.589229492549998124e-01
-2.734344474885215814e-01 1.006143735514516413e-01 3.720725011462797105e-01
-1.869695290584565961e-01 2.721890656763779892e-02 2.596781269456374663e-01
-1.439193004559435052e-01 4.651855535316471585e-02 3.200857693023452244e-01
-1.508496670013654006e-01 4.543063426041583225e-02 3.824695601050873695e-01
-3.191556044858233632e-01 -7.634326093577253891e-02 2.673161159172594004e-01
-3.796834894015702067e-01 -1.554175714642041795e-01 3.305976081690155666e-01
-3.023275887536827633e-01 -8.556686038234428970e-02 4.614583588862350982e-01
-2.580675593976186621e-01 -4.833510123956199361e-02 4.720303572098601408e-01
-1.538731102174784038e-01 -5.129679472568889759e-02 4.494448526014583889e-01
-4.710917505619459655e-01 -8.729767918791093984e-02 3.279526527847781980e-01
-4.369121230746306206e-01 -1.258771209768346777e-01 3.662206196525540913e-01
-3.894986734445720078e-01 -6.989098943292648691e-02 4.155995935844973843e-01
-4.033454984040111269e-01 -9.910868225397490017e-02 3.909463809476315665e-01
-4.061864662206700061e-01 -2.023185280230567484e-02 3.874908106458387902e-01
-4.749801818046131552e-01 2.945925668591123370e-01 4.659643608532246795e-01
-4.682329593890997566e-01 3.554735950946241174e-01 3.629655082991139481e-01
-3.941655964653049127e-01 3.704181237137844640e-01 3.197810980408733461e-01
-4.580574251338174752e-01 5.166321357282412097e-02 3.833288908419059116e-01
-3.264962744039964226e-01 1.122861293317474612e-01 3.705332435702826110e-01
-3.473783889147991077e-01 1.086823375313192563e-01 3.425417328861232735e-01
-3.727480987336091456e-01 7.447514988317768814e-02 3.676303770761058520e-01
-4.518926697362912748e-01 2.741084091281254520e-01 1.641232217556307660e-01
-3.436167382090605238e-01 2.636436912615334194e-01 2.026298145695166197e-01
-4.003237368956248932e-01 3.197846090205945790e-01 2.033976893271994824e-01
-3.528095481149312596e-01 1.651601446714687227e-01 1.895449853740718282e-01
-3.421522291758236634e-01 1.119414834657833369e-01 2.849667502419189202e-01
-4.067653556133437598e-01 1.353332327171904992e-01 1.605052420001497893e-01
-4.425382184521197693e-01 1.309224490236042815e-01 1.548969711037537500e-01
-4.489579922827292013e-01 1.669660453756751373e-01 1.392124609198910623e-01
-2.872781089821029310e-01 4.492318239138024527e-01 3.714638325787224526e-01
-2.261722393318881252e-01 4.565441310007968823e-01 3.409168455527609720e-01
-2.114946711190325290e-01 3.400743854596164906e-01 3.282376890328783103e-01
-1.850044946869498219e-01 3.243823127266454720e-01 3.364970619547124620e-01
-5.766076399283248666e-02 2.896662372583080347e-01 4.473001654159421969e-01
-4.743817283177085425e-02 3.496896273031409597e-01 4.133871993612431295e-01
1.069869032641475731e-01 4.533754450975457928e-01 9.973154118972249460e-02
1.376558156355279228e-01 4.740425459000150443e-01 1.102123060242260477e-01
7.008530115860120424e-02 4.724904808432304204e-01 5.893794241995677086e-02
7.844910265919092379e-03 4.406137384691606318e-01 2.584868940113789759e-01
-1.187099554489168679e-01 4.571518221740462073e-01 1.277773467072190194e-01
-1.189310717771190073e-01 4.492957769598261430e-01 2.032290906397261343e-01
-1.175394631337612211e-01 -1.838044188103616083e-01 1.442260742973587584e-01
-1.065305752460368877e-01 -1.271768363970171289e-01 1.473880154352807392e-01
-2.053690601987326059e-01 -1.841543948399152197e-01 1.829798039114803876e-01
-1.842726789833454837e-01 -6.942669725670624903e-02 1.827660075509241755e-01
-2.251245823948763991e-01 -1.185251399459168464e-01 1.916292011659601890e-01
-2.041201109975778749e-01 -5.904828166792614602e-02 2.579193731695820224e-01
-2.426483376758956645e-01 -1.140802190624266022e-01 2.485472315560419143e-01
-6.932039160275962897e-02 -1.075714448856097821e-01 2.993280318937690532e-01
-1.527845936347546063e-01 -5.651307639412936346e-02 3.106894580130030170e-01
9.288826532472059527e-02 -2.751204317870108995e-01 1.802744591457689227e-01
8.238588140833684459e-02 -2.345696658316883954e-01 2.027989977161929191e-01
4.775267784637050872e-02 -2.693144560869364379e-01 1.622196192181384611e-01
9.327677705508703732e-02 -3.619377246978031648e-01 2.820498044431549167e-01
7.518741257020222779e-02 -1.830076471169707897e-01 3.036939591494867696e-01
-2.421879431897033808e-02 -1.722766566949366085e-01 3.069743713185525968e-01
-1.345294813578561954e-01 -3.950130266388741651e-01 3.093966519710925067e-01
-5.644551270125575115e-02 -2.909463618733710288e-01 1.434051910423463083e-01
-1.200178545558135135e-01 -2.229525694737617136e-01 1.896763974324569002e-01
6.527894293473292253e-02 -3.076142610161580193e-01 4.169376567590705185e-01
8.339803949126969873e-02 -3.374871802375838392e-01 3.574924139979154813e-01
-1.942863921652024373e-02 -3.108685260818449536e-01 4.381729465448861993e-01
-1.654761957071489986e-01 -3.562597990712671470e-01 2.088675240279744272e-01
-8.150478411959295733e-02 -3.345397124784325049e-01 4.548720181305970223e-01
1.625930707622047500e-01 -1.504642119754245611e-01 4.825028304441282279e-01
5.341114282873209856e-02 -2.013659020041220493e-01 4.026628921887171475e-01
5.998611072614769973e-02 -2.590300510610218931e-01 4.159290721691612513e-01
1.154862051713974186e-01 -1.539088552806752719e-01 4.045769946156790864e-01
1.116150791853680463e-01 -1.021941473630020858e-01 4.500021229638000997e-01
1.826881702554158937e-01 -1.957456996791178960e-01 4.627645064037571587e-01
1.990793712195274290e-01 -1.584463925285313213e-01 4.912225869608976558e-01
-9.674059673466184339e-02 -4.593515270316796406e-01 4.859619100372360445e-01
-3.895762146830779038e-01 4.163344175473036035e-01 -2.122887972839138382e-01
-2.349283638261268348e-01 4.210369943466441001e-01 -2.149117484034336611e-02
-2.735164359146241009e-01 4.124923533201240167e-01 5.392358569858736461e-03
-2.178361122091571067e-01 4.205376658522863020e-01 4.348734811657126165e-02
-2.636236232203049146e-01 4.125971140355468858e-01 3.973867798971793958e-02
-4.743321853091632678e-01 4.430633980841243713e-01 -3.956899354909892419e-01
-4.067337035503162390e-01 3.204016704323533471e-01 -2.476578971476087743e-01
-3.873447053546699714e-01 3.604402137916164484e-01 -2.684083026988619003e-01
-3.460328365505477843e-01 3.025199574840694017e-01 -2.422379660392512124e-01
-3.085891971584274196e-01 3.083254102066312341e-01 -2.883843226451275887e-01
-3.563148432674269617e-01 3.915435689561362897e-01 -3.022967897022604822e-01
-4.730661312972938015e-01 3.573533835145124016e-01 -2.956483619353039716e-01
-4.419098378624865542e-01 1.681122603102375712e-01 -2.179454102427795803e-01
-2.911878524920837319e-01 2.499742240087128586e-01 -3.766877560415949899e-01
-3.730623217495518951e-01 3.967391273595206047e-01 -3.904216332602178929e-01
-4.618970421623016520e-01 3.899920010409395066e-01 -3.874442401941426972e-01
-3.488718772922818623e-01 3.476794169471034701e-01 -4.341713712186396346e-01
-2.820364432930179133e-01 1.718447697756245451e-01 -3.868356868011789129e-01
-3.076395746325137903e-01 1.513169128854560119e-01 -4.329653436466563421e-01
-3.041323842793270948e-01 1.271916727606524355e-01 -3.940216450626281564e-01
2.009406634452506890e-01 2.949024174928045472e-01 4.588805210583736249e-01
2.232744297756075191e-01 3.486780762991605886e-01 4.559608389224925062e-01
2.501457577069767790e-01 4.128558991576773418e-01 4.495380303585921888e-01
1.917267049896430875e-01 4.455700065850427549e-01 4.564482285774298931e-01
-4.328314265987681653e-01 5.699408969095171029e-02 -2.016176275380973104e-01
-4.108647710490383465e-01 -1.037796655463583267e-02 -1.757856745784369401e-01
-4.084651833780171271e-01 9.648947927357523491e-02 -1.895331252456886328e-01
-4.726205100405695414e-01 -8.717488305121492975e-03 -2.624679449597027703e-01
-3.536993856536095882e-01 4.848241476568135311e-03 -1.802454844298627124e-01
-3.818161876034427693e-01 7.021407335928214755e-02 -1.775326290361760595e-01
-3.147895270375130061e-01 -3.472478256745287206e-02 -1.918515097232709188e-01
-3.328472495765016914e-01 6.632449849314611678e-02 -2.073949873361692064e-01
-3.294684709404361311e-01 -7.495104114962342079e-02 -2.339929028208088679e-01
-3.971325568173327825e-01 -8.575114454457334612e-02 -2.215314242882627516e-01
-4.560014445623579715e-01 8.840951082714368359e-02 -3.279883775983631899e-01
-4.228406155512610121e-01 1.007150361251907267e-01 -3.134596609974877879e-01
-2.660290750592862463e-01 -9.059654893894948657e-02 -2.949880719850505595e-01
-4.698120095242575012e-01 -9.132799893526767632e-02 -2.936470911897367531e-01
-4.466037145060930413e-01 -1.320130538797039954e-01 -2.583596962394070218e-01
-2.751296935736669003e-01 3.768576174887962316e-02 -2.801822373038672098e-01
-4.304185350032144197e-01 1.110025550206779205e-01 -3.770516652950880454e-01
-3.785850365411597696e-01 1.128995039266888628e-01 -3.511602168721376649e-01
-4.556873645248473159e-01 -1.361584395327766761e-01 -3.438663662318368619e-01
-4.364349662814914210e-01 -1.718201150150933942e-01 -3.007197399230737145e-01
-2.803824386290985626e-01 4.219995914485747540e-02 -3.393180224054355709e-01
-3.121882647223406249e-01 4.951398222413742889e-02 -3.769818670807760785e-01
-2.711512224217553224e-01 -1.299486934353983880e-01 -3.395729611431843042e-01
-4.376250606952344913e-01 -1.442939470656145196e-01 -4.026745629107462143e-01
-4.246682091463006015e-01 -1.940370935940914920e-01 -3.783036981780987240e-01
-2.661544003996432761e-01 -3.387412105511081184e-02 -3.850147815604568757e-01
-3.001386494972381747e-01 -4.234632991656825385e-02 -4.335189485376226282e-01
-3.405347098401422246e-01 -1.477948541942751826e-01 -3.893492142334707418e-01
-3.176802145362690455e-01 -9.499259614379014505e-02 -4.441750613325393671e-01
-4.037662832018762415e-01 -1.043637527662828884e-01 -4.295733512042635427e-01
-1.872160501020506129e-01 2.919329767568989431e-01 3.786550176481704999e-01
-1.214361793878108164e-01 2.664790853337179466e-01 4.437608213298724902e-01
-1.631114311380296999e-01 1.757673954956021078e-01 3.933769874037915670e-01
-1.334836932485866934e-01 1.724680857935223799e-01 4.281259706612763893e-01
-2.738947181455410607e-01 1.318827023277686084e-01 3.844198371852897145e-01
-2.893329691562807615e-01 1.428881443545138019e-01 3.963033458619166782e-01
-4.026507243056373087e-01 2.136368914181981937e-01 4.632973327901436233e-01
-3.064016762947714412e-01 3.142942120188806365e-01 3.440650665551761023e-01
-3.495593647193970255e-01 3.489329756149935347e-01 3.670127793540894356e-01
-2.507283100338891235e-01 3.287666484661116439e-01 3.554951213728381187e-01
-2.907386176692058899e-01 3.723286081134681846e-01 3.857811822306303484e-01
-4.127230194457174317e-01 2.721064023165972179e-01 4.630362496728733235e-01
1.621680641581170756e-01 4.652520835884337291e-01 4.461170874708244583e-01
4.517370771013629049e-02 4.425537767514496901e-01 3.798547724476490917e-01
1.741121749600276769e-01 4.768028957694534498e-01 4.694384128718989135e-01
-2.274830910437213027e-02 4.700673897949759761e-01 4.866291264861384303e-01
-1.022588967010161845e-02 4.572282316119991585e-01 4.195401068215255935e-01
-2.361991764224057599e-01 -3.022591794975963975e-01 2.509785260054521183e-01
-2.093542118616409653e-01 -2.322315009236004257e-01 2.577490568383489222e-01
-1.830327462922381465e-01 -3.164211909511895904e-01 2.294609068778963867e-01
-1.584699844437740257e-01 -2.577853284579859627e-01 2.470098832255786803e-01
-2.361662936179249050e-01 -1.554110683545312233e-01 2.909274369244274072e-01
-3.189689765176340064e-01 -2.660626765179534559e-01 3.439800895931558467e-01
-3.077397617353812564e-01 -1.611185206429682770e-01 3.530517340652113423e-01
-1.078735100977288447e-01 -1.784766067033508874e-01 3.596893595745600525e-01
-2.752266145867200420e-01 -1.556764044621354315e-01 4.365462550514688234e-01
-1.501251062254947977e-01 -1.051920627850712747e-01 4.161426494226949657e-01
-1.567280508877015865e-01 -1.321601028425025137e-01 3.628685631883014628e-01
-2.655177594515223394e-01 -2.828594696182258339e-01 4.382841503387316373e-01
-2.295613297507111683e-01 -2.504002373216582256e-01 4.598486851418843724e-01
-1.557934870833916075e-01 -3.642897428314600394e-01 4.246948979062139529e-01
-1.340441769881724476e-01 -3.555435488499554819e-01 3.729960011507648665e-01
-1.113441329263738649e-01 -3.451862972490464254e-01 4.358041620230773683e-01
-1.234627736388370367e-01 -2.616930766130506347e-01 4.803754739525897266e-01
-9.633030580659118769e-02 -2.897990472412725893e-01 4.729792426719842680e-01
-9.911106533141539332e-02 -1.666302037591475826e-01 4.514178760418182668e-01
-4.490695328371371864e-02 -2.112451985531438592e-01 4.160480652198916274e-01
-9.278653348690801828e-02 -2.269925016748887137e-01 4.706274611194793955e-01
-5.564943489480398547e-02 -2.445065279121104718e-01 4.436577315806355948e-01
4.454722141017670722e-01 4.319051523021826822e-01 4.740386492155464482e-01
3.304353337483810493e-02 4.733693671714607754e-01 2.838536938081750449e-01
4.435361456071412745e-02 4.850126654179353625e-01 3.376545429202586490e-01
-4.296136361821682043e-02 4.857996494847925395e-01 3.986023576074481101e-01
-4.052703764311788581e-01 4.557638011379638865e-01 -1.264309165909529853e-01
-4.090585390070069494e-01 4.082303206048265021e-01 -9.233685138539506065e-02
-3.888626421729175497e-01 3.372466037908114500e-01 3.289394780547370833e-03
-3.320778907945293734e-01 3.730702013759115698e-01 -1.041943273504546130e-02
-3.050120584753408526e-01 4.234930517252625259e-01 -7.707594120762929074e-03
-4.066122354154551588e-01 4.167791260339755999e-01 1.188096194777726877e-01
-3.004625887496845671e-01 4.366186135999419182e-01 5.813267674432627541e-02
4.753505686886125847e-01 -4.641331568109056116e-01 4.201976633437060626e-01
4.715058738485835010e-01 -4.873802774287722128e-01 3.774008400132803920e-01
-4.610671885885976873e-01 4.712570429712163445e-01 6.863616161329109955e-02
-4.518842998378203024e-01 3.748970333220685847e-01 1.034518082578363835e-01
-4.478202744896119247e-01 4.222952021337257889e-01 9.485863789794185541e-02
-4.367668845507922115e-01 3.766955701827882641e-01 2.658248830573385624e-02
-4.812570477636670119e-01 4.632047077203931273e-01 -2.857520493038346113e-02
-4.564164339503026246e-01 3.658354725827522858e-01 -4.329404202267361779e-02
-4.371895912376937976e-01 3.985907208779079780e-01 -3.242540417762142246e-02
-4.279446599257148987e-01 3.766212008067107986e-01 -1.837759212546587195e-02
-4.763236770354574712e-01 -5.000000000000000000e-01 -9.924128430512486887e-02
-5.000000000000000000e-01 -4.863853375862075001e-01 -9.847335240414833990e-02
-3.269955374654162084e-01 -5.000000000000000000e-01 -2.332577056637112900e-01
-5.000000000000000000e-01 -3.836687147831547295e-01 -2.752015516877264201e-01
-5.000000000000000000e-01 -3.630291404541918232e-01 -2.458237880570266765e-01
-3.650118728406620550e-01 -5.000000000000000000e-01 -1.286925609169743412e-01
3.599735400023096332e-01 -3.373540690230196759e-01 -5.000000000000000000e-01
3.292536529839095727e-01 -5.000000000000000000e-01 -4.329606186494284192e-01
1.732369973572264743e-01 -4.626746217891231083e-01 -5.000000000000000000e-01
2.500575904501848301e-01 -3.326122319591143239e-01 -5.000000000000000000e-01
1.785500778256203236e-01 -4.055267767139819624e-01 -5.000000000000000000e-01
-5.000000000000000000e-01 -4.868436047039858550e-01 -9.624296714305670408e-02
-4.953373014803107433e-01 -5.000000000000000000e-01 -8.337400029336285157e-02
1.207853310492846555e-01 -5.000000000000000000e-01 -4.693324382813541806e-01
1.428479207755250502e-01 -3.413674243636516947e-01 -5.000000000000000000e-01
-8.692090507901473195e-02 -4.380718062598050744e-01 -5.000000000000000000e-01
1.204555027499905201e-01 -5.000000000000000000e-01 -4.691745581071145588e-01
-6.749011035626072130e-02 -3.788437919307280355e-01 -5.000000000000000000e-01
-3.040150311884728951e-01 -5.000000000000000000e-01 -3.303642609834164245e-01
-3.102405230341487852e-01 -5.000000000000000000e-01 -2.507967010921312023e-01
-3.236312808049615630e-01 -5.000000000000000000e-01 -3.804907142379121421e-01
-3.460318115362298608e-01 -5.000000000000000000e-01 -4.017476070886421002e-01
-5.000000000000000000e-01 -4.010372911624531245e-01 -3.319573996487851231e-01
-4.467330937544181646e-01 -5.000000000000000000e-01 -4.146965255569719511e-01
-4.283624499355067616e-01 -3.390779588822445678e-01 -5.000000000000000000e-01
-2.876765522780887485e-01 -3.061858387570104978e-01 -5.000000000000000000e-01
-4.321710110603963484e-01 -3.615322419038979329e-01 -5.000000000000000000e-01
-4.182403028285627267e-01 -4.016451273504423325e-01 -5.000000000000000000e-01
-3.203528294530483822e-01 -5.000000000000000000e-01 -4.113590856259053408e-01
-2.948602977350133214e-01 -4.379005365077814349e-01 -5.000000000000000000e-01
-1.571115714486677473e-01 -5.000000000000000000e-01 -4.088174067722529226e-01
-1.538490701197722244e-01 -5.000000000000000000e-01 -3.932437087739725778e-01
-7.595355183544487410e-02 -5.000000000000000000e-01 -3.006267491290932625e-01
1.206038783212084187e-01 -5.000000000000000000e-01 -4.690523395942485241e-01
1.038959464303207958e-01 -5.000000000000000000e-01 -3.144295087095244079e-01
1.528356006241711751e-01 -2.838615111052862350e-01 -5.000000000000000000e-01
1.530149679460055534e-01 -2.874149558877751587e-01 -5.000000000000000000e-01
-9.753515839036550061e-02 -2.137135794026517321e-01 -5.000000000000000000e-01
-1.279315453507725298e-01 -2.514498975075126763e-01 -5.000000000000000000e-01
-2.537363378344244524e-01 -2.638535502626858653e-01 -5.000000000000000000e-01
-2.569656780969366006e-01 -4.866596663477125717e-01 -5.000000000000000000e-01
-2.279898886680693793e-01 -5.000000000000000000e-01 -4.640578450867512417e-01
-1.970455760034467430e-01 -5.000000000000000000e-01 -1.175494538660378507e-01
-1.895428150543272683e-01 -5.000000000000000000e-01 -1.268407110400392446e-01
-1.915230454262285553e-01 -5.000000000000000000e-01 -1.362450773119238401e-01
-3.166442924756037725e-01 -5.000000000000000000e-01 -9.471985919298822609e-02
-9.087428638614378218e-02 -5.000000000000000000e-01 -2.156376223039291884e-01
5.000000000000000000e-01 1.300601867341725781e-01 1.583035455983468343e-01
5.000000000000000000e-01 -1.505611130394651775e-02 1.275764799389349224e-01
5.000000000000000000e-01 1.399180575030663232e-01 1.536027614656036155e-01
5.000000000000000000e-01 1.637410421242060377e-01 -1.036609750587406120e-01
5.000000000000000000e-01 1.275932610787953655e-04 -1.010158348166872166e-01
5.000000000000000000e-01 -8.664403251330532463e-02 9.059077209306724832e-02
5.000000000000000000e-01 5.588802458981885490e-02 -1.383441439973711606e-01
5.000000000000000000e-01 1.535749836808716629e-01 -1.291660631557504102e-01
-3.866850721711110328e-01 -5.000000000000000000e-01 1.401331192927643410e-01
-4.696931324201374380e-01 -5.000000000000000000e-01 9.372259992913811733e-02
-3.158761350295223869e-01 -5.000000000000000000e-01 1.012801883518726770e-01
-2.139733165937162673e-01 -5.000000000000000000e-01 1.003550945189180532e-01
-5.000000000000000000e-01 -3.457313757772361718e-01 2.256840935745877894e-02
-5.000000000000000000e-01 -4.535358171650994419e-01 1.188546633118716112e-01
-5.000000000000000000e-01 -4.883150029283312987e-01 3.650917391339025819e-01
-3.989021364876236264e-01 -5.000000000000000000e-01 3.158409629301572874e-01
-3.776647771403863763e-01 -5.000000000000000000e-01 2.736472180356807615e-01
-5.000000000000000000e-01 -4.062936781450267043e-01 2.555896960712840116e-01
5.000000000000000000e-01 -1.598468183206786797e-01 -4.555731093639971419e-01
4.763260586601616997e-01 -1.944244225633072198e-01 -5.000000000000000000e-01
5.000000000000000000e-01 -2.708637459682210480e-01 -4.934572849640173065e-01
5.000000000000000000e-01 -1.687172786017586412e-01 -4.455114544935033782e-01
4.777314275137368171e-01 -2.432971747816136676e-01 -5.000000000000000000e-01
4.203495577200261901e-01 -3.090250452946925463e-01 -5.000000000000000000e-01
5.000000000000000000e-01 -3.118554158667419807e-01 -4.855192897725610912e-01
3.509095473335525073e-01 6.938993559287981450e-04 -5.000000000000000000e-01
3.446654454617089081e-01 -7.804270177491881566e-02 -5.000000000000000000e-01
1.933446156031877194e-01 -1.766779309424952316e-01 -5.000000000000000000e-01
1.230806384902500550e-01 8.084338531821200213e-02 -5.000000000000000000e-01
1.775803736099422214e-01 -1.499903988219726259e-01 -5.000000000000000000e-01
4.569826073338002503e-01 9.510532729385896833e-02 -5.000000000000000000e-01
5.000000000000000000e-01 2.478575589033146787e-02 -4.789050777355579602e-01
1.830029056019109590e-01 -2.263811380590829148e-01 -5.000000000000000000e-01
2.340015250564151938e-01 -3.140291993841783924e-01 -5.000000000000000000e-01
1.862174416250599873e-01 -1.876929937870422949e-01 -5.000000000000000000e-01
1.748412854945378681e-01 -1.712698925835139385e-01 -5.000000000000000000e-01
-7.936674429704419775e-02 -1.109457616675356278e-01 -5.000000000000000000e-01
-3.304830105694940567e-03 -6.833113689381392630e-02 -5.000000000000000000e-01
-3.712446924114516655e-02 5.146534859028881193e-02 -5.000000000000000000e-01
-1.061382762795037293e-01 -4.274126034011502262e-02 -5.000000000000000000e-01
-4.259666610572133277e-03 5.489245462252749508e-02 -5.000000000000000000e-01
9.697619717798765249e-02 1.070998649548503406e-01 -5.000000000000000000e-01
-1.632334754586801107e-01 1.745985266771370725e-01 -5.000000000000000000e-01
-1.286224011510016529e-01 2.852545697047955686e-01 -5.000000000000000000e-01
-7.054432925492615247e-02 3.095423368443029344e-01 -5.000000000000000000e-01
1.117308754262802406e-01 1.832991881510478982e-01 -5.000000000000000000e-01
-5.000000000000000000e-01 -2.472339468375445992e-01 -1.359836603301540214e-01
-5.000000000000000000e-01 -3.243728153993288843e-01 2.017480046470208552e-02
-5.000000000000000000e-01 -3.058762901012554436e-01 -2.253737459220784833e-01
-2.576993189999414735e-01 -5.000000000000000000e-01 -4.778657867289517469e-01
-6.305477768175567210e-02 -5.000000000000000000e-01 -1.378620767622895649e-01
-7.595355183544491573e-02 5.000000000000000000e-01 -3.006267491290933180e-01
1.038959464303207680e-01 5.000000000000000000e-01 -3.144295087095243524e-01
-1.486133513153293229e-01 5.000000000000000000e-01 -4.463238019377130938e-01
-1.571115714486677473e-01 5.000000000000000000e-01 -4.088174067722529226e-01
-1.538490701197722244e-01 5.000000000000000000e-01 -3.932437087739725223e-01
-4.148573477781551666e-02 4.397263431938379652e-01 -5.000000000000000000e-01
1.206038783212084048e-01 5.000000000000000000e-01 -4.690523395942485241e-01
-2.766422692948222184e-01 3.994421418550337943e-01 -5.000000000000000000e-01
-2.576993189999415290e-01 5.000000000000000000e-01 -4.778657867289517469e-01
-2.279898886680694348e-01 5.000000000000000000e-01 -4.640578450867512417e-01
2.135795447050032325e-01 2.923265947035987855e-01 -5.000000000000000000e-01
5.000000000000000000e-01 4.478444324658541476e-01 -3.945847745641574145e-01
4.271711080637356495e-01 5.000000000000000000e-01 -3.159199636855987148e-01
3.292536529839095727e-01 5.000000000000000000e-01 -4.329606186494284192e-01
4.171627558257252066e-01 4.256521422930390486e-01 -5.000000000000000000e-01
3.740090463611894234e-01 5.000000000000000000e-01 -3.381690533417705535e-01
4.371924225138043574e-01 4.190048391786953541e-01 -5.000000000000000000e-01
3.514985774322653134e-01 5.000000000000000000e-01 -3.507807169286986659e-01
3.107148131088313670e-01 4.104776336817786975e-01 -5.000000000000000000e-01
5.000000000000000000e-01 -7.191713186076317821e-02 3.378524561235258794e-01
5.000000000000000000e-01 -2.171999447035555253e-01 1.979443707335224178e-01
5.000000000000000000e-01 -4.937769965774276015e-02 3.344578619318365198e-01
5.000000000000000000e-01 -1.176934160858360001e-01 9.068638689878233405e-02
5.000000000000000000e-01 -2.141305005462444677e-01 1.901501518219429754e-01
-5.000000000000000000e-01 -2.279425462053600027e-01 6.776802753754151976e-02
-5.000000000000000000e-01 -1.923252771006997985e-01 6.122482257429570640e-02
-5.000000000000000000e-01 -2.346488913517956465e-01 -1.320872520610636425e-01
-5.000000000000000000e-01 -2.141305005462444400e-01 1.901501518219428921e-01
-5.000000000000000000e-01 -2.737265374653107819e-01 2.523335029268970464e-01
-5.000000000000000000e-01 -2.171999447035554975e-01 1.979443707335223623e-01
-5.000000000000000000e-01 -1.701504071896286496e-01 6.131644238651845491e-02
-5.000000000000000000e-01 -1.176934160858359446e-01 9.068638689878230630e-02
5.000000000000000000e-01 -2.269593277484849986e-02 -2.725668518395809037e-01
5.000000000000000000e-01 -9.208325963799653124e-02 -2.816672281681322221e-01
5.000000000000000000e-01 -1.643019413857242650e-01 -1.433008223944317039e-01
5.000000000000000000e-01 -1.701504071896286219e-01 6.131644238651846185e-02
5.000000000000000000e-01 -1.933411514101255613e-01 -1.268481133519193671e-01
4.774261116824682905e-01 1.649372655067370685e-01 -5.000000000000000000e-01
4.614800462479322074e-01 2.022447683987964595e-01 -5.000000000000000000e-01
4.973452751239554326e-01 3.243765719336801356e-01 -5.000000000000000000e-01
5.000000000000000000e-01 3.438756598311829005e-01 -4.742299534744097711e-01
5.000000000000000000e-01 3.138526288145899734e-01 -2.686951291347123849e-01
5.000000000000000000e-01 2.141673036042809064e-01 -2.227352414216257626e-01
5.000000000000000000e-01 1.154134569979480829e-01 -3.729956296248589376e-01
5.000000000000000000e-01 1.171076195722985241e-01 -4.151755096301488757e-01
5.000000000000000000e-01 2.538129575428990092e-01 -2.261885757377023742e-01
2.150991521670802542e-01 2.926975568421132379e-01 -5.000000000000000000e-01
4.469132974531978553e-01 4.110583057981904154e-01 -5.000000000000000000e-01
3.507633937944829583e-01 5.000000000000000000e-01 -3.459059450575693306e-01
5.000000000000000000e-01 3.967224030561263270e-01 -2.872587499657123788e-01
5.000000000000000000e-01 -1.556873042317116207e-01 -3.416394554297137454e-01
5.000000000000000000e-01 3.087311618533907231e-01 -9.620394460830244965e-02
-1.895428150543272960e-01 5.000000000000000000e-01 -1.268407110400392446e-01
-6.305477768175568598e-02 5.000000000000000000e-01 -1.378620767622895649e-01
-1.915230454262286108e-01 5.000000000000000000e-01 -1.362450773119238401e-01
-9.087428638614379606e-02 5.000000000000000000e-01 -2.156376223039291606e-01
5.000000000000000000e-01 3.535348001402346396e-01 -6.109215278647904535e-02
5.000000000000000000e-01 3.656536628094576580e-01 1.121154983102809755e-01
5.000000000000000000e-01 2.830623552006023003e-01 1.855171066256530166e-01
1.435850720540804426e-01 -5.000000000000000000e-01 -2.509296074424108847e-01
9.467179228395745938e-02 -5.000000000000000000e-01 -1.575447941571621602e-01
4.469517320900349283e-02 -5.000000000000000000e-01 -8.717775663653817841e-02
3.507633937944830138e-01 -5.000000000000000000e-01 -3.459059450575693306e-01
3.514985774322653689e-01 -5.000000000000000000e-01 -3.507807169286986659e-01
3.740090463611894789e-01 -5.000000000000000000e-01 -3.381690533417705535e-01
4.271711080637357050e-01 -5.000000000000000000e-01 -3.159199636855987148e-01
5.000000000000000000e-01 -4.010372911624531245e-01 -3.319573996487851231e-01
2.283683949158695770e-01 -5.000000000000000000e-01 -2.545022639138958542e-01
5.000000000000000000e-01 -3.836687147831547851e-01 -2.752015516877264756e-01
4.457659739923296449e-01 -5.000000000000000000e-01 -2.607374649726431626e-01
1.758362673662592357e-01 -5.000000000000000000e-01 3.147448212190999406e-02
3.181334864596105927e-01 -5.000000000000000000e-01 -2.333876455179962478e-02
3.665517759009472298e-01 -5.000000000000000000e-01 -1.050500020293995695e-01
5.000000000000000000e-01 -4.863853375862075001e-01 -9.847335240414831214e-02
5.000000000000000000e-01 -3.630291404541918232e-01 -2.458237880570266487e-01
5.000000000000000000e-01 -3.058762901012554436e-01 -2.253737459220784833e-01
5.000000000000000000e-01 -2.472339468375445715e-01 -1.359836603301540214e-01
5.000000000000000000e-01 -3.243728153993289398e-01 2.017480046470209593e-02
5.000000000000000000e-01 -3.457313757772361718e-01 2.256840935745876853e-02
5.000000000000000000e-01 -4.868436047039859660e-01 -9.624296714305670408e-02
4.448285705855138383e-01 -5.000000000000000000e-01 -2.003720002049379501e-01
5.000000000000000000e-01 -2.346488913517959241e-01 -1.320872520610637257e-01
5.000000000000000000e-01 -1.923252771006996320e-01 6.122482257429569252e-02
5.000000000000000000e-01 -2.279425462053600582e-01 6.776802753754156139e-02
4.153897247304069174e-01 -5.000000000000000000e-01 -1.215912162004621488e-01
2.283683949158695770e-01 5.000000000000000000e-01 -2.545022639138958542e-01
3.665517759009472298e-01 5.000000000000000000e-01 -1.050500020293995557e-01
1.435850720540803316e-01 5.000000000000000000e-01 -2.509296074424108292e-01
9.467179228395754265e-02 5.000000000000000000e-01 -1.575447941571623822e-01
1.758362673662591802e-01 5.000000000000000000e-01 3.147448212190998712e-02
3.181334864596105927e-01 5.000000000000000000e-01 -2.333876455179962131e-02
5.000000000000000000e-01 4.764773088181292748e-01 9.164195916006988296e-02
5.000000000000000000e-01 4.821378842035985435e-01 -7.060821106786864532e-02
3.446654454617089081e-01 -7.804270177491882954e-02 5.000000000000000000e-01
4.763260586601617552e-01 -1.944244225633072198e-01 5.000000000000000000e-01
5.000000000000000000e-01 6.360005149186466478e-02 3.596958891352627363e-01
5.000000000000000000e-01 8.380240537344964269e-02 4.025388057742547154e-01
4.569826073338003614e-01 9.510532729385898221e-02 5.000000000000000000e-01
3.509095473335524518e-01 6.938993559288259005e-04 5.000000000000000000e-01
5.000000000000000000e-01 -1.834189067935608208e-01 4.308980330686314475e-01
5.000000000000000000e-01 -2.107739814393209954e-01 4.255384044103039942e-01
5.000000000000000000e-01 -2.737265374653107264e-01 2.523335029268971019e-01
3.547770932720869519e-01 -5.000000000000000000e-01 1.346447194065932551e-01
5.000000000000000000e-01 -4.535358171650994419e-01 1.188546633118716389e-01
1.411108179327816847e-01 -5.000000000000000000e-01 1.171890304232961616e-01
1.207942164210098202e-01 -5.000000000000000000e-01 7.325773484149411541e-02
2.993829073655938089e-01 -5.000000000000000000e-01 1.900941434289425414e-01
-4.169783561549536555e-01 -8.016056335919671816e-02 -5.000000000000000000e-01
-5.000000000000000000e-01 2.478575589033157889e-02 -4.789050777355580157e-01
-5.000000000000000000e-01 -1.598468183206787074e-01 -4.555731093639971974e-01
-5.000000000000000000e-01 -3.118554158667419807e-01 -4.855192897725610357e-01
-5.000000000000000000e-01 -2.708637459682211035e-01 -4.934572849640172509e-01
5.000000000000000000e-01 4.495178848959249795e-01 -2.450562212872715862e-01
4.457659739923296449e-01 5.000000000000000000e-01 -2.607374649726431626e-01
4.448285705855138383e-01 5.000000000000000000e-01 -2.003720002049380056e-01
4.153897247304068618e-01 5.000000000000000000e-01 -1.215912162004621350e-01
3.547770932720869519e-01 5.000000000000000000e-01 1.346447194065932551e-01
-2.948602977350133214e-01 -4.379005365077814904e-01 5.000000000000000000e-01
-4.182403028285627267e-01 -4.016451273504423880e-01 5.000000000000000000e-01
-2.569656780969366561e-01 -4.866596663477125717e-01 5.000000000000000000e-01
-2.627380512110694677e-01 -5.000000000000000000e-01 4.511414015829177115e-01
-5.000000000000000000e-01 -4.594630843278925680e-01 4.307493148762940316e-01
5.000000000000000000e-01 3.429700041559108348e-01 3.277035371549628096e-01
5.000000000000000000e-01 2.438363248735409827e-01 4.754166659177144760e-01
5.000000000000000000e-01 1.769589237951435523e-01 4.871565179128752865e-01
-4.321710110603964039e-01 -3.615322419038979329e-01 5.000000000000000000e-01
-5.000000000000000000e-01 -1.643019413857242095e-01 -1.433008223944317039e-01
-5.000000000000000000e-01 1.275932610787628395e-04 -1.010158348166871889e-01
-5.000000000000000000e-01 -8.664403251330535238e-02 9.059077209306726219e-02
-5.000000000000000000e-01 -1.933411514101255613e-01 -1.268481133519193671e-01
-5.000000000000000000e-01 -2.107739814393209954e-01 4.255384044103038832e-01
-5.000000000000000000e-01 -7.191713186076319209e-02 3.378524561235258239e-01
-5.000000000000000000e-01 -1.834189067935607653e-01 4.308980330686314475e-01
-4.283624499355067061e-01 -3.390779588822446233e-01 5.000000000000000000e-01
-4.169783561549536000e-01 -8.016056335919670428e-02 5.000000000000000000e-01
-5.000000000000000000e-01 6.360005149186473417e-02 3.596958891352627363e-01
-5.000000000000000000e-01 -4.937769965774287118e-02 3.344578619318364643e-01
-5.000000000000000000e-01 8.380240537344972596e-02 4.025388057742547709e-01
-5.000000000000000000e-01 -1.505611130394651775e-02 1.275764799389349502e-01
-5.000000000000000000e-01 1.300601867341726059e-01 1.583035455983468343e-01
-5.000000000000000000e-01 1.399180575030662954e-01 1.536027614656036155e-01
-5.000000000000000000e-01 1.637410421242060377e-01 -1.036609750587406398e-01
-5.000000000000000000e-01 5.588802458981885490e-02 -1.383441439973711606e-01
-5.000000000000000000e-01 1.535749836808716629e-01 -1.291660631557504657e-01
1.207942164210098063e-01 5.000000000000000000e-01 7.325773484149414316e-02
4.469517320900356916e-02 5.000000000000000000e-01 -8.717775663653813678e-02
7.601760261941313546e-02 5.000000000000000000e-01 3.589999743565875506e-02
2.993829073655938644e-01 5.000000000000000000e-01 1.900941434289425691e-01
1.411108179327816847e-01 5.000000000000000000e-01 1.171890304232960922e-01
9.697619717798761085e-02 1.070998649548503684e-01 5.000000000000000000e-01
1.230806384902500272e-01 8.084338531821200213e-02 5.000000000000000000e-01
-4.259666610572268586e-03 5.489245462252748120e-02 5.000000000000000000e-01
1.748412854945378681e-01 -1.712698925835139663e-01 5.000000000000000000e-01
1.775803736099422492e-01 -1.499903988219724593e-01 5.000000000000000000e-01
-3.304830105695058529e-03 -6.833113689381389855e-02 5.000000000000000000e-01
1.530149679460054979e-01 -2.874149558877751032e-01 5.000000000000000000e-01
1.528356006241711196e-01 -2.838615111052861795e-01 5.000000000000000000e-01
2.340015250564150828e-01 -3.140291993841782814e-01 5.000000000000000000e-01
1.830029056019109313e-01 -2.263811380590829703e-01 5.000000000000000000e-01
1.933446156031877194e-01 -1.766779309424952593e-01 5.000000000000000000e-01
-7.113812701988819764e-02 -5.000000000000000000e-01 4.811350413042493890e-01
-8.692090507901474583e-02 -4.380718062598051299e-01 5.000000000000000000e-01
-1.142359324809932297e-01 -4.722239260767052693e-01 5.000000000000000000e-01
1.694420807565611697e-01 -5.000000000000000000e-01 4.309310771924992900e-01
1.785500778256203236e-01 -4.055267767139819068e-01 5.000000000000000000e-01
1.428479207755250502e-01 -3.413674243636516947e-01 5.000000000000000000e-01
8.088489277755894769e-02 -5.000000000000000000e-01 3.370749206270396980e-01
-7.701064547960531637e-02 -5.000000000000000000e-01 4.303116715827067784e-01
-6.749011035626072130e-02 -3.788437919307280355e-01 5.000000000000000000e-01
-1.822117226525149236e-01 -5.000000000000000000e-01 3.613614535422314811e-01
-1.078210108178551535e-01 -5.000000000000000000e-01 3.898981487020146131e-01
7.601760261941314933e-02 -5.000000000000000000e-01 3.589999743565870649e-02
-1.650213597734878634e-01 -5.000000000000000000e-01 1.359425582381205144e-01
5.921904298063518368e-02 -5.000000000000000000e-01 2.781197619551327715e-01
-2.069257195115695169e-02 -5.000000000000000000e-01 2.814016503029744265e-01
-1.597311717494876437e-01 -5.000000000000000000e-01 2.165490523520255117e-01
3.187633833540064465e-01 -5.000000000000000000e-01 2.704684484282372514e-01
-1.981930984476585611e-01 -5.000000000000000000e-01 2.781266695244559162e-01
-3.460318115362298053e-01 5.000000000000000000e-01 -4.017476070886421002e-01
-3.203528294530483822e-01 5.000000000000000000e-01 -4.113590856259053408e-01
-3.236312808049615630e-01 5.000000000000000000e-01 -3.804907142379121421e-01
-1.650213597734878634e-01 5.000000000000000000e-01 1.359425582381204867e-01
-2.139733165937162673e-01 5.000000000000000000e-01 1.003550945189180255e-01
-1.970455760034466597e-01 5.000000000000000000e-01 -1.175494538660379618e-01
-3.040150311884728951e-01 5.000000000000000000e-01 -3.303642609834164245e-01
-3.102405230341488407e-01 5.000000000000000000e-01 -2.507967010921312023e-01
4.774261116824681794e-01 1.649372655067370685e-01 5.000000000000000000e-01
-4.467330937544182201e-01 5.000000000000000000e-01 -4.146965255569718956e-01
-5.000000000000000000e-01 4.361199226274263263e-01 -4.231349263425376872e-01
-5.000000000000000000e-01 4.478444324658542031e-01 -3.945847745641573590e-01
-5.000000000000000000e-01 3.967224030561263826e-01 -2.872587499657123788e-01
-3.269955374654162084e-01 5.000000000000000000e-01 -2.332577056637112622e-01
-5.000000000000000000e-01 4.495178848959249795e-01 -2.450562212872715862e-01
-5.000000000000000000e-01 3.138526288145899179e-01 -2.686951291347123849e-01
-5.000000000000000000e-01 3.438756598311829560e-01 -4.742299534744098821e-01
-3.034767919202629449e-01 1.429169254428044877e-01 -5.000000000000000000e-01
-3.943040347572157600e-01 3.103702109063447012e-01 -5.000000000000000000e-01
-3.854098916235427219e-01 1.901604220970663228e-01 -5.000000000000000000e-01
3.187633833540065020e-01 5.000000000000000000e-01 2.704684484282371959e-01
4.780369652419296789e-01 5.000000000000000000e-01 3.756633536844871113e-01
5.000000000000000000e-01 3.908666933966439827e-01 3.640054525017273335e-01
-5.000000000000000000e-01 2.438363248735410382e-01 4.754166659177144760e-01
-5.000000000000000000e-01 3.429700041559107793e-01 3.277035371549628651e-01
-5.000000000000000000e-01 3.908666933966439827e-01 3.640054525017273335e-01
-5.000000000000000000e-01 3.215194935358324790e-01 4.967350767930728273e-01
-5.000000000000000000e-01 -9.208325963799654512e-02 -2.816672281681322221e-01
-5.000000000000000000e-01 -2.269593277484851027e-02 -2.725668518395809037e-01
-5.000000000000000000e-01 2.141673036042809619e-01 -2.227352414216257348e-01
-5.000000000000000000e-01 1.154134569979480829e-01 -3.729956296248589376e-01
-5.000000000000000000e-01 1.171076195722984964e-01 -4.151755096301488757e-01
-5.000000000000000000e-01 -1.556873042317115929e-01 -3.416394554297137454e-01
-5.000000000000000000e-01 -1.687172786017586967e-01 -4.455114544935034337e-01
-5.000000000000000000e-01 2.538129575428990092e-01 -2.261885757377023465e-01
-3.092568640365311317e-01 -7.800727611652190363e-02 -5.000000000000000000e-01
-2.921326857256976162e-01 -5.980471377548785689e-02 -5.000000000000000000e-01
-2.766422692948222739e-01 3.994421418550337943e-01 5.000000000000000000e-01
-1.286224011510016529e-01 2.852545697047956241e-01 5.000000000000000000e-01
-1.632334754586801384e-01 1.745985266771370725e-01 5.000000000000000000e-01
-3.034767919202629449e-01 1.429169254428044877e-01 5.000000000000000000e-01
-3.854098916235426664e-01 1.901604220970663506e-01 5.000000000000000000e-01
-3.943040347572157045e-01 3.103702109063448122e-01 5.000000000000000000e-01
-3.712446924114519431e-02 5.146534859028881193e-02 5.000000000000000000e-01
-2.921326857256976162e-01 -5.980471377548783607e-02 5.000000000000000000e-01
-1.061382762795037293e-01 -4.274126034011502262e-02 5.000000000000000000e-01
-5.000000000000000000e-01 1.769589237951435245e-01 4.871565179128752865e-01
-3.092568640365310761e-01 -7.800727611652191751e-02 5.000000000000000000e-01
-5.000000000000000000e-01 2.830623552006021892e-01 1.855171066256529888e-01
-2.537363378344244524e-01 -2.638535502626858653e-01 5.000000000000000000e-01
-2.876765522780886930e-01 -3.061858387570104978e-01 5.000000000000000000e-01
-7.936674429704418388e-02 -1.109457616675356417e-01 5.000000000000000000e-01
-9.753515839036547286e-02 -2.137135794026517321e-01 5.000000000000000000e-01
1.862174416250599596e-01 -1.876929937870423504e-01 5.000000000000000000e-01
-1.279315453507725575e-01 -2.514498975075126208e-01 5.000000000000000000e-01
2.500575904501848301e-01 -3.326122319591142684e-01 5.000000000000000000e-01
4.777314275137368171e-01 -2.432971747816136676e-01 5.000000000000000000e-01
4.203495577200260791e-01 -3.090250452946925463e-01 5.000000000000000000e-01
3.599735400023096332e-01 -3.373540690230196759e-01 5.000000000000000000e-01
-3.989021364876236819e-01 5.000000000000000000e-01 3.158409629301572874e-01
-2.627380512110694677e-01 5.000000000000000000e-01 4.511414015829176560e-01
5.000000000000000000e-01 -4.062936781450267043e-01 2.555896960712840116e-01
4.469132974531976332e-01 4.110583057981908595e-01 5.000000000000000000e-01
4.371924225138050235e-01 4.190048391786951321e-01 5.000000000000000000e-01
4.439266330229983959e-01 4.174554490041088584e-01 5.000000000000000000e-01
1.117308754262801990e-01 1.832991881510478427e-01 5.000000000000000000e-01
4.614800462479322074e-01 2.022447683987964595e-01 5.000000000000000000e-01
2.150991521670801709e-01 2.926975568421131269e-01 5.000000000000000000e-01
2.135795447050032325e-01 2.923265947035987300e-01 5.000000000000000000e-01
4.171627558257252621e-01 4.256521422930389931e-01 5.000000000000000000e-01
3.107148131088314225e-01 4.104776336817787530e-01 5.000000000000000000e-01
4.699310332600795115e-01 5.000000000000000000e-01 4.322505484374263851e-01
1.694420807565611420e-01 5.000000000000000000e-01 4.309310771924991790e-01
1.696466964402996436e-01 5.000000000000000000e-01 4.744498858372730998e-01
-7.054432925492613859e-02 3.095423368443029344e-01 5.000000000000000000e-01
1.429391224212708256e-01 4.934878711736258028e-01 5.000000000000000000e-01
-4.148573477781551666e-02 4.397263431938379652e-01 5.000000000000000000e-01
3.490249359038794658e-02 4.767023363567765570e-01 5.000000000000000000e-01
-7.113812701988822540e-02 5.000000000000000000e-01 4.811350413042493890e-01
5.921904298063521144e-02 5.000000000000000000e-01 2.781197619551327715e-01
-2.069257195115706272e-02 5.000000000000000000e-01 2.814016503029744265e-01
-1.078210108178550425e-01 5.000000000000000000e-01 3.898981487020146686e-01
8.088489277755894769e-02 5.000000000000000000e-01 3.370749206270396980e-01
-7.701064547960531637e-02 5.000000000000000000e-01 4.303116715827067229e-01
-1.597311717494876437e-01 5.000000000000000000e-01 2.165490523520255117e-01
-1.822117226525149514e-01 5.000000000000000000e-01 3.613614535422314811e-01
-1.981930984476585333e-01 5.000000000000000000e-01 2.781266695244558607e-01
-3.776647771403863763e-01 5.000000000000000000e-01 2.736472180356806505e-01
-3.650118728406620550e-01 5.000000000000000000e-01 -1.286925609169743412e-01
-4.763236770354573602e-01 5.000000000000000000e-01 -9.924128430512484111e-02
-3.166442924756037725e-01 5.000000000000000000e-01 -9.471985919298823997e-02
-3.158761350295223314e-01 5.000000000000000000e-01 1.012801883518726909e-01
-3.866850721711110328e-01 5.000000000000000000e-01 1.401331192927643410e-01
5.000000000000000000e-01 -4.594630843278925680e-01 4.307493148762939761e-01
4.699310332600794560e-01 -5.000000000000000000e-01 4.322505484374263851e-01
5.000000000000000000e-01 -4.883150029283312432e-01 3.650917391339025264e-01
4.780369652419296789e-01 -5.000000000000000000e-01 3.756633536844871113e-01
-5.000000000000000000e-01 4.764773088181292193e-01 9.164195916006989684e-02
-5.000000000000000000e-01 4.821378842035985435e-01 -7.060821106786865919e-02
-5.000000000000000000e-01 3.656536628094576580e-01 1.121154983102809755e-01
-5.000000000000000000e-01 3.535348001402346396e-01 -6.109215278647903147e-02
-4.696931324201373825e-01 5.000000000000000000e-01 9.372259992913815896e-02
-4.953373014803107433e-01 5.000000000000000000e-01 -8.337400029336289320e-02
-5.000000000000000000e-01 3.087311618533907787e-01 -9.620394460830243577e-02
