827 830
22 316
1034 256
536 537
216 38
52 424
588 584
808 816
40 41
343 344
772 341
73 74
44 47
384 381
922 56
861 863
1042 1140
409 410
762 448
687 683
719 715
298 313
1011 1009
499 74
684 385
964 30
128 661
431 433
534 1242
505 504
956 965
476 477
885 1170
206 207
465 467
613 73
520 519
147 157
768 770
800 802
412 1271
852 849
196 1187
428 521
749 756
261 264
1092 1095
758 432
882 876
345 379
605 604
819 1058
1079 868
911 912
910 1096
757 1276
641 642
61 67
1038 1281
704 173
226 320
123 307
1170 1171
1111 942
674 675
94 100
1014 1009
541 1191
11 1005
354 999
103 105
974 972
584 903
1007 1006
645 653
737 736
168 170
191 190
714 1204
242 241
213 214
850 240
1044 1045
732 513
448 754
374 167
265 260
1106 1105
163 478
1080 558
836 835
802 730
276 275
601 331
546 544
1002 266
780 976
393 1264
1140 1139
217 1266
1172 1171
870 869
1150 1152
417 106
329 896
51 48
829 50
863 866
572 1068
55 921
947 945
346 347
177 389
885 1323
335 337
761 445
602 129
622 861
352 1000
670 672
142 144
379 874
921 928
485 483
434 437
37 63
278 189
1024 1025
262 181
429 1200
925 939
802 805
1120 1114
203 396
76 175
220 714
843 842
1121 1115
582 1066
293 963
231 234
315 313
186 348
1146 1144
322 883
296 565
909 908
864 793
681 677
603 608
1065 1290
33 83
976 975
507 496
137 405
710 712
591 495
224 818
448 446
473 1285
707 706
759 753
12 1
171 174
1060 830
1031 1032
0 292
339 1210
1043 1042
495 499
1165 1322
474 476
506 508
851 283
32 1175
486 1228
1062 1293
237 240
1076 1075
53 1193
1079 1080
580 579
0 4
24 361
551 552
234 845
831 606
281 282
529 533
311 310
1043 1283
573 1069
388 386
642 302
647 646
125 1217
130 127
990 985
421 419
1156 788
540 519
569 582
801 825
721 716
36 204
466 462
997 1001
795 866
1089 1084
695 699
241 200
192 344
1019 1025
826 481
1041 783
787 1289
243 245
211 1116
21 318
1115 1114
14 13
331 623
834 835
701 342
288 289
616 612
568 572
867 868
782 1214
919 915
1118 1124
144 15
426 753
48 47
136 834
900 901
22 403
901 902
200 711
114 113
934 935
1042 468
1063 1165
120 309
428 425
107 110
967 968
1071 122
510 729
156 1134
194 343
720 718
472 473
1144 1131
771 769
264 178
225 223
586 494
235 236
486 492
569 1164
1018 1027
800 804
892 887
498 502
571 572
846 282
430 75
8 86
440 124
814 42
896 898
578 588
884 551
161 156
360 365
383 385
763 755
468 1282
154 153
381 195
361 366
55 933
92 34
718 725
509 731
697 702
689 698
708 711
1028 1030
1040 1041
1051 1050
770 771
162 134
253 252
1162 1320
231 233
537 541
877 875
287 286
1107 1108
559 565
837 838
550 1251
153 142
873 877
721 483
436 759
423 411
251 76
870 871
342 343
385 384
72 73
932 931
105 107
936 938
108 112
536 1236
966 960
69 1227
648 650
969 971
1099 1080
554 1137
433 438
1130 1303
740 738
668 341
732 734
752 749
603 620
1035 1037
608 326
434 439
474 475
526 522
548 1219
171 65
984 991
1003 1004
530 528
201 209
151 580
341 332
728 741
540 541
980 993
271 273
214 556
579 160
363 356
854 853
1134 1136
326 325
1027 781
823 1051
16 19
284 99
96 277
173 231
183 281
917 914
1149 1157
786 839
306 122
472 1216
910 911
225 808
437 53
238 109
943 944
643 652
445 667
386 1198
899 1102
927 941
667 981
411 1183
865 1248
39 249
699 704
584 574
1050 1047
6 337
388 1179
514 515
199 1174
487 3
244 245
250 176
202 248
934 54
647 635
87 1057
580 581
871 873
50 1173
351 349
602 605
697 348
833 617
384 382
1163 1166
1142 1143
221 504
394 1270
535 1188
665 660
698 694
945 943
164 149
344 345
986 981
372 300
377 378
982 983
345 691
502 229
680 681
712 713
545 456
942 946
484 217
239 529
173 175
108 720
570 894
724 723
1012 1010
403 408
946 656
611 1224
1005 1007
177 181
1078 1077
1097 1090
490 3
942 658
192 346
183 526
1082 1083
1122 1119
289 98
33 29
912 900
1123 1120
659 82
575 577
18 165
52 1185
66 62
934 924
845 846
1087 608
576 578
166 185
266 272
838 843
318 319
350 351
458 213
369 364
779 1022
102 285
1170 1172
661 657
705 700
76 232
623 630
581 899
155 153
373 375
966 969
945 946
1018 1016
457 454
716 714
902 841
188 186
330 944
214 58
978 979
490 487
522 705
906 322
1090 897
812 803
764 763
399 225
483 484
388 1250
371 279
1077 1079
775 777
815 813
848 847
1115 962
968 763
254 782
393 1265
92 82
196 548
210 446
372 365
579 578
242 255
320 583
617 1232
841 843
646 604
333 638
915 914
926 923
158 148
918 919
130 86
697 691
334 639
847 1124
111 710
88 89
988 983
380 382
700 701
404 410
135 514
703 706
843 1288
413 415
985 986
188 562
696 703
36 19
255 1189
624 863
729 736
1069 1070
1124 1122
322 125
1102 1103
1113 1112
552 550
811 810
997 937
439 121
61 169
778 1212
1152 1316
1114 1113
153 23
25 103
420 287
338 334
1166 894
836 839
649 604
996 977
1088 831
1158 1155
1050 804
881 883
918 1030
138 21
374 377
353 354
1136 471
105 109
65 36
744 733
696 693
947 949
386 387
634 80
689 690
447 748
14 106
12 411
227 70
419 420
492 490
221 1226
481 480
600 617
452 453
525 523
773 774
755 756
1054 1052
806 807
1101 575
342 443
633 915
771 1114
839 840
257 255
91 43
28 1176
519 75
810 813
951 1298
1072 1078
408 15
632 626
23 24
673 169
290 288
1164 1166
315 317
206 410
1095 1066
905 1171
340 755
389 388
139 356
1139 471
688 684
747 770
665 1260
163 161
362 370
1086 1315
126 1218
152 151
395 812
972 973
1132 324
673 676
185 184
245 235
1016 1015
1008 1011
1038 1039
230 228
510 511
489 488
709 720
799 793
791 789
95 268
274 270
280 350
853 849
479 824
1127 1125
587 586
1167 1161
512 592
296 559
1137 1138
1157 1153
536 540
100 95
57 1256
923 922
424 1192
653 652
355 357
635 640
962 769
373 374
676 677
687 686
13 104
138 364
118 120
406 407
731 729
1128 1302
421 423
461 459
720 719
772 766
184 187
556 1247
1041 1039
606 590
1056 1055
487 489
949 663
671 984
269 266
520 522
239 243
259 258
251 254
270 267
250 783
801 806
1078 297
327 886
591 587
1144 1145
81 336
643 634
290 101
336 333
1156 1155
1148 1151
660 659
99 97
352 277
638 640
866 1246
353 278
960 956
380 381
809 494
308 212
872 1108
461 1194
727 726
446 447
1026 1022
1135 1305
745 743
1158 503
1135 785
479 480
334 916
378 693
34 660
491 490
615 605
734 742
774 778
778 1211
545 546
663 947
931 618
209 1201
775 779
1074 1075
217 488
1147 1145
546 547
557 556
210 448
203 409
611 612
91 88
433 462
405 400
612 613
832 616
874 878
1168 1096
133 1205
851 1244
5 20
979 671
117 118
987 117
219 394
678 679
1000 995
1013 1014
619 629
568 929
711 712
31 953
1119 952
78 656
165 166
426 436
1106 1098
1120 767
505 500
838 789
497 496
1098 1094
143 147
1047 1048
198 199
745 746
810 812
249 250
228 227
260 259
856 1235
828 1229
129 599
611 602
778 779
369 22
260 1182
437 751
283 284
45 492
422 1239
1 40
866 864
574 576
1146 1147
254 77
618 619
597 596
1110 1081
316 317
327 326
749 464
659 656
48 93
134 133
360 359
561 349
222 654
382 383
363 141
743 133
714 713
774 1023
415 416
1085 1295
467 463
160 162
1064 1309
1129 1304
691 701
751 752
452 455
1065 1064
773 776
754 762
1098 1097
537 535
223 79
248 252
285 957
1054 7
347 560
300 299
1108 1110
19 20
371 359
98 84
818 819
850 851
249 253
1040 1280
301 300
74 221
0 43
548 549
1153 1154
52 53
872 875
603 601
891 888
7 1197
420 1243
585 589
64 63
621 920
790 841
916 917
315 319
1033 1278
367 366
46 51
175 690
998 992
418 417
421 422
440 435
119 120
451 450
422 423
702 706
123 126
240 531
506 501
145 150
228 822
717 721
769 768
1157 504
218 219
238 234
390 182
469 66
726 811
219 220
451 463
274 272
554 555
565 564
805 811
566 794
23 366
38 37
809 817
1007 1268
1116 1117
617 616
588 589
887 885
30 261
1138 1141
923 924
650 649
81 83
872 1107
392 390
683 682
665 664
975 1262
716 715
414 530
246 537
1070 569
212 544
760 758
159 160
978 980
418 420
930 940
450 452
858 426
979 981
451 453
1034 1033
187 114
4 258
805 801
225 226
1012 1014
1104 1097
26 16
539 538
766 958
827 825
1066 1070
1086 1085
655 224
29 27
817 222
42 491
498 505
1119 1118
1151 1150
602 599
1163 895
321 320
125 116
292 293
284 289
51 50
583 585
208 150
845 850
918 920
357 358
336 335
939 634
927 925
1008 1274
398 395
295 419
369 368
325 1085
649 651
848 1126
908 911
592 791
535 257
391 392
806 491
402 401
723 722
18 146
279 187
632 948
119 54
457 458
85 815
868 1081
147 152
621 566
760 761
1059 1057
479 482
856 1234
542 538
427 700
822 821
247 1035
641 925
523 524
302 296
1022 1031
826 827
1085 1087
1125 1123
597 595
17 20
856 855
896 891
368 363
586 585
788 1065
889 888
892 893
973 967
590 591
62 63
7 127
139 17
127 128
977 978
128 129
760 980
948 951
762 760
1029 1024
921 933
199 45
970 974
194 195
785 1252
906 1075
287 14
955 293
748 754
1036 1041
958 1121
110 237
893 583
527 525
312 308
519 521
1091 1092
1124 1126
1015 465
822 824
664 387
102 992
669 465
293 294
615 610
876 880
855 857
1 42
286 291
148 61
543 856
629 630
706 96
888 890
941 636
622 627
799 1046
533 518
652 655
900 1311
411 412
831 1151
267 26
733 728
685 688
725 724
696 697
612 1225
297 54
179 178
756 339
319 301
747 748
726 725
216 474
257 246
456 455
1109 1100
901 842
263 262
652 223
1159 1314
460 547
493 495
482 485
267 268
25 97
558 560
264 262
1105 1107
259 4
49 45
321 653
430 1213
828 829
869 867
1125 527
1087 1089
1160 1159
559 561
176 680
184 355
30 31
71 69
1172 904
41 46
60 59
1172 1169
31 32
557 456
935 933
1112 1123
598 1299
129 1231
1033 1279
396 395
233 517
126 125
777 1026
149 145
477 468
1001 999
596 950
171 169
1103 903
1002 1000
994 996
379 692
558 923
742 515
681 685
466 431
152 155
991 990
840 1254
484 485
956 969
1083 1073
865 1286
496 230
297 924
614 222
1045 1046
1145 1133
436 444
517 518
577 154
155 1105
499 500
258 1181
1049 1052
550 551
594 508
44 41
365 276
913 639
263 265
59 1284
562 561
784 1253
1061 1148
18 168
273 278
824 826
314 575
624 621
288 294
347 349
70 71
898 897
89 84
350 354
930 929
628 627
844 517
620 623
68 375
650 651
124 1186
750 445
753 1008
737 1220
394 1273
461 1195
85 91
110 413
424 460
961 1296
428 430
26 270
1019 1020
170 171
1030 1029
744 406
728 727
741 746
308 1044
1052 1053
351 188
1153 1313
782 783
244 241
57 6
1056 1059
27 392
951 597
1074 1076
167 143
1129 1128
816 817
393 1267
69 510
425 523
1151 1152
1084 833
189 17
613 610
534 1233
364 363
58 622
74 72
106 104
473 306
1083 909
79 272
463 118
439 435
341 766
442 440
963 965
443 441
682 686
734 733
877 373
432 431
989 56
792 594
1047 1049
669 1017
509 507
789 790
808 803
571 567
10 5
256 1190
330 132
1021 1032
305 304
302 298
422 1240
874 869
189 357
21 401
316 318
60 1209
859 862
218 11
670 666
268 277
276 138
401 398
514 1230
619 620
404 403
690 680
951 950
769 1300
146 144
1141 552
685 687
478 1207
972 780
532 853
563 1106
987 988
480 1222
157 158
3 1003
988 989
508 501
899 911
1064 1310
460 461
500 497
1072 1068
471 470
759 757
1102 1096
1081 1073
172 173
1170 1319
205 207
784 786
402 226
275 271
781 668
672 990
1054 1055
1152 1312
526 527
1092 1167
825 823
256 257
788 792
940 926
818 820
750 765
1088 1089
1091 1094
592 593
767 445
1150 1149
593 594
447 211
84 79
346 982
166 377
207 149
378 376
562 871
917 919
348 353
389 391
961 962
703 172
743 739
830 807
692 693
972 976
991 989
182 33
1006 1005
736 735
707 183
798 567
478 476
651 633
966 1261
1017 1019
521 523
1053 1058
1072 1071
791 792
645 329
954 32
671 467
633 620
304 301
275 274
307 306
628 132
717 735
610 609
857 858
300 303
399 803
314 1104
9 96
1161 1162
745 164
816 224
230 509
891 892
75 77
975 971
913 916
698 699
396 397
1117 1301
658 662
710 709
957 958
429 430
77 536
151 156
178 30
328 648
193 194
340 967
793 455
798 799
838 835
528 529
259 261
229 498
95 9
563 114
211 449
44 43
864 865
880 1138
282 100
181 197
654 646
66 67
905 902
325 327
444 427
1148 1154
668 666
875 879
67 68
219 1269
99 100
285 290
358 360
930 931
375 678
680 676
960 959
952 955
963 964
303 280
311 1177
1010 1275
993 992
468 469
694 695
166 167
997 998
1046 1287
190 115
216 253
352 702
475 1038
191 196
1030 1031
1103 1101
154 314
513 512
1037 252
232 233
1100 1095
386 1180
243 242
552 323
28 1199
564 563
842 836
794 796
432 443
618 570
1104 1101
804 809
675 695
140 271
88 81
859 861
742 1203
298 299
145 206
556 860
859 632
1118 1121
1129 1130
598 331
609 606
298 564
304 644
372 370
1159 1158
310 309
419 1241
332 333
516 908
664 663
938 637
735 723
87 93
335 78
480 1221
787 1317
890 1091
417 413
1063 1162
136 134
387 390
959 961
398 399
310 1178
80 89
464 466
162 164
202 200
922 935
246 243
1025 1027
786 516
1049 72
915 932
227 229
1058 1060
910 1082
797 796
1055 8
150 576
1132 1131
1143 1140
212 1045
459 773
666 986
16 203
1165 1164
28 177
43 40
844 849
283 287
286 292
65 64
895 930
90 93
631 597
512 2
929 928
675 374
1099 1110
686 383
631 862
423 418
131 130
878 553
307 472
405 406
135 136
176 174
995 994
1039 1037
454 1021
2 137
977 982
740 215
1017 1018
427 429
1137 1307
1061 832
1040 1038
57 338
730 732
190 193
103 719
533 532
582 1062
1135 1131
913 938
1117 1113
137 159
796 798
9 10
56 988
71 479
90 83
268 269
566 457
39 37
1132 1134
299 113
1077 115
888 328
123 116
46 198
644 641
108 109
367 369
974 781
132 57
618 625
637 638
820 85
636 642
400 402
688 689
890 940
68 157
182 179
1002 1001
587 493
1056 828
953 964
765 764
185 189
932 941
237 236
787 788
847 281
713 201
1166 1318
438 118
573 571
614 609
222 493
545 1249
846 851
209 416
928 920
1168 1167
1082 1100
101 998
672 936
807 486
705 704
1134 1146
1 13
122 123
400 513
953 954
1073 907
968 970
647 655
170 172
636 645
362 113
440 441
1053 1050
174 62
265 180
1071 1067
470 469
494 497
514 512
794 795
615 1052
236 238
524 525
503 502
548 882
555 549
60 161
765 767
1086 1088
8 7
94 10
1067 1074
11 12
291 295
507 593
114 24
613 611
303 305
437 1184
882 884
560 870
654 648
694 684
894 895
926 927
887 590
524 538
624 625
1006 1272
1156 1160
409 408
595 598
107 106
679 677
1076 1292
124 195
244 111
116 191
201 415
657 658
554 682
876 553
800 823
140 139
589 2
111 112
971 970
141 140
705 707
165 168
965 29
993 994
195 196
186 376
746 744
873 376
797 795
1048 1051
1059 1060
1168 1321
80 101
232 235
904 893
776 973
543 542
1155 1149
553 555
263 1196
815 820
407 208
878 876
1126 1127
637 670
1137 1136
630 631
328 329
764 747
1162 1165
674 673
908 1255
604 614
478 1208
416 414
449 1277
879 324
202 1128
955 957
689 429
657 131
339 459
937 939
180 179
662 331
460 462
78 131
1011 1010
442 444
730 731
607 889
741 740
481 1223
180 35
193 117
475 477
728 397
217 218
205 64
1093 904
336 1257
47 35
848 844
1015 1021
206 208
1055 1057
1147 1140
98 266
250 251
530 534
627 58
316 574
1110 1109
829 830
309 306
772 970
852 850
312 311
310 121
737 1202
359 279
539 1237
836 581
626 628
356 358
907 906
948 944
1032 1023
678 674
269 97
596 1245
549 380
607 650
441 438
404 407
692 694
954 959
146 148
1160 1064
213 58
725 727
143 142
984 987
995 996
516 324
1036 1034
907 883
459 464
718 724
456 458
1028 1029
881 867
534 414
914 635
751 757
150 159
722 730
814 813
810 25
752 758
358 273
983 999
1062 1063
1004 1263
1036 782
425 857
234 94
783 1215
806 814
38 39
486 49
595 630
1128 1130
453 546
567 568
599 600
50 49
985 672
543 1238
1161 1163
1111 1297
59 134
600 601
354 280
880 884
83 82
518 239
626 330
739 1206
355 361
819 87
662 661
531 852
644 643
936 937
233 520
86 92
321 898
1074 1291
392 1258
192 869
1034 1035
1013 1012
1127 854
709 112
204 205
722 805
503 501
1024 1026
248 247
1068 1069
580 577
787 790
679 470
821 1048
1090 1093
191 881
529 531
55 1020
1020 1028
879 909
332 102
1169 1093
1142 1139
1094 1099
861 860
606 607
832 833
905 903
1112 1116
35 260
397 204
639 640
886 889
715 104
337 338
412 1006
1109 1083
1168 1169
47 90
52 434
471 683
119 115
163 158
370 371
1023 1016
362 367
669 667
454 450
541 518
761 750
141 139
449 1009
133 135
305 1001
294 88
738 739
527 210
1005 1003
1135 1306
906 1294
488 484
19 5
1043 477
313 897
1147 1308
855 542
780 777
368 15
950 1259
317 314
