1312 1272
1177 1298
1217 1232
1284 1249
1280 1222
1294 1188
1291 1237
1307 1226
1202 1262
1311 1201
1276 1198
1295 1181
1306 1314
1287 1301
1315 1183
1267 1176
1209 1195
1278 1263
1254 1303
1187 1231
1220 1257
1227 1258
1204 1261
1289 1269
1320 1242
1290 1270
1317 1268
1319 1240
1323 1239
1318 1241
1310 1264
1186 1197
1208 1210
1316 1271
1305 1313
1308 1192
1235 1182
1321 1233
1266 1199
1251 1225
1213 1173
1218 1238
1322 1243
1293 1244
1275 1179
1309 1245
1282 1221
1205 1211
1178 1299
1200 1229
1185 1297
1253 1190
1246 1296
1283 1193
1255 1189
1184 1260
1292 1191
1206 1212
1279 1265
1214 1228
1230 1247
1207 1194
1288 1248
1285 1277
1219 1224
1273 1175
1236 1174
1274 1180
1302 1300
1203 1256
1215 1223
