838 839
482 795
8 9
534 1329
871 872
150 1196
343 344
81 78
901 900
904 905
137 95
376 377
74 75
547 524
113 3
85 84
325 331
1061 336
335 1282
7 21
660 666
472 471
454 453
326 533
1022 1023
1004 1005
704 340
768 770
1099 1098
420 172
498 500
1051 1058
86 821
1070 1071
550 547
278 88
590 583
582 579
1081 1086
25 24
347 1116
262 345
575 576
1062 1072
128 530
794 1212
608 609
856 860
668 660
493 1220
390 386
686 1160
77 75
339 340
944 945
182 1214
364 778
674 675
933 935
767 1266
921 1297
704 703
116 1163
377 308
103 105
179 589
675 676
882 889
354 361
1007 1006
179 180
158 157
621 296
119 723
988 992
1048 1043
642 355
730 733
213 214
849 424
1073 1072
472 474
244 201
720 1165
1032 927
1077 1078
859 855
538 540
837 836
62 1104
1061 1075
1003 459
93 912
663 656
830 833
922 916
313 314
260 122
1084 1094
9 397
263 313
827 126
302 304
915 913
346 347
823 1230
863 1246
925 926
76 77
907 908
0 1105
379 380
284 228
958 959
142 144
420 417
130 435
692 696
448 744
843 865
991 992
795 788
962 965
237 1227
915 1256
736 738
472 1173
250 1107
256 250
1024 1025
748 749
208 210
171 737
507 506
1079 1077
501 203
1057 1095
1093 752
810 809
249 247
781 782
947 814
426 1298
349 864
57 198
865 866
16 17
958 828
35 30
315 313
574 573
877 876
601 792
1034 36
50 280
278 287
858 862
910 909
330 334
532 957
146 1277
302 6
881 1254
493 1130
533 1152
943 942
1 14
1002 884
431 766
496 1137
167 168
898 912
925 929
710 712
149 150
576 632
429 433
261 1111
969 1304
171 174
762 758
516 208
514 513
761 762
1052 1091
606 367
204 207
1064 1065
215 216
943 775
798 802
666 8
497 1171
206 1133
551 552
987 1319
818 636
151 810
281 282
581 580
363 357
314 315
78 224
11 134
853 858
14 59
676 673
301 238
270 1238
702 703
721 716
599 461
411 410
403 406
447 449
694 698
735 736
821 1274
768 769
822 1275
498 499
186 678
521 519
807 467
281 537
834 835
15 14
801 923
179 1206
78 70
285 283
998 979
1089 1097
48 47
879 878
598 599
343 346
383 382
81 80
321 327
1015 924
912 911
676 1049
956 954
543 147
974 971
427 1187
997 991
594 866
989 987
528 1276
967 968
978 977
439 440
1019 1015
442 445
671 188
712 714
491 486
771 769
919 1299
416 163
202 203
133 369
794 789
1041 1038
1033 1034
744 931
58 1203
897 243
975 1308
1066 1067
590 729
538 539
549 548
628 612
527 529
291 289
44 3
571 572
2 6
833 837
1100 1101
332 326
1084 1093
591 586
564 569
562 379
918 917
561 5
90 914
1010 920
88 87
660 658
859 867
178 389
940 941
638 639
374 709
80 82
121 120
698 1035
973 974
729 1022
353 771
970 968
102 106
201 85
920 738
424 422
324 155
48 1074
995 997
1018 1017
61 1118
235 82
312 1257
1058 680
967 1303
371 244
556 555
803 804
135 116
27 1192
275 276
1062 1064
650 73
537 541
815 814
276 277
294 819
404 1168
341 342
1080 1090
1019 1080
1075 337
1005 916
371 895
382 379
98 211
728 1205
677 678
656 655
903 904
630 337
832 880
823 1232
648 650
128 126
168 162
408 409
622 634
464 197
935 1094
418 1121
1029 1021
1050 1044
0 62
786 476
212 210
13 37
768 1249
915 1258
777 778
1003 1004
478 481
600 592
592 588
124 254
791 797
684 671
870 861
843 844
854 853
326 325
629 1000
722 1177
865 868
56 55
203 1134
2 84
793 879
647 645
414 65
5 9
515 1139
577 580
877 878
966 1292
636 635
404 136
525 246
1067 1339
664 361
422 419
393 392
640 641
123 122
943 944
447 448
665 670
444 442
1008 1009
350 780
893 1307
189 188
1009 1010
489 486
417 52
20 7
699 704
969 1305
736 851
351 1046
514 515
740 741
576 984
503 505
724 1176
266 269
245 246
277 278
318 316
890 887
858 589
248 251
1068 1073
300 298
167 412
672 664
193 55
763 28
586 395
310 311
481 458
617 239
613 614
829 1228
872 874
311 312
117 1114
748 924
643 642
25 71
646 647
373 372
553 1013
792 1213
755 590
536 286
107 109
957 953
1023 755
684 1060
680 681
748 407
111 115
712 713
924 1041
1031 1024
49 140
545 227
173 175
45 26
972 974
726 15
746 747
639 621
1005 1007
811 467
774 436
259 256
251 252
262 261
469 474
1082 1083
661 644
51 226
295 294
758 433
637 817
365 358
908 377
919 423
568 574
576 1313
919 917
887 619
490 245
48 49
824 270
490 1129
328 332
701 694
310 314
182 1215
682 680
827 955
428 800
23 77
56 25
114 115
394 398
795 1201
891 975
116 161
581 935
583 450
147 148
445 745
679 683
999 1002
978 979
479 478
1011 1013
1051 1049
891 831
604 509
967 1302
94 258
1060 1054
444 785
764 763
1039 931
741 1008
50 1011
181 182
774 776
1025 1032
412 1248
486 265
657 641
630 624
21 22
781 793
475 192
579 578
813 516
207 706
542 547
564 306
524 233
609 457
483 1122
1092 1099
386 384
823 1231
89 277
753 177
264 49
648 649
719 709
381 570
3 1033
649 650
191 675
981 980
682 683
183 182
191 711
674 679
1022 1017
554 1287
434 438
1014 1013
1064 1325
999 884
985 986
396 591
756 754
841 941
1036 1037
1039 1042
1076 1331
403 715
1068 1327
773 434
83 890
1088 1083
707 717
1051 1052
552 550
364 350
544 546
596 593
863 857
286 287
1081 936
473 787
287 288
319 320
659 654
373 705
881 883
352 353
366 437
825 951
738 425
595 754
862 869
342 345
614 624
600 460
156 154
929 1044
537 1156
415 414
677 42
496 1138
718 717
117 119
437 438
969 973
12 411
419 420
492 490
999 1318
106 45
205 204
711 713
529 822
954 291
215 217
160 1150
474 477
625 646
1098 1095
387 100
276 89
850 849
540 543
12 15
851 850
143 89
668 585
187 132
625 623
832 836
56 57
71 222
906 907
689 909
471 192
356 354
120 343
727 1021
607 610
699 693
119 118
967 773
939 940
500 1135
743 736
310 94
950 949
141 142
131 357
692 690
123 124
174 175
953 959
725 723
468 918
932 936
197 158
947 1273
1016 1015
415 417
1078 1333
298 97
1038 1039
512 206
1049 1048
448 450
718 1166
492 493
767 432
4 1
164 1151
502 506
554 553
65 16
245 212
607 973
703 1162
835 837
59 58
817 819
413 61
428 1242
599 596
524 831
92 91
148 809
71 68
923 922
122 262
181 348
369 893
95 690
104 101
10 57
355 357
871 1270
742 1289
373 374
930 1082
425 421
743 847
679 188
916 918
388 390
1009 737
312 1132
332 1120
949 951
990 989
308 137
720 719
769 877
228 522
742 743
734 739
805 799
1085 1082
757 1265
762 428
185 187
757 758
1097 1092
229 230
1089 1088
29 1106
402 1161
338 631
85 185
172 598
561 559
977 623
812 815
1071 1075
790 796
594 592
828 530
54 764
605 607
835 840
886 885
657 653
842 964
908 909
119 340
339 343
380 381
110 111
653 655
73 80
413 414
457 456
789 786
946 1271
989 1315
1059 1055
305 215
498 1142
1047 937
412 426
494 495
282 87
545 546
775 779
28 27
783 454
848 849
1074 1075
549 552
295 1224
730 1259
563 572
435 1306
739 160
483 1124
914 915
963 1293
730 1184
219 273
393 1100
604 609
157 69
903 905
296 84
357 359
430 429
409 406
977 976
210 834
725 117
922 811
948 949
727 163
384 318
150 151
290 948
1000 995
231 224
183 184
482 480
195 158
39 319
956 1278
785 783
216 217
195 194
644 20
198 199
745 746
819 1222
800 798
862 593
1040 1045
1080 1081
22 616
760 582
816 1218
611 602
778 779
565 77
968 876
467 594
722 1178
283 284
874 868
847 851
913 42
408 1170
723 1179
338 336
597 596
812 484
288 335
316 317
441 577
869 875
432 757
19 1110
239 213
635 299
651 652
688 719
192 403
904 688
960 1291
691 315
96 26
644 648
164 160
696 695
235 220
415 416
1017 750
85 132
631 980
729 728
588 200
751 752
309 556
47 141
531 111
349 183
1063 1326
485 489
688 1175
944 774
149 274
229 154
763 1191
696 34
82 220
237 243
817 818
551 1155
663 351
368 354
548 284
30 29
322 323
883 884
485 1125
355 356
453 662
146 1199
406 1174
143 1194
388 389
255 125
796 1200
938 941
191 1043
418 417
1026 1090
1098 557
174 321
433 432
705 711
466 200
1012 1011
994 1317
983 984
109 1119
221 518
463 460
455 456
185 186
299 208
252 96
488 489
440 183
251 253
670 645
937 580
102 44
473 445
772 778
211 216
266 826
951 1280
913 902
693 341
288 292
307 305
59 60
285 286
689 901
890 891
616 651
528 538
725 1181
720 708
39 230
125 41
30 32
125 126
840 517
104 103
956 957
816 946
662 659
686 687
716 715
45 138
178 173
1030 1027
657 665
255 249
162 170
573 558
993 1001
1012 1014
225 226
1064 1061
236 235
187 608
226 227
975 1310
1045 1047
258 259
1086 1085
269 268
610 189
535 1233
852 854
1102 391
154 323
483 1123
950 1281
292 293
664 659
882 881
93 312
616 618
387 386
681 375
358 359
390 391
423 424
356 434
402 401
970 971
742 735
375 304
453 452
1056 1047
176 180
727 728
946 1272
147 152
760 761
60 4
86 142
1008 1323
1059 1057
816 1217
822 821
127 30
749 1016
812 1219
961 872
439 796
826 827
495 53
351 454
525 835
342 1117
478 494
578 352
58 731
906 303
889 888
976 627
360 358
892 893
404 401
383 378
91 90
493 1131
512 1141
311 93
62 63
514 718
960 1290
73 72
830 1237
612 615
740 1288
440 768
955 954
127 128
875 845
964 1294
966 963
378 384
922 1296
266 1128
438 435
430 431
157 156
980 983
452 189
146 528
722 724
875 966
1021 1020
578 859
1071 1328
223 222
890 1309
1086 1042
788 790
507 511
204 510
419 169
530 531
552 1239
1069 1074
838 238
452 611
560 559
346 1115
399 196
363 130
253 258
541 545
585 588
604 601
418 331
558 76
855 857
686 899
895 893
626 625
618 621
979 892
961 960
292 227
83 233
885 1321
876 772
134 135
994 993
1006 1003
165 1210
673 677
722 161
929 374
1031 13
203 1143
244 1144
1024 1020
766 1267
976 980
747 748
460 197
987 1314
1028 1026
201 202
88 145
780 781
278 534
584 577
783 786
465 805
649 68
813 814
982 1336
223 225
296 295
503 508
286 281
27 1073
558 560
329 328
725 1180
300 301
480 497
569 309
782 453
651 644
831 840
936 1042
548 551
825 271
799 807
713 475
864 873
584 855
870 1247
64 65
698 697
905 910
118 121
97 98
938 943
456 674
746 1038
883 634
381 387
1002 1000
661 670
1097 563
236 234
484 485
721 1167
714 718
1077 1335
765 763
1037 139
517 518
275 1285
496 495
520 523
802 803
529 528
228 271
780 784
864 863
842 844
565 566
37 38
997 983
716 475
906 901
919 920
79 40
275 1197
151 144
628 892
942 939
362 364
620 888
435 1190
934 1084
944 1264
213 241
993 990
97 209
930 1050
384 388
756 934
92 216
166 165
539 527
161 724
310 1109
731 733
968 1301
451 190
206 502
461 463
232 231
506 205
451 455
502 500
782 783
996 892
665 643
846 575
484 488
815 816
214 218
461 175
911 906
602 974
18 508
333 291
427 447
535 1235
299 298
852 856
535 282
321 322
392 382
583 587
66 68
86 46
487 1127
702 135
269 247
409 407
538 1157
316 99
948 950
99 101
139 137
6 22
398 397
431 1068
701 700
898 311
937 1056
423 426
443 441
723 724
939 348
165 167
240 81
371 1145
350 972
767 766
1055 1053
266 255
279 274
486 487
465 464
1037 1035
745 747
236 83
784 446
1103 1102
164 328
771 777
366 54
476 451
823 824
221 81
247 219
49 234
717 513
826 1229
856 857
530 1148
319 323
272 1236
505 370
878 1250
61 64
214 306
689 307
320 324
619 620
1014 741
839 889
682 2
587 933
1076 981
963 1295
708 405
917 170
405 404
579 669
1025 1015
1026 751
155 378
1089 1036
667 669
165 422
987 988
966 965
707 710
678 683
759 757
751 753
719 1164
190 191
100 563
295 244
55 640
544 539
667 1055
666 1059
219 519
526 527
518 523
402 720
785 787
256 257
1076 1079
1087 1088
567 564
264 526
360 759
289 290
268 267
560 561
480 1211
884 886
945 1262
52 1029
159 1012
637 636
76 74
109 108
961 962
429 198
691 692
87 1330
153 150
159 459
309 138
700 697
170 468
123 127
43 18
465 156
587 756
1027 1028
258 1108
526 1153
317 114
488 490
421 171
1090 1089
359 641
1069 1066
818 1221
447 1188
511 509
1050 1052
470 477
792 793
252 254
824 825
296 297
392 5
601 1159
329 330
443 352
308 307
613 619
348 873
591 600
395 396
562 573
654 656
646 652
848 1300
659 362
108 110
428 429
695 693
731 732
998 996
982 988
571 105
691 695
89 1198
462 463
481 476
162 845
994 1320
776 775
605 368
991 1316
703 116
193 194
956 333
1020 726
798 799
809 808
257 1113
259 261
61 1147
820 822
33 34
12 11
536 1234
479 794
635 633
34 35
646 642
66 67
1093 1102
96 95
647 643
450 852
32 110
1067 820
898 899
35 344
770 942
617 620
628 629
132 133
399 397
952 955
391 393
690 689
136 926
779 654
395 399
601 504
1076 1332
480 479
199 200
180 861
210 209
1030 1031
1070 1067
1103 1101
124 26
978 1311
503 202
221 224
513 512
535 536
27 129
834 832
325 317
721 1172
263 342
894 1255
160 329
568 569
4 118
595 177
808 141
29 31
328 327
672 662
331 332
163 1204
62 64
731 1183
554 1284
20 67
715 708
694 685
667 668
934 932
365 366
64 109
624 626
697 696
136 134
868 843
881 633
653 360
981 985
25 10
436 776
43 207
1044 1041
527 140
464 466
752 753
1083 1032
734 735
232 79
195 197
339 699
928 685
797 796
789 792
829 828
873 871
272 273
519 522
468 593
261 263
1071 1337
305 306
572 570
103 320
254 260
866 867
212 492
36 37
10 802
47 46
335 333
899 900
250 491
630 632
101 102
401 400
942 1263
131 130
230 289
951 952
1014 1008
237 1226
984 985
155 380
394 396
446 443
459 462
1040 1038
1029 1028
242 240
293 285
218 520
969 605
533 532
640 658
18 202
1046 1053
79 218
534 1286
971 879
635 1253
559 562
570 571
257 260
42 43
581 586
681 673
880 882
112 107
603 604
533 1149
290 293
444 351
914 911
810 1241
126 41
144 1193
325 107
246 488
515 496
367 369
626 629
658 661
637 638
917 921
928 930
1001 1000
555 1099
687 315
17 112
153 152
770 349
473 471
467 842
516 1252
522 549
385 394
754 755
304 555
199 798
1016 1020
1057 1058
336 129
655 669
830 521
499 501
787 788
171 327
416 732
810 808
477 482
813 1251
241 242
1082 1087
521 525
196 585
91 303
72 24
271 270
952 1279
274 275
978 1334
606 605
406 1169
990 896
267 272
121 38
159 330
515 1136
618 615
610 611
297 300
684 1054
887 888
672 671
516 832
652 613
31 0
104 106
941 1261
46 430
469 1189
145 143
1019 936
217 248
372 42
407 408
437 436
510 506
148 153
850 425
1060 1058
791 784
211 209
470 469
494 497
794 795
193 196
765 767
806 805
413 730
40 39
231 573
63 59
270 272
41 40
33 36
632 624
303 305
194 398
376 375
627 631
267 1126
66 69
894 895
926 927
583 853
1066 821
539 1154
69 223
595 598
67 70
927 928
24 337
440 1216
511 455
617 622
442 441
421 418
129 130
709 705
857 1245
353 777
79 574
141 140
502 1140
557 1101
173 172
850 1244
1033 1030
438 363
1096 1086
143 149
505 1146
105 568
153 50
206 205
986 991
177 178
1018 1023
439 184
63 13
250 19
229 225
509 508
520 517
1005 1322
803 51
531 532
75 23
169 179
458 53
750 1185
959 829
324 318
790 791
114 99
265 268
299 1225
952 826
234 546
953 1283
637 1223
550 1240
687 900
176 870
279 288
820 526
557 561
910 685
550 1158
113 112
52 16
361 362
146 145
1070 264
623 627
457 186
372 902
1103 563
449 856
427 1186
848 1324
44 1036
737 734
297 90
759 938
863 1269
422 1209
58 1182
553 280
744 750
283 541
567 565
546 542
122 1112
1048 1054
239 241
151 1195
1091 1095
839 242
334 335
32 33
907 376
895 896
575 1312
806 1004
367 368
847 1338
589 597
608 610
896 897
405 925
408 405
938 1260
505 603
958 957
108 0
113 115
53 478
962 963
710 190
253 94
72 82
867 582
38 700
256 19
995 996
597 169
542 233
353 446
758 760
1092 556
500 501
854 584
1091 1085
511 510
458 504
17 1027
1102 1100
1094 1096
54 945
1001 639
504 507
544 543
566 302
878 797
811 807
844 841
1096 1056
1062 1063
566 567
537 540
449 427
869 870
470 1202
1087 1092
838 882
294 638
523 232
902 903
603 606
1053 663
1 12
345 347
385 383
633 634
431 1268
965 964
176 166
947 946
138 139
734 164
998 997
1009 1006
1010 1007
1034 1035
732 733
1043 1040
1046 1045
714 721
765 766
592 466
806 804
322 462
1068 1069
841 761
1079 1078
152 279
238 239
885 575
602 781
249 248
620 240
23 21
28 365
989 897
861 860
344 341
176 1208
70 74
369 370
389 385
100 102
92 98
931 933
370 371
612 133
702 701
280 334
705 706
972 970
301 622
487 483
940 874
706 707
166 168
801 1243
338 131
11 410
739 740
419 1207
932 1018
750 749
986 846
982 992
801 800
772 773
804 51
222 220
1063 1065
120 29
273 271
37 31
886 614
615 645
7 8
