1108 1197
1148 1305
1119 1250
1247 1153
1279 1311
1269 1328
1105 1213
1295 1339
1181 1124
1115 1140
1185 1308
1231 1332
1172 1320
1111 1287
1205 1240
1235 1325
1182 1236
1149 1301
1203 1237
1135 1260
1110 1284
1189 1318
1122 1330
1258 1242
1206 1158
1207 1155
1162 1299
1163 1298
1144 1267
1225 1274
1151 1263
1167 1223
1184 1230
1109 1196
1180 1324
1286 1192
1132 1195
1173 1317
1120 1249
1273 1275
1117 1323
1257 1241
1161 1297
1128 1255
1244 1214
1133 1261
1272 1276
1107 1285
1178 1219
1143 1266
1142 1262
1169 1253
1175 1296
1179 1125
1211 1314
1171 1315
1202 1316
1165 1292
1187 1309
1131 1194
1246 1313
1123 1226
1217 1277
1114 1138
1186 1310
1104 1212
1134 1265
1152 1302
1278 1306
1106 1159
1137 1227
1170 1252
1204 1239
1113 1145
1209 1156
1281 1331
1174 1254
1112 1146
1283 1303
1150 1264
1229 1307
1234 1335
1224 1268
1210 1157
1280 1334
1228 1304
1222 1327
1232 1336
1127 1329
1126 1319
1245 1312
1270 1337
1282 1190
1256 1243
1176 1300
1116 1288
1121 1216
1183 1238
1130 1193
1160 1322
1166 1290
1220 1199
1177 1218
1164 1294
1147 1201
1168 1251
1188 1321
1208 1154
1118 1200
1129 1198
