1057 618
1003 1306
1067 811
40 41
886 1271
143 53
64 25
376 377
604 384
683 677
106 107
986 980
668 670
927 930
406 404
41 657
369 373
897 758
845 1255
476 356
946 1287
728 720
1000 999
443 444
935 906
14 1081
173 174
1035 1319
658 368
1077 1075
718 1219
517 514
816 810
1067 1066
1070 1071
462 663
48 1152
841 839
240 241
25 24
1052 1059
416 403
302 301
346 344
338 340
128 530
589 596
931 625
327 330
629 1077
744 798
793 511
55 316
77 75
713 1205
135 16
908 906
900 902
110 108
663 666
674 675
922 926
280 147
445 443
225 1101
103 105
744 510
176 175
874 885
179 180
98 1127
915 1276
737 736
510 465
362 1153
191 190
1049 1325
1020 1310
80 322
169 171
213 214
721 504
789 796
268 270
881 879
819 904
159 220
457 142
342 341
914 912
941 929
604 606
644 642
124 118
895 898
866 871
367 370
378 379
142 288
157 151
401 777
629 635
102 1103
907 908
948 946
844 1254
94 67
172 395
441 440
482 1200
573 1273
826 1296
438 1163
991 992
970 969
317 1129
993 1293
474 473
426 433
17 5
877 863
1024 1025
748 749
997 1298
693 633
1039 1041
379 357
551 549
491 418
821 818
460 467
500 503
371 209
27 548
822 819
242 244
803 805
802 926
876 875
275 277
315 313
847 848
152 435
574 573
397 239
49 50
567 570
27 31
461 668
311 1115
82 83
330 334
1064 558
60 64
886 780
936 903
374 376
375 112
466 459
72 74
85 93
924 928
509 686
600 724
692 807
433 1161
551 539
178 177
710 712
438 253
969 972
160 159
707 706
200 201
791 785
774 58
222 219
828 932
792 786
724 731
817 959
363 380
778 213
547 546
1046 1047
79 212
277 276
131 1106
141 272
235 50
999 1307
281 282
481 456
621 616
592 589
311 310
547 29
818 757
943 788
676 673
386 605
235 1098
759 1230
348 84
927 929
909 911
961 958
399 400
702 703
899 573
735 736
114 123
257 846
746 745
591 871
226 221
757 754
1016 1014
768 769
520 289
1067 1065
477 476
711 1215
815 700
793 798
1060 1062
158 58
292 287
284 283
561 820
790 792
281 128
827 976
660 570
834 835
813 812
68 20
288 289
15 14
7 10
537 584
304 153
640 1005
868 869
971 961
345 1135
383 382
41 44
611 425
718 1211
926 931
288 531
399 776
945 1288
387 393
199 193
970 484
712 714
507 1174
707 519
946 801
1042 1322
691 511
790 782
482 522
166 173
144 1114
150 314
577 381
974 1314
163 104
1001 974
21 20
331 325
571 572
80 105
904 897
604 605
26 399
210 565
112 1080
383 264
99 96
306 309
199 183
919 918
959 954
164 225
1011 1001
390 388
641 644
517 1176
749 97
143 287
671 672
930 783
870 881
302 280
1006 1007
513 1177
992 843
215 1224
901 581
487 972
708 711
209 210
137 1105
1029 1031
981 991
224 225
930 1025
523 521
771 772
803 804
356 264
534 536
705 534
472 1166
836 837
859 857
567 569
614 272
61 59
320 319
373 474
738 1222
108 27
470 263
822 831
1050 838
265 468
385 384
633 635
903 904
797 743
626 632
718 715
928 933
800 784
734 695
74 11
910 1274
16 1085
755 754
962 967
496 499
148 310
227 225
507 508
137 1086
529 532
540 541
519 518
799 801
977 1073
154 1183
1002 608
965 955
235 1097
574 575
319 56
828 836
909 910
688 682
939 938
616 284
253 232
414 415
972 971
447 448
1018 974
145 146
156 155
755 829
1008 1009
1036 1028
106 154
149 152
107 384
492 491
880 865
219 216
211 212
1042 1043
234 232
522 519
896 580
188 85
503 505
1075 1076
277 278
496 502
911 452
203 1186
1007 654
886 1272
622 434
428 303
333 331
480 350
614 615
646 647
905 907
759 1231
207 196
679 680
89 91
337 342
984 1056
628 634
144 292
712 713
507 1173
171 166
386 54
1031 1024
370 375
402 407
742 741
181 179
812 1065
518 475
495 491
667 454
14 712
1026 1030
264 478
444 445
1008 1012
267 340
335 129
779 780
164 1122
369 1196
216 1149
849 844
890 1269
820 817
179 1130
740 299
543 545
37 35
336 331
616 614
595 591
26 25
630 140
846 847
347 346
318 319
911 913
350 351
328 332
879 880
372 375
351 352
1045 912
775 5
96 211
7 133
321 329
361 365
591 598
964 960
395 394
435 430
199 568
114 115
719 863
775 764
787 738
167 127
697 701
110 1
180 182
759 941
998 1297
978 979
479 478
678 687
749 747
502 497
475 480
202 205
1041 1040
826 823
4 77
516 517
410 1266
791 1240
1074 1073
279 281
509 743
549 550
367 659
789 797
601 597
21 22
146 53
93 1088
312 314
678 700
861 1302
582 583
176 81
125 115
811 820
354 352
151 1124
76 78
120 121
368 372
99 98
676 488
665 738
77 79
649 650
14 139
132 131
420 418
714 1210
16 1084
954 962
733 734
307 742
715 716
337 1138
195 192
187 188
498 867
952 665
837 827
36 549
1051 1052
251 968
407 1159
65 203
512 514
270 343
774 779
1062 1066
294 291
321 165
519 1212
57 55
589 590
475 339
94 202
287 288
365 207
62 1227
349 348
974 1074
699 726
102 98
88 200
274 964
716 1209
762 1047
124 122
301 429
113 229
987 985
726 721
117 119
689 690
461 417
419 420
1013 1015
43 254
703 709
809 956
183 185
755 756
1027 1035
426 437
526 524
586 538
38 32
148 312
1003 826
766 770
821 822
902 896
584 586
732 484
851 850
613 1058
854 855
355 354
326 327
565 572
393 237
555 973
56 57
627 1078
916 915
595 600
908 831
947 1285
89 90
537 366
949 948
398 436
423 609
422 421
332 527
692 690
972 973
975 978
1005 1006
216 1099
1018 1311
739 743
1038 1039
49 1150
196 86
136 1083
1060 1063
236 387
680 284
1071 1072
883 872
255 257
543 544
525 526
252 251
392 411
171 34
746 1261
576 577
555 554
566 563
12 126
765 772
263 382
624 653
890 889
861 745
173 79
63 64
364 1141
84 7
362 360
521 533
208 1154
684 676
956 955
93 91
698 696
916 918
587 599
151 153
1013 1308
702 707
982 841
794 790
722 127
217 220
196 197
142 1109
786 785
757 758
878 868
229 230
520 522
417 924
46 114
831 829
291 290
646 109
178 269
1033 783
864 862
295 296
3 8
554 556
842 843
770 409
198 363
853 852
317 320
35 76
409 403
801 927
751 1226
967 959
278 248
634 786
92 94
157 223
944 948
228 512
653 655
654 620
941 942
86 1092
956 958
141 629
442 557
215 1225
1046 1320
337 1137
191 566
730 880
998 1299
358 190
501 504
24 201
512 513
1044 1048
1004 975
971 1063
524 523
472 1167
81 182
1049 753
675 283
511 669
877 9
578 579
91 3
479 493
243 1104
32 447
73 70
441 237
416 409
109 258
126 719
644 416
455 666
615 618
87 90
357 359
383 497
184 1144
289 1107
515 536
937 1282
459 492
848 453
638 643
613 141
150 151
366 858
930 1280
1023 1312
752 750
1034 1316
140 631
706 1208
674 681
1022 1019
487 446
1 27
701 555
1014 1015
165 166
505 729
994 628
782 1037
184 1131
976 988
227 226
601 553
1047 1048
1058 1057
144 1110
249 250
260 259
579 570
1051 1054
563 562
282 283
735 674
378 1143
844 846
884 882
874 868
574 576
806 819
382 900
917 915
68 66
316 317
192 367
286 145
1072 825
651 652
940 1283
295 1112
360 359
905 833
951 949
943 945
300 430
747 890
1013 860
685 686
145 147
717 718
635 685
366 560
377 569
430 432
832 1251
448 449
353 477
81 18
1061 1058
762 761
470 473
1042 1044
234 233
481 482
1013 1017
721 729
156 313
212 214
1030 926
1043 1045
453 914
184 268
38 34
910 1046
788 791
1076 1078
576 383
19 1093
346 186
818 819
810 815
322 323
861 1009
155 1121
268 1132
996 825
872 875
276 621
854 857
355 356
193 357
260 118
637 1008
884 885
308 280
898 905
377 379
418 417
756 821
389 390
699 695
651 655
71 80
939 942
410 412
28 118
18 562
134 136
681 683
86 208
294 1116
773 766
813 802
929 1277
958 811
185 186
226 224
23 124
766 1264
1016 1017
218 219
810 805
32 623
327 162
596 552
998 861
853 851
406 1158
669 950
665 1221
587 588
539 548
558 561
599 562
285 286
266 1136
318 320
609 612
433 386
607 422
856 260
1015 662
871 877
351 353
423 1190
621 622
653 654
632 631
713 705
86 1091
665 664
953 951
394 170
137 136
707 1204
437 397
147 149
894 758
217 101
977 1021
75 17
730 506
146 306
845 981
960 968
593 537
714 1218
571 369
483 485
723 732
976 1290
258 259
62 204
739 303
803 467
380 370
433 1192
634 1040
39 485
785 1239
901 895
44 42
1052 1064
324 325
51 50
509 636
736 678
113 407
469 1168
686 677
866 873
894 892
845 850
357 358
336 335
1055 1074
867 874
927 925
919 921
801 1278
872 580
992 990
944 950
423 424
434 619
942 760
762 1309
628 1256
525 328
748 751
782 627
602 1247
38 246
446 449
1078 1071
976 1023
123 24
215 781
458 688
750 158
455 1198
1000 1007
28 582
254 256
294 292
993 824
537 544
161 293
767 777
888 887
130 342
953 787
578 581
806 625
29 30
617 429
121 113
328 326
769 414
557 1052
889 888
52 13
892 893
404 401
571 578
717 1206
353 355
985 977
359 1142
43 49
696 694
116 119
152 221
117 120
729 727
945 1286
460 459
220 1102
597 873
1010 1011
1021 1020
552 541
697 816
223 222
1025 1026
928 419
497 498
597 585
9 6
257 256
527 525
560 559
140 610
229 1157
345 341
1065 1076
836 987
779 1237
870 720
246 484
138 133
1062 252
316 319
106 1181
334 224
508 489
13 138
90 92
116 230
681 682
611 617
652 655
123 125
411 412
214 392
454 490
353 178
932 937
753 1303
56 71
116 122
636 795
995 993
466 500
591 6
197 195
456 455
201 1095
412 385
409 1263
95 40
13 7
824 823
795 796
194 18
725 737
857 856
439 1193
54 389
608 826
860 1301
329 328
445 539
30 31
63 65
422 412
663 1197
1053 1069
592 594
920 917
210 263
637 745
891 890
783 799
656 844
643 645
374 371
63 1187
31 117
137 135
344 348
381 495
415 408
647 651
186 176
946 947
590 754
48 471
170 168
865 730
429 428
691 693
979 980
991 990
830 893
835 828
728 881
528 527
111 95
550 551
513 520
1066 961
130 1213
303 301
1061 245
293 516
34 33
865 864
406 1160
296 298
453 919
4 764
658 1195
1006 1068
347 349
1017 997
449 247
241 218
88 125
883 588
100 99
952 953
963 733
669 664
661 660
309 1180
133 132
923 782
675 680
447 444
626 824
986 987
798 787
213 771
188 189
57 523
247 275
719 722
967 973
982 989
1032 1317
728 727
221 222
243 240
107 236
1033 1039
295 143
875 867
909 451
448 1059
546 548
708 52
816 817
649 411
175 83
0 2
598 594
51 1089
582 586
642 637
95 1117
785 1241
315 1119
321 322
273 245
882 883
302 308
175 878
365 364
896 903
708 703
289 1108
387 388
358 361
115 45
612 1000
633 794
172 170
479 507
771 764
642 650
165 167
424 427
704 710
1027 1315
468 470
602 1249
465 464
1018 1022
835 906
800 799
220 224
1048 1050
778 780
542 540
65 206
305 304
783 602
158 779
472 1169
538 547
641 639
900 899
314 1120
1073 1056
619 620
970 963
381 419
481 506
169 276
921 1043
966 965
338 350
441 1164
937 1284
160 163
161 164
309 148
493 494
670 944
672 725
1034 1318
503 687
671 271
1054 1055
535 1175
305 150
189 347
1004 1054
860 1300
9 8
22 90
840 839
26 60
858 856
309 305
405 767
45 195
592 593
271 278
243 1100
643 415
667 1201
585 590
479 1172
2 89
323 324
855 859
660 849
781 1268
618 623
76 74
648 645
389 391
119 121
104 1128
413 110
292 1111
851 830
950 952
994 995
640 646
434 398
720 526
410 1234
54 1148
421 1262
455 457
683 464
1027 1028
256 656
984 986
766 1265
403 1232
1012 639
208 207
478 476
230 231
310 1126
477 480
489 491
723 249
759 760
791 792
190 194
390 219
817 701
274 273
334 324
223 227
559 262
296 297
275 274
52 345
211 747
307 306
258 450
5 4
308 307
61 21
636 630
887 886
858 859
923 925
391 426
1044 842
363 364
293 528
575 1184
193 181
913 916
46 19
185 177
698 699
425 424
470 575
396 397
129 282
576 1185
687 689
126 127
285 529
97 100
1038 1032
59 748
850 832
799 1279
796 632
979 982
764 765
827 1252
957 814
462 463
174 325
233 231
1022 1313
572 371
495 496
1005 1012
809 808
323 160
298 741
228 1217
528 529
462 1178
620 612
11 10
259 261
1070 1077
269 1156
1010 983
69 100
122 26
332 330
244 217
140 425
66 67
45 44
746 1267
666 1199
624 394
78 77
878 884
731 722
238 215
898 899
657 656
577 1203
752 1228
388 239
887 889
486 545
469 47
228 515
414 413
162 161
628 1257
144 143
583 599
1075 1061
468 469
602 1248
1018 1021
997 998
1047 1323
129 285
272 679
1030 1031
490 492
531 530
521 516
553 697
200 1094
203 206
1063 1064
121 402
781 1233
923 1026
515 706
605 1189
807 814
266 267
298 299
50 234
557 559
784 1242
468 1170
693 685
33 1
266 352
776 1238
852 858
579 583
758 585
264 1171
631 630
717 1207
933 931
483 731
664 663
103 101
297 1113
541 592
667 668
966 964
149 333
16 69
716 709
763 641
1040 1035
359 179
471 469
657 659
184 183
431 432
711 715
994 1295
742 739
965 488
10 524
518 702
1043 1321
252 960
767 768
726 736
457 462
530 532
6 37
291 286
888 1270
746 421
830 829
2 3
48 1151
8 83
833 834
52 1134
980 853
346 343
852 560
335 333
673 966
657 1194
940 938
265 354
649 645
69 70
773 1236
401 400
393 396
882 587
372 373
762 1016
102 103
954 957
934 899
716 1214
753 1304
918 253
443 109
467 466
438 439
487 969
915 1275
262 442
737 735
933 381
310 1125
996 995
781 778
201 203
500 499
458 682
1049 1324
471 472
860 662
869 518
331 168
784 788
197 88
556 552
795 797
130 709
267 269
534 533
508 1202
545 542
502 580
1057 1068
47 265
28 23
300 302
488 273
567 566
251 446
925 948
318 1179
42 43
95 198
902 901
341 339
1053 1070
39 37
166 78
45 1090
603 604
290 293
910 761
935 934
63 1188
685 679
596 601
936 935
420 1281
658 661
710 708
542 486
988 981
362 1146
688 689
947 800
134 139
888 750
763 1259
776 774
464 279
1035 1034
426 432
838 1014
1051 978
777 775
499 501
30 22
270 269
802 804
1069 1068
241 242
489 493
73 20
1072 1073
458 505
336 250
627 808
107 1223
326 322
533 535
789 1243
344 339
209 1165
639 638
610 611
70 72
949 943
343 1133
348 345
445 543
742 1220
839 848
423 1191
942 940
640 638
920 921
232 255
705 704
374 375
1027 1020
506 494
673 671
706 705
436 435
968 970
407 408
996 1292
1029 985
473 209
827 1253
794 795
191 87
776 777
236 238
623 647
876 864
558 554
258 262
536 535
1003 1053
793 951
11 12
626 1245
391 153
569 568
155 291
33 36
796 1246
893 894
85 82
696 501
96 97
463 299
250 271
517 535
522 879
617 622
132 135
111 112
538 594
402 404
690 691
723 725
717 1216
450 975
893 907
452 261
206 205
738 740
945 953
1037 1036
162 55
694 553
180 189
999 1009
1059 1060
490 494
531 532
670 461
136 1082
513 514
187 84
668 1289
243 244
564 565
187 349
227 156
177 564
20 92
916 229
837 988
919 914
17 59
58 60
544 442
609 608
773 1235
240 216
261 913
15 134
849 854
62 66
922 924
734 724
73 75
361 362
1022 1011
376 378
1002 1069
955 957
265 1140
833 1250
996 994
427 428
406 405
990 1291
1032 1033
989 842
408 451
741 740
1021 1023
248 169
1041 1037
23 87
233 46
0 598
247 246
242 396
403 1260
808 807
405 768
804 922
245 141
862 863
268 1155
313 312
885 883
606 385
51 46
111 1079
564 568
936 934
563 194
947 943
648 646
896 897
29 0
928 929
368 369
239 218
659 661
498 478
912 841
765 413
1010 1004
813 984
619 624
700 698
1065 1056
438 1162
962 963
744 740
823 1070
769 770
917 439
954 815
625 496
456 458
1028 1029
427 431
36 546
1049 1326
843 840
483 39
24 19
231 232
53 311
205 67
1031 932
68 61
869 870
120 108
300 304
71 72
82 81
873 876
540 550
581 588
652 648
584 593
692 684
104 105
862 866
600 866
1055 1001
128 727
93 360
756 561
695 694
378 380
459 454
666 667
138 139
47 1139
40 1118
486 556
182 181
938 573
1002 1003
577 939
452 450
12 35
732 733
524 704
681 279
204 205
983 989
463 465
993 1294
1046 1045
400 116
237 238
677 510
94 1087
315 157
684 814
275 615
626 1244
249 248
999 1305
376 1145
234 1096
157 1123
154 1182
606 607
832 833
315 314
610 613
847 260
398 168
337 338
340 343
752 1229
672 673
364 1147
638 451
650 654
642 421
392 395
154 603
714 711
174 172
825 1036
436 437
485 595
417 460
131 66
792 1258
329 167
895 578
200 202
211 440
192 198
772 773
812 809
255 254
101 159
1034 1038
761 763
838 983
805 806
503 504
855 892
