1192 1227
1255 1103
1138 1187
1247 1114
1287 1309
1246 1132
1161 1106
1222 1137
1251 1128
1296 1153
1200 1265
1126 1215
1245 1131
1189 1226
1079 1082
1241 1152
1297 1093
1242 1151
1291 1104
1316 1120
1277 1320
1281 1274
1306 1154
1178 1266
1280 1116
1139 1097
1267 1186
1303 1183
1112 1234
1286 1299
1209 1229
1202 1232
1110 1223
1185 1275
1170 1162
1109 1235
1258 1155
1273 1175
1293 1146
1240 1156
1248 1115
1300 1089
1310 1123
1279 1325
1208 1271
1243 1133
1285 1298
1169 1205
1302 1095
1180 1134
1257 1144
1177 1268
1124 1083
1301 1090
1254 1127
1220 1135
1288 1136
1148 1105
1195 1084
1163 1269
1282 1122
1239 1165
1199 1263
1292 1147
1168 1216
1249 1326
1230 1321
1312 1099
1190 1087
1244 1130
1198 1264
1207 1270
1324 1181
1284 1121
1311 1117
1172 1158
1221 1261
1313 1149
1204 1237
1213 1188
1308 1091
1253 1102
1111 1225
1289 1259
1191 1088
1194 1085
1315 1119
1256 1145
1322 1164
1250 1129
1196 1179
1294 1142
1203 1276
1108 1236
1167 1206
1174 1160
1305 1094
1211 1228
1314 1141
1166 1210
1113 1214
1197 1262
1295 1143
1118 1086
1319 1080
1317 1125
1140 1096
1171 1157
1290 1100
1283 1176
1212 1238
1217 1272
1173 1159
1184 1193
1307 1092
1278 1323
1201 1260
1107 1233
1252 1101
