18 17
306 304
838 839
246 964
308 530
29 32
787 793
19 18
60 19
371 177
343 344
642 640
676 553
41 42
765 1119
376 377
643 641
74 75
114 111
152 403
365 367
465 454
455 935
336 340
409 410
118 117
731 726
655 1145
82 51
21 41
701 703
40 54
399 401
451 448
123 88
443 444
84 920
475 476
702 704
167 509
449 1012
158 311
173 174
596 1031
750 1089
505 504
756 760
702 789
47 34
118 94
509 510
800 802
239 240
749 1165
240 241
361 351
222 681
305 307
564 567
527 1057
170 936
575 576
594 589
694 676
346 344
210 334
808 1192
608 609
48 915
670 1078
752 659
641 642
581 368
410 629
197 1159
663 666
198 831
675 676
135 137
127 133
90 925
308 101
805 1136
456 1131
398 403
424 541
471 473
442 446
441 450
336 922
504 506
239 989
167 512
218 557
286 283
505 507
37 109
538 540
319 990
792 685
526 157
446 48
837 836
464 1085
312 313
91 85
290 294
740 1168
313 314
582 1076
72 71
43 44
23 969
121 903
346 347
85 126
427 155
637 639
92 58
150 148
245 1059
194 190
14 897
595 1028
744 742
57 41
748 749
476 290
82 888
543 1103
478 479
157 164
710 722
810 809
155 469
829 822
781 782
260 256
540 539
743 1164
518 408
770 772
247 179
525 303
46 45
577 578
57 54
3 83
49 50
356 350
607 606
449 923
208 79
333 339
621 626
263 280
115 116
439 1036
121 52
499 492
747 743
160 159
211 210
762 758
263 257
422 430
583 347
104 120
223 449
244 243
474 476
754 759
846 842
245 244
92 905
237 240
277 276
809 811
300 296
341 68
117 180
560 1015
581 580
297 821
584 585
292 297
662 1062
627 1041
688 791
563 1056
614 613
324 365
647 646
348 349
421 419
525 656
268 60
151 149
764 758
661 665
60 67
786 696
713 712
42 135
165 843
230 1009
735 736
726 13
706 709
830 1153
757 754
687 695
458 463
498 499
477 476
469 472
844 535
184 605
780 779
522 1158
701 77
404 199
255 256
16 877
834 835
805 808
749 647
318 317
499 63
370 98
580 582
620 618
81 80
131 575
581 1077
683 679
114 113
646 648
106 109
272 178
37 949
626 410
90 924
668 672
249 1097
779 768
118 119
521 1147
422 616
169 170
720 718
418 911
809 1141
436 779
694 1074
682 691
531 824
750 1091
235 236
554 398
751 1092
786 784
517 516
509 512
549 548
520 521
361 88
235 537
95 234
658 311
47 157
805 1184
54 53
261 266
133 117
239 98
520 642
482 499
641 523
317 319
32 973
278 211
708 698
734 836
369 1003
390 388
289 979
671 1081
742 323
176 177
783 1114
737 738
364 1130
191 192
490 488
674 1063
209 475
600 1034
106 462
793 791
501 503
660 527
541 539
593 586
137 77
117 248
823 819
576 124
804 805
772 1118
0 193
74 142
329 103
114 852
309 310
617 426
341 342
336 901
619 615
652 649
178 729
625 1040
60 99
146 139
107 31
633 635
72 73
111 1084
386 385
583 1079
17 30
621 1047
244 1060
381 391
284 724
288 874
740 738
212 210
194 192
464 956
777 778
788 787
175 35
283 391
548 545
519 518
271 273
843 844
1 3
26 176
340 223
573 574
385 374
552 551
70 219
596 594
666 1067
553 1010
368 327
518 760
78 79
83 868
79 80
691 687
90 89
370 372
414 415
352 354
682 229
438 543
112 113
246 1096
734 1179
249 118
230 1008
763 568
385 387
673 674
39 128
145 146
757 753
459 458
739 741
138 143
437 439
477 475
322 309
200 203
234 870
764 770
815 1144
818 1155
126 927
824 820
323 538
344 332
738 1162
714 725
545 767
211 333
318 316
396 644
413 59
838 611
828 826
768 781
551 783
755 1107
251 262
448 690
2 869
311 312
96 244
573 577
93 89
33 160
51 357
78 82
89 91
728 721
416 980
140 142
736 841
553 231
491 485
669 671
181 179
69 383
196 195
775 774
604 1072
214 212
26 12
746 747
325 345
649 405
119 96
270 265
343 335
48 72
812 813
4 2
255 258
562 558
766 1111
14 15
627 624
845 846
484 495
15 16
55 52
815 823
214 225
838 843
144 17
236 100
534 846
48 49
367 934
650 648
661 657
106 255
283 711
432 425
296 501
743 812
416 417
673 1125
782 394
98 27
569 515
668 674
40 22
46 1005
620 188
177 27
104 43
461 460
600 1033
140 145
221 219
213 215
166 957
184 188
461 954
512 511
483 484
494 493
721 132
204 22
810 735
287 285
819 820
250 254
119 966
584 508
49 84
345 900
601 597
408 202
280 282
184 165
32 854
582 583
502 474
765 1113
435 155
834 804
612 611
293 745
664 658
615 616
583 669
648 649
630 1046
622 1042
678 677
205 201
39 52
288 873
412 414
711 710
10 25
475 470
755 753
774 766
252 461
413 415
445 447
77 200
468 287
245 952
479 481
563 560
256 143
388 70
146 128
493 501
233 1099
283 282
15 876
736 1161
627 437
555 1006
618 617
264 268
446 919
6 9
536 992
490 467
837 840
834 1180
455 366
534 659
113 108
320 321
352 353
611 613
652 651
183 172
837 1190
530 661
111 1086
360 887
290 154
11 181
281 450
401 781
430 21
419 420
291 500
699 703
751 750
171 175
827 1154
721 727
452 453
700 704
126 926
208 587
776 779
420 506
615 187
778 1117
806 807
256 254
679 473
839 840
818 817
238 242
591 509
559 148
123 929
821 822
799 803
23 24
560 149
767 1116
708 801
625 623
56 57
445 921
359 360
640 522
566 573
6 879
337 341
110 33
636 637
101 64
688 684
350 167
669 670
724 722
23 37
86 880
508 1018
426 427
185 184
529 668
814 1146
45 555
459 460
218 217
489 488
402 154
513 516
234 1101
188 496
543 544
794 800
390 710
525 526
818 1157
686 443
130 262
576 577
547 550
539 546
329 327
832 1176
71 68
655 1171
158 301
120 454
673 666
306 320
459 944
110 939
418 912
783 775
163 164
631 418
116 955
724 725
223 443
725 281
247 248
226 225
277 270
768 773
259 258
561 559
765 1112
841 842
242 25
33 31
442 50
249 967
58 124
232 914
295 296
451 284
487 466
627 626
358 730
66 64
818 1160
303 156
438 1104
40 191
537 997
129 943
719 708
350 353
132 130
607 423
391 390
421 907
383 386
690 686
100 183
424 423
143 144
122 121
44 138
78 51
605 620
597 207
191 193
46 1007
461 462
261 257
73 731
173 180
405 652
265 263
766 694
505 510
341 896
545 546
604 632
546 547
578 579
58 55
789 799
291 293
331 329
12 878
360 886
623 622
465 1088
277 479
202 76
457 940
379 383
281 714
678 679
693 695
288 875
64 492
369 310
176 181
796 792
266 712
227 226
745 746
737 742
257 254
810 812
401 155
19 318
425 777
541 543
844 846
615 608
154 399
130 945
566 572
368 1002
629 628
833 1181
327 326
319 322
730 716
134 133
681 680
737 840
663 662
563 1069
640 1172
264 18
439 1039
415 416
416 906
718 719
160 162
220 213
472 434
751 752
827 1156
95 38
481 482
522 520
640 655
485 489
136 484
61 161
830 672
482 483
555 553
785 786
264 260
342 445
30 29
52 53
31 30
756 1109
662 1065
115 109
355 356
392 832
606 612
127 119
388 389
367 366
601 1027
400 399
111 116
395 549
325 899
454 455
705 711
215 209
455 456
474 469
735 739
156 159
547 804
27 14
811 1142
186 187
189 192
590 356
521 522
232 419
532 531
219 220
494 275
252 253
395 647
555 556
506 514
343 902
817 147
639 635
285 286
70 69
617 616
816 825
588 589
631 1045
297 153
402 398
125 126
546 1122
122 120
504 976
654 655
362 892
727 87
687 688
719 720
406 409
717 567
10 1083
450 452
91 928
817 1148
321 981
203 202
241 988
47 857
217 222
524 293
793 683
556 1121
248 968
11 9
460 250
585 510
524 643
748 653
87 4
151 1071
572 576
705 282
357 358
625 438
55 56
93 168
387 386
369 368
348 1068
397 552
321 971
464 462
22 0
333 387
756 755
21 422
35 994
245 953
364 904
654 743
760 761
427 435
549 806
477 292
582 345
289 586
711 724
197 1177
523 524
257 145
608 195
586 585
536 993
557 558
411 324
320 322
609 196
380 373
619 618
590 591
835 1182
285 220
352 884
227 215
179 175
161 535
599 1026
160 161
707 708
584 1019
172 171
1 847
493 492
224 218
533 299
330 385
763 761
820 1151
533 829
788 790
588 1030
560 559
497 619
571 568
603 600
740 1163
822 824
342 336
334 332
326 328
552 554
103 319
551 1120
182 728
359 361
98 240
65 63
312 20
97 95
514 420
659 658
780 539
669 1080
468 798
360 361
433 431
681 682
412 408
131 129
86 881
102 331
614 1037
714 715
444 216
83 848
483 144
316 970
178 182
588 1020
241 238
286 389
492 494
532 530
511 507
762 763
222 224
657 301
548 394
53 43
784 787
378 99
103 309
25 326
198 397
610 607
844 1188
696 795
351 123
457 104
732 717
76 412
128 459
29 108
382 375
606 614
64 65
396 395
94 173
738 1178
703 137
138 136
429 428
66 376
400 401
451 452
423 204
517 168
454 457
484 485
424 205
542 606
795 786
487 490
88 930
444 448
356 564
229 231
752 1095
247 959
802 803
602 598
532 533
764 776
151 1070
790 797
562 561
37 38
562 1055
304 302
112 855
587 590
67 66
538 734
507 975
712 706
545 1123
133 132
683 684
362 894
373 378
589 1022
548 1133
436 434
716 717
70 722
199 198
205 623
796 453
502 500
575 570
139 39
720 579
616 607
7 5
325 580
38 258
816 817
331 330
650 641
561 563
653 646
332 331
723 73
656 657
417 1049
354 355
112 1087
168 573
417 411
438 205
420 974
449 443
605 611
668 667
107 105
379 384
567 355
731 723
693 1105
442 440
458 942
86 167
132 134
495 186
431 430
494 486
593 1023
77 203
435 436
226 677
727 730
187 191
772 1110
486 487
478 483
71 16
745 747
697 707
716 720
544 1102
709 272
158 20
338 216
534 1094
542 540
2 1
200 431
316 871
512 517
354 80
210 295
239 996
831 1173
807 550
315 991
670 581
28 31
164 858
558 1014
279 287
538 547
773 679
638 634
58 59
842 1187
404 403
91 92
288 228
838 1189
298 650
405 404
644 649
124 125
656 660
61 185
802 714
375 381
674 528
28 44
393 551
134 965
448 221
243 1100
10 898
115 951
660 751
441 447
213 211
263 706
212 215
535 985
223 224
149 46
384 178
92 415
7 865
526 527
537 536
744 749
597 587
9 8
515 517
565 634
0 862
352 81
710 729
752 1140
592 593
10 237
342 338
733 1126
374 370
45 231
593 594
604 603
108 107
741 428
378 376
168 566
558 343
624 437
644 1169
86 353
628 407
480 280
440 207
691 692
613 1038
142 141
672 1124
3 849
204 610
700 697
733 465
594 1024
363 1048
595 1025
208 207
758 759
665 531
821 815
508 504
79 592
481 486
34 32
544 542
792 793
24 18
562 825
307 306
242 1000
825 826
297 298
729 709
300 532
308 307
340 339
362 363
322 1001
369 667
836 1185
503 487
362 893
837 1186
698 699
425 424
197 151
407 406
488 480
59 74
731 732
42 21
570 140
116 464
182 180
511 90
460 948
462 463
797 453
278 382
35 246
68 14
495 496
88 932
214 217
193 194
827 826
185 190
757 761
366 122
814 1152
496 497
528 529
254 146
839 836
379 177
579 351
569 566
809 664
613 609
159 30
295 299
503 477
241 328
614 610
604 1054
386 337
813 819
325 327
595 596
99 100
366 364
489 700
129 128
34 156
6 960
313 739
84 916
806 1166
721 713
384 390
196 190
528 663
447 446
348 961
466 279
269 259
224 1011
433 776
147 153
760 762
81 882
753 637
406 413
534 1093
845 311
741 748
537 1098
432 407
667 1064
233 234
273 270
810 1149
845 841
5 864
568 569
835 833
688 634
618 426
557 559
753 1108
601 602
174 269
299 300
166 36
107 853
835 1183
602 603
634 635
127 947
481 276
364 365
384 380
354 357
394 393
697 467
689 692
62 859
20 188
630 1051
56 141
531 291
207 50
421 913
431 432
259 97
785 701
771 766
162 164
206 170
648 402
201 622
797 796
829 828
571 75
93 414
123 931
228 230
800 801
315 872
169 409
2 3
833 834
253 259
638 515
519 1052
35 36
831 1175
828 346
574 350
338 339
799 697
629 631
68 69
734 833
457 933
586 589
371 372
326 895
622 628
154 294
101 102
328 330
807 1167
102 103
353 359
434 433
194 860
685 689
656 662
696 698
135 136
516 93
745 739
588 1021
715 567
692 440
347 671
472 702
13 8
535 987
231 230
556 552
16 13
803 801
7 867
242 999
785 789
42 187
276 274
266 718
828 830
840 841
570 571
651 645
94 233
268 269
260 265
529 310
349 1017
592 595
746 653
372 183
75 76
733 1128
815 523
633 632
397 392
677 675
612 429
190 62
110 856
227 209
505 977
626 629
65 67
373 183
790 471
621 1044
419 909
470 466
62 937
153 152
700 699
773 769
265 478
765 764
185 189
736 737
769 771
693 632
236 536
524 823
197 199
238 237
299 332
799 798
791 794
303 302
417 324
274 275
832 831
5 6
639 638
89 85
50 917
557 1013
599 601
672 671
359 885
469 491
349 166
665 811
788 473
392 393
196 863
147 561
229 222
676 682
407 408
195 0
480 478
202 762
36 995
440 441
820 811
772 771
171 173
150 199
20 498
255 252
794 795
204 206
776 777
110 162
506 507
778 1115
367 169
269 271
666 1139
8 7
44 189
11 12
22 170
237 998
528 1061
376 375
393 1138
624 625
163 941
96 97
355 208
556 198
521 1143
314 664
4 889
305 63
723 725
314 291
162 163
485 704
57 406
705 707
392 396
102 377
150 45
800 715
633 687
819 814
813 654
684 769
228 229
273 380
636 1106
572 75
513 514
564 565
525 982
5 866
317 315
597 598
358 87
526 983
577 125
414 513
767 780
617 612
630 631
816 821
9 958
774 675
47 984
832 1174
105 28
580 1075
95 243
664 665
114 112
756 519
667 670
394 395
261 131
409 411
693 1073
599 1029
62 861
427 428
456 1129
161 165
806 1135
418 910
321 303
603 1035
1 850
87 890
774 773
596 1032
750 1090
267 713
36 26
812 1150
247 246
279 278
250 251
578 574
797 798
29 23
829 830
808 807
301 302
652 645
645 520
315 236
733 1127
755 508
334 335
345 344
585 591
166 1016
685 678
527 1058
294 298
152 214
387 382
680 226
842 1191
621 1043
113 115
289 978
759 784
782 767
445 444
397 404
497 491
124 129
744 740
732 357
83 851
467 468
726 728
186 189
456 1132
232 421
500 501
519 514
347 1082
673 1066
814 813
253 251
452 689
747 643
131 145
540 429
34 972
691 598
825 827
651 153
389 382
134 946
599 600
550 744
301 305
442 918
104 105
363 365
316 24
105 106
544 1050
695 694
636 1053
138 139
163 986
437 206
61 938
182 181
310 1004
794 565
808 1137
458 121
243 950
429 323
463 465
496 498
278 275
249 248
262 267
400 646
510 289
396 1170
4 8
292 295
271 272
324 363
304 305
754 770
647 644
337 338
439 206
377 374
628 630
267 130
82 84
370 371
381 380
358 891
661 663
141 139
225 398
632 636
152 148
251 127
221 284
778 201
174 172
686 692
348 962
274 375
81 883
349 963
680 690
780 777
804 1134
783 782
232 908
470 471
502 503
33 61
233 235
218 335
339 216
637 584
15 12
775 554
