977 1174
1175 1064
1073 989
1015 1185
865 1088
926 1171
942 1161
962 1084
1033 1016
1115 970
879 1086
1026 1041
979 1173
919 860
1028 1047
1035 998
903 1162
907 1059
932 1143
1114 1001
898 858
1014 1188
895 941
1054 995
1083 857
945 1152
921 859
958 1082
1120 1004
1134 1058
1133 1062
886 1148
849 1129
850 1128
1013 1189
1029 1044
875 1050
963 1087
1012 863
1117 971
980 1167
874 1039
899 986
902 985
1105 993
1045 951
877 940
1103 984
868 1056
869 1055
1076 1094
915 933
1011 1038
906 1168
888 1132
880 1158
900 987
1072 996
943 1150
944 1149
892 1184
1136 1090
884 1155
1111 990
1025 1048
968 1124
889 1154
946 1151
1121 1003
881 1159
1053 994
912 1137
1110 991
1126 1191
897 856
953 1092
885 1147
896 939
1122 983
1051 950
1009 999
960 1079
901 938
1023 1071
929 1146
1010 1000
1116 981
916 935
894 1182
882 1070
883 1069
925 1169
918 862
928 1165
1052 1100
975 1170
923 861
1040 973
1049 1192
965 1153
851 1131
867 1127
887 1160
913 1060
1108 1098
1046 949
1008 1102
891 1157
956 1095
954 1140
967 1125
864 1085
1118 992
1027 1036
1018 1097
922 937
1123 982
924 1172
1074 988
955 1089
1112 871
974 1166
1109 1101
904 1178
927 1164
948 1141
1119 870
876 853
947 1142
1113 872
1031 1068
1130 1190
930 1144
873 1037
917 936
1032 893
1006 1002
1020 964
905 1163
931 1145
1106 997
920 934
966 1139
1104 972
878 852
1019 1096
978 1177
890 1156
1107 1099
957 855
1042 969
959 1081
909 1135
1030 961
1007 1179
1138 1061
1075 1057
911 952
1176 1063
1005 1181
