-1.099330980860909052e-01 4.706348164409211443e-01 -9.298235887768385721e-02
-4.852865832877858443e-01 -4.808282758910961685e-01 4.689621354015372640e-02
-4.892365748818306992e-01 -4.579157627582162160e-01 6.248401160335272098e-02
-4.901036598188058258e-01 -4.819057781743648072e-01 9.368885646780747423e-03
-4.612118633576632321e-01 -3.708546568879656502e-01 1.400484052190254514e-01
-4.727703820700962511e-01 -4.764181553489775789e-01 2.322539701302734072e-01
-4.641446425888642868e-01 -4.410419396642840661e-01 2.476576553841496886e-01
-4.618596863878534631e-01 -4.758362628840680508e-01 1.760682826761295894e-01
-4.434948196533386455e-01 -4.274960230868357636e-01 1.888633790394127487e-01
-4.457125638618856245e-01 -4.202838458071234129e-01 2.367359544645379066e-01
1.023861253323403719e-01 -4.639926147760293218e-01 4.414459156118504812e-01
-3.315413194209038683e-01 -3.590828905277561045e-01 2.438482387638237492e-01
-2.410903632813660713e-01 -4.321725103672562351e-01 3.006083641508480175e-01
-3.579857863481550329e-01 -4.005677621407220390e-01 1.825878557935909086e-01
-1.329099984966871095e-01 -4.316530002036034763e-01 2.593062453975253923e-01
-1.822726845323016931e-01 -4.599902420744743647e-01 2.423714857982458004e-01
-2.425816308480006345e-01 -4.534579717920828590e-01 1.420213734781416437e-01
4.949527231307956909e-02 1.680087179664374597e-01 3.393764524045098652e-01
2.660602047937688647e-02 1.447813918366112340e-01 3.571916625774718135e-01
2.557874210565449710e-02 1.328148761894171748e-01 3.839982421564595017e-01
2.079566949523841413e-01 1.955385879522657522e-01 8.441552332780216661e-02
-1.417742709064044870e-01 2.558119474769217083e-01 -1.909366516787928125e-01
-1.525942393290251053e-01 4.121092729522287113e-01 -1.827746592908533196e-01
-1.968875808688413942e-01 2.243411415673319809e-01 4.775763819974573332e-01
-9.599334350997969223e-02 1.537789200041855542e-01 4.426150246334546456e-01
1.033171013613335687e-01 -4.247032993036954918e-01 4.459878659799765832e-01
-2.160765756980125296e-01 -3.703316661385757658e-01 3.635422032084923982e-01
-1.167195652119806526e-01 -3.614727959908852206e-01 3.405169923532777587e-01
-2.005212378207698876e-01 2.912516501638408029e-01 1.653446535657056293e-01
-1.220573894784124647e-01 3.696556344490530832e-01 4.103848523849944474e-01
-1.621362338614220494e-02 3.652460640182869089e-01 3.403552977703114268e-01
-4.188601054950198688e-02 3.878572692130144439e-01 3.093174959427159032e-01
-7.478157216047200129e-02 4.020608407019023445e-01 4.739565418116847839e-01
3.344296952420846430e-02 4.265468028098494679e-01 3.021832949490096953e-01
3.838788246783203517e-02 4.293097216491209567e-01 4.606907562682853730e-01
-2.844813780543450910e-01 -2.971244399702514527e-01 4.572453905974017130e-01
-2.266371130713602522e-01 -3.773653226595802268e-01 4.511107873809638291e-01
-2.394004317474113797e-01 2.347864730911780051e-01 4.615173117917876766e-01
-2.569912278355905300e-01 1.082847134418360446e-01 4.124555979258117677e-01
-3.289803781023027951e-01 1.184367137238449968e-01 -6.948595111968129678e-02
-1.880099930510267803e-01 3.514698549559056029e-01 -1.161357831214420572e-01
-1.702201515002300103e-01 2.526882501940458381e-01 -1.656867442252558387e-01
-1.506845257844459107e-01 2.309499218269038257e-01 -1.163459608512133064e-01
-2.194539533377686535e-01 3.286591551693954782e-01 7.673130227923152802e-02
-1.803551542185337919e-01 2.692640673360016113e-01 1.030331415840364945e-01
3.020323093469727271e-01 -3.919519640312910114e-01 -3.330922824917212921e-01
3.689386130455917234e-01 -4.416897444085666202e-01 -3.058939784164406150e-01
9.096056132980756548e-02 4.519120619177229847e-01 4.443695764634071899e-01
-1.810152650956634579e-01 -4.566524423370244556e-01 3.521555894038438245e-02
-3.178809870986686881e-01 -4.719091727377216494e-01 -1.360064605450259090e-01
-1.909814482966665505e-01 -4.635560070884312545e-01 -1.564053302929211131e-01
-3.601545010759736321e-01 -4.362819269170337688e-01 -1.298713028080635823e-01
-3.503685569067227501e-01 1.776324541372599486e-01 -1.100350687714055642e-01
-3.034222339565544324e-01 2.986856693195064083e-01 -7.418022951406935683e-02
-2.526153272048380916e-01 3.061328651090310937e-01 -1.206546263541877356e-01
-3.362998070348745538e-01 1.335327701742628492e-01 -1.227515020060472584e-01
-2.905013263822230352e-01 1.598803341719733095e-01 -1.483830397535058632e-01
-2.564579581823769883e-01 2.495742723731270429e-01 -1.730192025067518458e-01
-3.712997017414054191e-01 1.026116263338919810e-01 -1.562185459991089764e-01
-3.389308404606782288e-01 1.171838034058041433e-01 -1.883156845644569366e-01
-4.460628654546736072e-02 -2.668094802530675269e-02 3.086545210937158834e-01
7.431585688143163559e-02 4.383431828714614009e-01 1.626033854442627269e-01
-5.579846024911523650e-02 4.913553665373046053e-01 1.283042548514594025e-02
1.159881519085612517e-01 1.260815491959729473e-01 2.600227514415137664e-01
1.256218149184703814e-01 -9.151957184331457884e-02 2.557372450521269713e-01
9.189825605738088932e-02 5.162889297082400714e-02 2.745109698498796602e-01
4.767300367381045040e-02 -9.980267463318105714e-02 2.403610565292602086e-01
2.576123393183650523e-02 -5.085212182632337097e-02 2.645770785561846195e-01
-1.194152248160823548e-01 -3.902274316804126841e-01 1.290510968202051578e-01
-9.848044860095131470e-02 -3.561949719918687807e-01 1.299434358823651769e-01
-1.175051508080820067e-01 -3.320498262411085144e-01 1.077563416013985059e-01
-1.684204876485171365e-01 -4.224397116124720686e-01 8.483405017325643116e-02
-1.851844801733943946e-01 -4.204988534471986728e-01 4.681228098384923597e-02
-2.081384362572669677e-01 -3.914283466262424849e-01 6.089916069465937942e-02
-2.924698756546613154e-01 7.218943983553333110e-02 -1.626593543115284202e-01
-2.895136454896434230e-01 1.563885118553452747e-02 -1.516717450203279860e-01
-2.931468485365340548e-01 6.067440828949923620e-02 -2.375272295955790924e-01
-1.112560349474848859e-01 6.161533932624441851e-02 -1.809307066337416670e-01
-3.721343042037016380e-01 -4.242540937739267548e-01 -1.532092114585070775e-01
-3.426415476614780853e-01 -3.870016063501767190e-01 -2.013103606255242095e-01
-3.922369382040120644e-01 -3.693896022368253207e-01 -1.618177803487360067e-01
-4.698547111891102634e-01 -3.244343186932403533e-01 -1.632407329169084653e-01
-3.804288926250989911e-01 -4.647308715764022491e-01 -1.259233379322971247e-01
-4.745450860092003675e-01 -4.933140924725186727e-01 -6.603721630720869873e-02
-3.539313926901676566e-01 -4.838482053583573750e-01 -1.255114758029901856e-01
-4.788863306267512887e-01 2.264214620378402973e-02 -1.811683170765231166e-01
-4.815435044689296840e-01 -2.217027208754012157e-01 -2.131244212875908484e-01
-3.682001350472852708e-01 -3.099040752041766766e-01 9.527255987206093013e-02
-4.798822739500264167e-01 -1.762259501848925103e-01 -9.064255119532386995e-02
-4.760549999139914723e-01 -5.051723727769638975e-03 -2.183022134229963551e-01
-4.780765549358391708e-01 -5.404350595377720862e-02 -2.514745283182323599e-01
-4.742802139633575664e-01 5.350926868586548812e-02 -1.960920374979376601e-01
-4.250963571018066545e-01 1.268120277851789712e-01 -1.937586661168118063e-01
-4.091578510522968504e-01 -2.746361655842248506e-02 -2.501555111826461175e-01
-2.916897813686848973e-01 7.686861269751137787e-04 3.590270895646626159e-01
-2.821938139912227306e-01 7.865543241988928735e-02 4.147564232821750463e-01
-3.331747492492765916e-01 6.272979125753339047e-02 3.360221513629697010e-01
-3.118786090358751650e-01 6.272125100406492071e-02 3.428642471144679460e-01
-6.254424074341102813e-02 -3.461066502413091550e-01 3.946227368300396221e-01
-6.020182228039194089e-02 -1.085543253687472759e-01 3.526797283909782754e-01
-9.430561136857353033e-02 -1.279956267686089832e-01 4.067223725537305046e-01
1.747651140369670120e-01 -1.325242087856919604e-01 3.159591734349682102e-01
1.339782795931394599e-01 -1.885611285998538000e-01 3.245242005340447378e-01
1.660255588650479119e-01 -1.684639490505034920e-01 3.549630398671660969e-01
-2.675037654993297487e-01 3.538619750256361551e-01 1.189379599478312122e-01
-2.499578285415772483e-01 2.931177086324340264e-01 1.584389894235911922e-01
-3.002351082053428266e-01 2.613599252697760278e-01 1.945378759361744148e-01
-1.475991063068908815e-01 4.140731512366447875e-01 2.955922591674846611e-01
-1.880552609465197533e-01 4.159725049326821189e-01 3.371184291685952461e-01
-2.761224140102769287e-01 3.174814632370165923e-01 3.842262368361394897e-01
2.410858508847845555e-02 4.635864839946027272e-01 3.064396093801277643e-01
-3.419402503331969712e-01 4.749908420813173104e-01 3.879035062683255930e-01
-2.700630000067881786e-01 4.706746668750567686e-01 4.341197977090761051e-01
-2.604078501621562292e-01 4.440059177974203242e-01 4.145711983630799846e-01
-2.788731525505659392e-01 4.764549042541230683e-01 4.167691720451265902e-01
-3.079642569019192533e-01 3.800069525700506823e-01 4.105616759913233160e-01
-3.847068087867612229e-01 4.110394935669234862e-01 3.815545896255362335e-01
-3.865226691995161112e-01 -1.565231621537732376e-01 3.204860404429781262e-01
-3.698688082470346083e-01 -4.177242740042787922e-02 3.482572598191778224e-01
-3.681094187283145969e-01 1.926660173090205888e-02 3.141641498195444360e-01
-3.099582265818179305e-01 3.577366579597108243e-01 1.031136539390249685e-01
-4.197823281595920997e-01 2.310335624612507299e-01 -6.210978578478386358e-02
-3.710117241075651107e-01 3.381534250418679055e-01 -6.355096964494107159e-02
-4.776307023040990418e-01 -1.275929065724042688e-01 -5.766792713910349338e-02
-3.952658365957369968e-01 3.239780942617043191e-02 -1.091275031471833357e-01
-4.413267780320326295e-01 1.225506023654663115e-02 -1.397675650458830299e-01
-4.851256741052968890e-01 1.492068323377390184e-02 -1.465291458013494863e-01
-4.181828216019045641e-01 3.371012087120640877e-02 2.289571830927766560e-01
-3.579703581106349897e-01 9.241898773966268632e-02 -2.855824291659833647e-02
-3.950984275302585336e-01 3.513867199849956408e-02 -6.550148218589853244e-02
-3.763286086854478185e-01 -9.946551332707084803e-02 9.311081903359147427e-02
-3.314038687224941659e-01 -4.213284947576009104e-02 1.474765328544573595e-02
-4.108030837206045338e-01 -1.066180473494913322e-01 1.296065685494368347e-01
-4.428448488963468432e-01 -7.948240212335114241e-02 1.708619846235674700e-01
-4.653636366694851034e-01 -9.591737523644820740e-02 1.456570194991946843e-01
-1.339421199282894159e-01 1.349604073514190650e-01 -6.675910244348107203e-02
-1.159441774390486402e-01 1.438531411773130431e-01 2.006503886815239751e-02
-1.105552107143922130e-01 7.559280348563883478e-02 -1.144245799014451392e-01
-1.627054431771766396e-01 1.573995405088207955e-01 7.440625348372978398e-02
-2.750676469729901874e-01 1.106960913557442916e-01 -2.764234924737588028e-02
-2.408157580950775478e-01 -1.092704989733760644e-02 -6.643515642881089867e-02
-2.527001818848760850e-01 1.027397680395968765e-01 -7.944043942362426225e-02
-2.236030602980398074e-01 5.649293832214725974e-02 -9.461915411686305788e-02
-1.671276648504332052e-01 1.502194450710303830e-01 1.308740949079602867e-01
-1.246442772019044215e-01 1.294340560490071790e-01 1.394709657749338139e-01
-3.066723212861404146e-01 -1.738863970979360324e-02 3.306186183646336874e-02
-3.016598171677515872e-01 7.206678835771222758e-02 3.707133489007129190e-02
4.184517735371984237e-01 -2.968707194319393783e-01 -4.487451074733291717e-02
2.810578777156927943e-01 -3.707299578219896419e-01 -1.564294532007677874e-01
3.904036658314565811e-01 -3.952775904624522552e-01 -2.600267256942078165e-01
3.465919931292903433e-01 -3.616853835182278765e-01 -2.903891275744300282e-01
4.686616468896803722e-01 -3.357619304808686644e-01 -2.701139950537292944e-01
2.710521250907179658e-01 -3.079587100158055479e-01 -1.307330160883071191e-01
3.374323539978344444e-01 -2.517651376345153014e-01 -8.146211442077747056e-02
2.270143897886890139e-01 -4.042302422225044906e-02 -1.346715719688144630e-01
1.011798053963955807e-01 9.653959607003845256e-02 -1.994437873029930863e-01
9.467232074508417916e-02 4.243395541115596581e-01 3.964948286881700978e-01
9.778682273984481976e-02 4.390788406181327375e-01 4.085515470554484940e-01
2.386693651971199814e-01 2.082566951900835517e-01 1.453481560664518779e-01
6.068608312603564203e-02 4.075042341614190655e-01 3.531707865082223674e-01
8.139270694667252726e-02 4.289276283863212025e-01 3.159004244323800337e-01
1.379056545214116525e-01 4.163393076952494054e-01 1.781115569253408637e-01
8.894898680178121853e-02 4.618730066663626621e-01 3.642299829019729485e-01
1.254974819675997999e-01 4.848308479767580170e-01 3.929219637204784954e-01
9.914031534329417750e-02 4.808619534837998977e-01 3.873775375412544797e-01
1.866666160244004058e-01 3.842361677795263497e-01 1.106074881565239504e-01
-2.495563475557629196e-01 -4.563907869409626894e-01 4.846322186463039028e-01
-4.532004629734775469e-01 -1.840181424469123084e-01 -2.484203183123917247e-01
-3.796900043866048846e-01 -8.852395559497178157e-02 -2.163401696684522368e-01
-2.965420050581038525e-01 3.884754560602075024e-01 -1.854144151439610644e-01
-1.882260462678299606e-01 4.396262309769028986e-01 -1.901957589299899110e-01
-1.927977746734846343e-01 -1.282130074493840199e-01 4.233853183147721078e-01
-1.361871946613955053e-01 -1.373394118216143545e-01 4.081696686407358943e-01
-2.314606481056357135e-01 -6.586056409911057730e-02 3.577685617125494488e-01
-1.865007342997485884e-01 -5.571323292017732465e-02 3.400833716579700905e-01
-2.713739369260187995e-01 -2.613414599287681717e-01 3.872994253341813242e-01
-2.180011919911778728e-01 -3.259277174066415594e-01 3.430588342513323230e-01
-1.427565939820867602e-01 -3.223117784634214056e-01 3.249544720498051542e-01
-2.279687775968528840e-01 -2.090013009952137457e-01 1.983728823566968946e-01
-3.188700878953575901e-01 -2.498051131888557874e-01 3.399338125132840283e-01
-3.074482797434030523e-01 -2.116763311275758064e-01 3.152911272575331658e-01
-2.984625263868622702e-01 -2.872579554973101468e-01 2.985116173516449978e-01
-2.784055468665724842e-01 -2.433234315894700350e-01 2.490677873876394888e-01
-8.268820183519527689e-02 -1.579266802758994559e-01 3.694588613191772675e-01
1.649386385755025330e-01 3.537296822713854039e-01 6.190281744942838227e-02
7.593501084567207127e-02 4.219696016754208578e-01 1.012266762857661762e-01
-7.931195789612341396e-02 2.061660227030733816e-01 6.536236709694357057e-03
-8.810635808589058204e-02 2.219529213273004897e-01 -4.288217388674953057e-02
1.298460621527688930e-01 2.141546219953108510e-01 2.934856579727806308e-02
-1.658653277608775622e-01 2.819837031301085650e-01 7.013342219409268719e-02
-3.969037355931308297e-02 4.589551585287723334e-01 -3.985656515875617145e-05
-1.551590476230315652e-01 3.381521918040293340e-01 -5.090409612473506540e-03
-1.615969010909182324e-01 3.440824655708518698e-01 2.338327825646319136e-02
-1.194236320466647849e-01 4.349417078615969712e-01 -3.599925106414923054e-02
-1.067376271625975065e-01 4.437612034220272950e-01 -9.032115099991359225e-03
-7.782031224355318022e-02 4.680803714465808230e-01 -7.452739900719496102e-02
-3.209125369035440573e-02 4.794485705214864280e-01 -6.499336547961019617e-02
4.533438251463858815e-01 -2.722010760894678083e-01 -2.918191655148417718e-01
3.357844593586616910e-01 -2.513960697630668872e-01 -3.499145321665100283e-01
3.559431054094241431e-01 -2.650219426697598135e-01 -3.110410221151763688e-01
-1.004777750246326345e-01 1.075662297681833773e-01 -2.696771942101079400e-01
-1.164070084708220959e-01 2.260949526436638324e-01 -3.984235674249139159e-01
-2.384865544083722699e-01 4.153897441775589172e-02 -3.015123755001779537e-01
-1.661454198838948071e-01 4.970776230826863540e-02 -2.867460424427640819e-01
-1.165357216089284581e-01 3.872112364071900736e-01 -2.218132078091222259e-01
-9.816605688995876100e-02 2.882655098509601665e-01 -3.853032262095342775e-01
-1.375861732919475833e-01 4.522238219304979823e-01 -2.364683413847109561e-01
-1.937114968459570929e-01 -4.060804084022351934e-01 -2.066673814262453279e-01
-2.815505133884414479e-01 -3.604850823088829870e-01 -2.140639589974703272e-01
1.162347888376530219e-01 -1.578382203098120384e-01 -1.068252988451596081e-01
1.494401149249183491e-01 -2.739296450625969270e-01 5.084883161777776356e-02
1.077951468083554187e-01 -2.595175316992917591e-01 7.228386860787114343e-02
1.672622409985893288e-01 -2.283674502104408588e-01 -3.463400731176516367e-02
6.963912997867015287e-02 -2.317635989799578800e-01 -3.216295404115551010e-03
2.005384999322087913e-01 -2.708497547622814028e-01 -9.259805778116829422e-02
1.076192390832075713e-01 -1.956920622302647239e-01 -7.611596328322907390e-02
1.136724747390552293e-02 -3.262721348653440656e-01 8.786436734661780962e-03
1.948257182274125143e-01 -3.463738942803099574e-01 -1.081170137170680001e-01
1.939835156119637805e-01 -3.887419102539287352e-01 -6.903114761874662442e-02
-4.382682826931153484e-03 -2.782967321586305998e-01 -3.677760604247910792e-03
6.754444365171750550e-03 -2.354819586464164671e-01 -2.634298045346149253e-02
-1.635383683297190333e-02 -2.669719126787137298e-01 -6.072460314099769468e-02
9.865302023068081572e-02 -3.900518329238132909e-01 -2.108547191343878024e-01
6.917460661777932729e-02 -4.179838363917168786e-01 -1.677795811522709846e-01
1.148089263514310426e-01 -4.315587092130011015e-01 -1.611531522117161941e-01
1.604872799418602392e-01 -2.013200775302493584e-01 -1.506351030559742177e-01
1.221358246113064261e-01 -1.928170003713777503e-01 -1.466720607435787749e-01
1.055757667783947251e-01 -1.942061117009314664e-01 -1.151350511817072209e-01
7.055568350771769526e-02 -4.349344483739507328e-01 -3.134941281060714124e-01
9.503011312890564943e-02 -4.037901683557527655e-01 -2.874936811666886083e-01
1.030883803189533848e-01 -4.235621092917716268e-01 -3.604204157908499351e-01
1.381156693300639171e-01 -3.899478419443240806e-01 -3.519443564189784768e-01
-4.861515607561925911e-01 1.338130219024756262e-01 -4.819231812543179894e-01
-2.636993250532898014e-01 -1.856212067400032570e-02 4.523861024424688515e-01
-2.452946832877634376e-01 3.376330564934081069e-02 4.668231439716236109e-01
-1.673491278564878948e-01 -1.195137158113236953e-01 4.439956037555918833e-01
-1.105982940620312133e-01 -1.307090583659340777e-01 4.534250173447891830e-01
5.314437135047236221e-02 -4.231449206108058858e-01 4.665179314600075844e-01
7.547359278808556116e-02 -4.043921307494301454e-01 4.610965630644870417e-01
-4.842540378959844100e-02 -3.647317928849738156e-01 4.550848748445186498e-01
3.206080583947325952e-02 -3.892534399743485807e-01 4.307256895945669739e-01
7.163839449959243100e-02 -3.846071983469419031e-01 4.490174915700378966e-01
9.893706383244320335e-02 -4.183753874925764116e-01 4.728599623809616737e-01
-3.169764038790006677e-01 1.386761853348134066e-01 4.711761259404912972e-01
-3.952146607662817002e-01 1.538006818075824400e-01 4.756563174039860620e-01
-4.604978578040694881e-01 2.284468703177318094e-01 4.800231878317824386e-01
-3.398822141957749121e-01 -2.890416840935585152e-01 4.764825350910061874e-01
-3.901552254331021596e-01 -2.589066152287524125e-01 3.730170755241839498e-01
-4.342283216714502014e-01 -1.954588610576672991e-01 3.525427786721128109e-01
-4.470182873414385027e-01 -1.073938615066320212e-01 4.297188701531777788e-01
-3.531931948805245303e-01 1.023525340218699869e-01 1.901834754333019961e-01
-3.580093402175543726e-01 6.332351643512580674e-02 2.190824641443691323e-01
-3.348503667605774448e-01 1.264505647515281606e-01 2.284367689059698392e-01
-3.201377214390710435e-01 7.710061223572237110e-02 2.733269643713193697e-01
-3.037883053871221484e-01 7.374452210342362368e-02 1.236547830161446315e-01
-2.885649684790927427e-01 1.330652747352631671e-01 2.118258173519680376e-01
-2.110531602123462414e-01 1.205679143954782873e-01 1.522230747929835259e-01
-3.042199134595745535e-01 -4.515034472838539564e-02 7.230414896286715964e-02
-2.787041435308848514e-01 8.508635151712112821e-02 2.983781658438054429e-01
-2.822495561387472485e-01 5.565240783004599123e-02 2.954983894049018067e-01
-1.738360522674813058e-01 1.004370541465739869e-01 1.724333910577881268e-01
-3.407320870715276895e-01 -6.921597797779158179e-02 5.570608453836016494e-02
-3.578377011814884434e-01 -7.965205386636012297e-02 8.032352636331804852e-02
-1.855120192871427265e-01 -4.863466514044342826e-02 8.597179681516325944e-02
-1.531643283732770922e-01 9.436818661644233441e-02 2.175637615829595362e-01
-1.270134920928075728e-01 1.898892305819699020e-02 1.245085729631687371e-01
-3.311511417398033674e-01 -1.072535264590762372e-01 6.336170095631393773e-02
-3.435771128272616659e-01 -1.076733715564566762e-01 7.767130588656191714e-02
-1.371280243664964871e-01 1.100032392817188592e-02 2.628852738797302635e-01
-1.934278282564129425e-01 -3.505812542866265646e-02 2.877098539244910547e-01
-1.074631855149211362e-01 -5.920192535878870260e-02 1.801196285657989393e-01
-1.851563682503921116e-01 -1.015174934904416321e-01 2.678899613535729030e-01
-2.153632975739643574e-01 -1.726239240524114760e-01 1.952218262584537734e-01
-1.438972893792170304e-01 -1.119305341116350466e-01 2.278952708384205106e-01
1.249369882692520813e-02 -1.075824764578237891e-01 1.786349157853860670e-01
2.783159683163627385e-02 -1.090489959902381789e-01 1.229444577048497966e-01
-3.207226454392377718e-02 -8.563533686327913508e-02 1.826554414787226743e-01
-6.848814858202681433e-02 -6.512328272386629091e-02 1.586683279518010525e-01
2.563495032210574148e-02 -1.871033783407316242e-01 8.063897520860244250e-02
-1.210189620622426944e-02 -1.683325076985558721e-01 5.521045244044016365e-02
-1.284366751044877519e-01 -5.923631135083867044e-02 7.207220655579932300e-02
-1.495203952132717340e-01 -2.882712585530878280e-01 -7.661798339137990133e-02
-1.326469017633914171e-01 -1.447472300319329608e-01 4.859923308198634689e-02
-1.253012797010336632e-01 -1.939746689118256595e-01 4.919214872499570040e-02
-7.583960076278542517e-02 -2.694745113586747842e-01 -5.899955879915574908e-02
-3.184056417505889969e-02 -1.996468258115748906e-01 1.699040901636942810e-03
-7.385445464908479973e-02 -1.964863696399041515e-01 5.596773781132558662e-02
-3.255771235451224155e-02 -1.633827272522099805e-01 1.459570272482490355e-02
5.599757452806237296e-02 -4.798117339049665642e-01 -3.006952674207885035e-01
-4.743962683899191624e-01 -2.461269124664391961e-01 -3.609535539090610867e-01
1.974704261658904447e-01 -5.968665403208486819e-02 -8.939253927447637915e-02
2.764056894295929823e-01 2.406996460854511632e-02 4.521884846899076882e-02
1.949492730496974191e-01 -1.993718627750822314e-01 -2.010775094771493840e-03
3.384819483781724148e-01 -1.086823730714159275e-02 -4.650603198312503600e-02
2.547409195166249751e-01 -4.551931008110332577e-02 -8.295647349787152458e-02
1.849176319022799719e-01 -2.143715210553759076e-01 5.465915270636442780e-02
1.629832713579250081e-01 -1.045794902710408675e-01 9.517994730831384753e-02
3.139268142238308412e-01 -1.852969669965437993e-01 1.652227448332894283e-03
3.148838681355917157e-01 -1.075505088818176913e-01 -7.445813466564028815e-02
2.531474817011507561e-01 -2.138849956521555185e-01 1.395760503864606761e-01
2.570670116664522942e-01 -1.614263903739693862e-01 1.603536678746862731e-01
1.724864799342763488e-01 1.935079273174616921e-01 2.898536627281791400e-01
1.236448845255878060e-01 1.899081927681421367e-01 3.373763835446978998e-01
1.420504594510308416e-01 2.056648487709610562e-01 3.899198570471614778e-01
9.662645703382659323e-02 1.514809822408560436e-01 3.341061383724509004e-01
1.197861042394619546e-01 1.505809236568890486e-01 3.030652430606967096e-01
9.498390573521364733e-02 1.311328839361120269e-01 3.633706066017559633e-01
1.187406306411617346e-01 1.053552180219443218e-01 3.330085097149214080e-01
2.094475809411357470e-01 -1.219068359894146525e-01 3.232685466580088596e-01
1.994387540919415891e-01 -1.116880935873778014e-01 3.724562979331506041e-01
2.409234883206423650e-01 -1.308994570268868229e-01 3.807687190881908212e-01
2.834347257550908217e-01 2.195517851194059289e-01 1.378677816064701744e-01
2.868814701135316003e-01 2.200281759218634670e-01 1.033027730086965579e-01
3.075300753951548671e-01 1.927210490764827144e-01 8.574183606501208088e-02
3.299244737035116892e-01 1.737585936506738649e-01 1.026478154506542950e-01
-4.043551604562241331e-02 -1.075123389778207955e-01 4.826136938637453078e-01
-5.603821404555785896e-02 1.234209383190652265e-01 4.608290137247364471e-01
-1.359972075509584266e-02 -8.419310984566850953e-02 4.773860374440122012e-01
2.385474595481198307e-02 1.325106241106240867e-01 4.219874886332613539e-01
9.464775292341803814e-02 -7.668128357904752113e-02 4.594744890031661755e-01
8.863409094348878581e-02 1.176100415674964927e-01 3.974475548132335168e-01
7.985962910456637087e-02 1.479449659449883769e-01 4.198795155542343616e-01
1.377030890721010759e-01 -5.881130696265743363e-02 4.439791341968469807e-01
2.769443633610343403e-01 3.091562459355937098e-01 -2.799317117153035661e-01
-4.087501900147031408e-01 3.992526191728773544e-01 -3.239455548518342942e-01
1.593232718165746575e-01 -4.521237039285620485e-01 3.811077430189254711e-01
1.249651712424294792e-01 -4.378661513923726711e-01 4.198646485325703837e-01
1.567064752616944279e-01 -4.166287943612738687e-01 4.155633714583209515e-01
1.041013971951721961e-01 -3.756026858115502631e-01 4.031613973258701411e-01
1.300652063120790736e-01 -3.520715303134249186e-01 3.850924056455833355e-01
7.002892115657957661e-02 -2.785173215180759554e-01 2.961062733421049864e-01
1.063486449052788579e-01 -2.788163484716362217e-01 2.946545285754622601e-01
1.847243120416275086e-01 -3.191967627985852762e-01 1.415507060010753881e-01
7.649938758406242545e-02 -2.988526330245988016e-01 1.050300871786621904e-01
1.487657864498858062e-01 -3.316563010862262351e-01 8.705964020773471201e-02
1.692794731861534119e-01 -3.559874362975162243e-01 6.380201868762054584e-02
1.029903652990294197e-02 -4.472899342451082116e-01 8.597871699672314516e-02
-5.607039066452669529e-02 -3.631435795163449054e-01 1.408175505202247380e-01
-5.636827084812747607e-04 -3.703761572088992149e-01 7.427543029424674148e-02
6.509303386458842322e-02 -3.265279054205533216e-01 7.672229114885607826e-02
8.484440469938030194e-02 -3.427557746306895692e-01 1.055726605667841600e-01
-7.654391790026016107e-02 -4.008396383147950215e-01 1.179526344452307141e-01
-4.106082786750160640e-02 -4.120205272433498656e-01 8.624558835258899769e-02
1.803775233362400199e-01 -3.918406908705637792e-01 9.327891817581354661e-02
2.027037980121926541e-01 -3.716320632829208659e-01 1.557951586354681672e-01
1.963127519448729097e-01 -4.656939421011164204e-01 2.260603351701425678e-01
4.257656367841828882e-01 -2.865203824390171738e-01 1.824684315304319626e-01
4.663832504648343646e-01 -3.667803383328461231e-01 2.825202019000294107e-01
-3.202988055488711905e-01 -4.741826165402837079e-01 4.658917343011684808e-01
-2.831415133177708210e-01 -4.751444353223053252e-01 4.778532790092349658e-01
-4.076530856901675604e-01 -1.996019156035343245e-01 -1.764040885894656574e-01
-4.330610528718408236e-01 -1.587428991570780379e-01 -8.152443270048730095e-02
-4.578478371655591572e-01 -2.959740519518043733e-01 -1.439885591538062337e-01
-4.616043429055998737e-01 -2.394413776154449003e-01 -1.604500185794191791e-01
-3.656165573309033689e-01 -3.334053873839377680e-01 -1.431675673983040242e-01
-2.898800763962280369e-01 -3.149815843418775074e-01 -1.780298842633788459e-01
-2.982734169558752257e-01 -2.624496711572557039e-01 -2.039120097981346469e-01
-3.437672509805303478e-01 -3.148055683993755127e-01 -1.396122128051544009e-02
-3.278531759531027046e-01 -2.845375347249364806e-01 4.448603845347738617e-02
-4.790525866210247341e-01 -2.312097476213353653e-01 -1.285064835866162325e-01
-4.783509060864514217e-01 -2.386400754763597365e-01 -1.213812177055725722e-01
-4.703091651743669943e-01 -2.027204096923951038e-01 -1.074227772668864683e-01
-4.526232110967608468e-01 4.569829064407221475e-01 -3.924489338073250400e-01
-4.136899873782714510e-01 4.369421582317994379e-01 -3.540827165890212402e-01
-4.677367306949707371e-01 4.080713730587930410e-01 -1.643504194492428350e-01
-4.235325632687737540e-01 4.185196158041800119e-01 -2.700875120253272699e-01
-4.093229607629889077e-01 4.171265433084886953e-01 -1.275597211784618989e-01
-3.927285090826360681e-01 4.343636473477838211e-01 -1.683162149377608052e-01
2.827930385700082594e-01 -3.839497561585407115e-01 4.567280987876171650e-01
2.993333883940548779e-01 -3.285116867688292475e-01 4.571489297277555597e-01
-4.738536268270918117e-02 -2.904523017716044153e-01 3.318430215307722198e-01
-8.500913043340088682e-02 -2.860728168360195389e-01 3.328721103849385798e-01
-6.824027843360841450e-02 -2.520210797955345638e-01 3.401421177868693690e-01
-7.336145632171134356e-02 -1.855086904972894912e-01 3.072662939362448831e-01
1.858098777560226664e-02 -2.680510540113018036e-01 2.929792724859602848e-01
-7.707819430739427935e-03 -1.477820724454426138e-01 2.004836248753011085e-01
1.045078567120433753e-02 -1.504632502124245985e-01 2.660819273185821565e-01
6.120949092707799605e-02 -2.011977365240264215e-01 2.969901440203595588e-01
-1.844926264754803702e-02 -1.652028670590338366e-01 3.039932665098505904e-01
-1.185945766065147899e-01 -3.118073791794243599e-01 2.847007338345556859e-01
-1.391209178706136196e-01 -1.701709987168672777e-01 2.375466265847615555e-01
-1.041656802083703592e-01 -1.563793740325681025e-01 1.807931916559225027e-01
-1.493176425237594668e-02 -2.240484670594324601e-01 1.371580415724461544e-01
-8.573210537298200928e-02 -3.163157911763515018e-01 1.801768394184991295e-01
-1.857529681560114720e-01 -2.279002563098534162e-01 2.120379752093052572e-01
3.413300144766455435e-02 -2.825438056378389851e-01 2.642206398721739236e-01
-3.453430966240719074e-02 -3.063291288912974863e-01 1.695910134609086573e-01
2.267690057565460021e-02 -2.910723680674006664e-01 1.755738675140346983e-01
-1.106233207421415815e-01 -2.894007530598406985e-01 1.291358009085518954e-01
-8.497386541640873647e-02 -2.510262312581091337e-01 1.129835943113680352e-01
-1.524759792397156200e-01 -2.524312312006786185e-01 1.105572770529933690e-01
-1.250632899360109296e-01 -2.240548605232668689e-01 1.102616436381169962e-01
3.874866698869391946e-01 -8.890038921855877851e-02 -3.792919479450012066e-01
3.013022889244719726e-01 -2.857493286424494378e-02 -4.361243217374040637e-01
2.918965542978297356e-01 3.287335486923077116e-02 -4.103968003222560612e-01
3.447408597716622447e-01 4.576637524271959245e-02 -3.447544251716659347e-01
3.956018380575198612e-01 -4.017305421128899295e-02 -3.500984275620261932e-01
3.159940890791679835e-01 -2.099848941582191375e-01 -3.304655901416957420e-01
2.258703155003240481e-01 -1.406150807116171852e-01 -2.291829775443740280e-01
2.528813558113777171e-01 3.719679666500424337e-03 -1.928194374932163113e-01
2.602271294604074914e-01 2.566581752025041269e-02 -2.234228481304314506e-01
2.250488419779424765e-01 2.129797383358883120e-02 -2.301028679687064371e-01
2.533927941916461202e-01 -8.236471237680144386e-02 -2.068368092763365196e-01
2.764552282970442199e-01 -2.006873111678030841e-01 -2.334052960819436306e-01
3.029100213830757671e-01 -2.046657610798030547e-01 -2.734690441458997867e-01
3.345112185134437865e-01 -1.776280243431936079e-01 -2.332268340698508968e-01
-2.821708154157505644e-01 2.258016222873774348e-01 -2.770021747760474384e-01
-2.350173024087512386e-01 2.079732775845269666e-01 -3.204181788760300242e-01
-3.012813546332261949e-01 8.534898798775514273e-02 -3.196422693072611398e-01
-3.311210088147287789e-01 3.482042171823752086e-01 -3.218646972753814728e-01
-3.184108882013512165e-01 3.657374615150418284e-01 -3.610035935230114790e-01
-3.676155904747934189e-01 3.757419096727005470e-01 -3.379783307701424433e-01
-3.253206685552650912e-01 9.572439682394370819e-02 -2.679349092653542375e-01
-3.526847012610940801e-01 1.374037089011588553e-01 -2.421466649200736676e-01
-3.778748884811726216e-01 7.686696248164351375e-02 -2.618410843187556347e-01
-3.987663444770551124e-01 1.445891711593048357e-01 -2.283387722630794980e-01
-4.805534680932178060e-01 1.911195487654102632e-01 -2.605043724474881417e-01
-4.132155690936655801e-01 3.371320260692837190e-01 -3.414344941872627937e-01
-4.681686778442414321e-01 2.862720074829256389e-01 -4.871056168228477534e-01
-4.849095549688313134e-01 1.443977666988719155e-01 -4.456596457954105639e-01
-4.491761072933573296e-01 9.456400767317370282e-02 -4.167868120694370737e-01
-4.675773402716489335e-01 1.568944509143489485e-01 -4.792861621912330450e-01
-9.675698717569770901e-02 2.528433461853662467e-01 -2.296832631079813170e-01
-8.829796120352974287e-02 3.234013091586289690e-01 -2.543971209758319474e-01
-8.517235752538124260e-02 2.957964705567371899e-01 -3.501858303565014152e-01
-8.455634887392306231e-02 2.283808253110762854e-01 -3.464334006453866910e-01
1.075081292063915228e-01 1.891165257482500806e-01 -1.423733984751795745e-01
1.210016489679303781e-01 1.459638528291870574e-01 -1.928547326589412358e-01
1.402831294247272598e-01 1.754797274847960942e-01 -1.827218890206772361e-01
2.140704777299579642e-01 2.970597192442143153e-01 -2.731234233822451007e-01
-1.133332408196996294e-01 2.236167994179632523e-01 -2.663458001893480587e-01
-9.475986918900136668e-02 1.673681170303054078e-01 -3.018550640133509377e-01
-1.055720946185798592e-01 2.129849055491918330e-01 -3.131166914593515593e-01
-4.840865939179183480e-02 1.325269294470745318e-01 -2.887858523784065934e-01
3.420347540282617921e-02 1.006978443241070553e-01 -2.510646457164726897e-01
1.051816123711755147e-01 1.120838411358685976e-01 -2.218617849433791867e-01
7.055137051826226857e-02 9.587390455865150984e-02 -2.670053448178547617e-01
-1.625234689053681458e-01 4.370325389440034569e-01 -3.092428147955295636e-01
-5.183919435414998528e-02 3.677602989467743666e-01 -4.168971324744557561e-01
-1.156485791248201001e-01 4.823548682758979633e-01 -2.938334703685223648e-01
-1.538631817372849708e-01 -3.839591185002122486e-01 -1.579325145340490510e-01
-1.328285464142291705e-01 -3.382231856612178955e-01 -1.114691721894872645e-01
-1.533480000144795130e-01 -4.669821315252054572e-01 -8.806014357591132602e-02
5.418647306566235639e-02 -3.843543753412597130e-01 -1.356050513329752905e-01
-3.247119127571571062e-02 -3.235132389166715527e-01 -6.399009375251402121e-02
-8.410363867898408563e-02 -4.439725177588312310e-01 1.785335129797675779e-02
-1.506400758475487933e-01 -4.653562106587894043e-01 -1.021590586776922362e-02
-1.487544200188548604e-01 -4.304657675955271823e-01 -2.130518340323611301e-02
-3.223874749709913085e-02 -2.892146511485285121e-01 -9.792049329876061081e-02
4.358742039195057094e-02 -4.478880159274780115e-01 -1.231435537854984330e-01
-1.119065970206486738e-01 -2.950703724456268384e-01 -1.065316885507727740e-01
-7.094662154321271230e-02 -2.656765648672023694e-01 -9.694929524356882267e-02
-7.412290202130460137e-02 -2.624729722036944768e-01 -1.254177542260246914e-01
-8.132088046100106882e-02 -2.205224768600324292e-01 -1.312670160731933822e-01
-3.290885282219126462e-01 3.876735497746608416e-01 1.102393281755104926e-01
-4.069884649626031026e-01 4.808555299511415027e-01 -1.132204017639922428e-01
-4.209863083763860092e-01 4.947831685637764099e-01 -1.017542817991863996e-01
-2.652799935779268092e-01 4.507012352795928822e-01 1.052058974438849631e-01
-4.621305834475455399e-01 2.281718956983100899e-01 7.080954808244156740e-02
-4.596209839270616881e-01 1.769651947857449059e-01 1.170906106715195183e-01
-4.243513157917305212e-01 1.516936847728537208e-01 1.835168085462065002e-01
-3.876260735957471892e-01 2.062038924623168512e-01 2.068495359569300363e-01
-3.487019175637149360e-01 2.727921998371919399e-01 1.951011310828168477e-01
-3.716150784415283570e-01 3.137798501323132982e-01 1.339233247584990516e-01
-4.400833052095202702e-01 3.850836999713194708e-01 3.324245024823732630e-01
-3.788700303519912382e-01 4.216559354308737073e-01 1.454521729342868885e-01
-3.356606522487552008e-02 -1.473817815615736659e-01 3.233677959728843004e-02
-9.811118511545643961e-02 -9.068436982519600953e-02 1.716189489145432748e-02
-6.407249697402914168e-02 -1.250338494849095039e-01 1.366253931306249912e-02
7.068795743645164831e-02 5.484493783259506566e-02 -1.262645076287081114e-01
9.328895091069371037e-02 -1.158515820474747271e-01 -1.182032294288226371e-01
3.163959345172639992e-02 -1.012925949586654523e-01 -1.426050607605794107e-01
2.103193004445106512e-02 4.844357828735539745e-02 -1.555945156472031965e-01
1.149853482151382347e-02 -5.337855992450456222e-02 -1.607400591974292026e-01
1.242089922452254830e-01 -1.727972220383187235e-02 -8.359706159337038089e-02
1.310147582317906512e-01 -1.212769612133250408e-01 -1.064496217994809063e-01
1.525982201798903315e-01 -7.919036128039098899e-02 -9.369389945022704724e-02
1.551339924466235975e-01 -1.039782000016810926e-01 -5.690802033762371037e-02
-7.746561480504055019e-02 1.914432283842150070e-02 9.290285836387818241e-02
-6.856103060146653827e-02 -2.277201444052059237e-02 1.083293012141043760e-01
-1.009814415045316716e-01 -2.135505418557002988e-02 7.997085099531531238e-02
-3.055909140592925899e-02 -2.955590430104492947e-02 1.132156446887918333e-01
5.426894284277471170e-04 1.044622100737252340e-01 1.099307778072439040e-01
-5.732528504162553995e-02 9.397316541828411307e-02 9.947626327241879118e-02
-5.086188251296822060e-02 1.298263144730418817e-01 3.014151035259554981e-02
-4.757153565230284181e-02 5.901041084016159927e-02 -3.959221555374833890e-02
-2.027743943642757937e-03 -8.052616422554116637e-02 1.051186478371927829e-01
-1.733164750539591820e-02 -1.010285504630108327e-01 6.636393422968303590e-02
-9.560881012918927280e-02 -5.510535803176486169e-02 6.662157667970633468e-02
-8.543172926443452775e-02 -2.752266720252283944e-02 1.434156558156427300e-02
-7.232389787208269583e-02 -8.874597298600062079e-02 4.732383957069744018e-02
2.757507850012350104e-02 9.217210225865402062e-02 -5.755230111821491717e-02
1.257620812218885886e-01 -5.871190337747574095e-02 1.523298419956183314e-01
1.232933386966124922e-01 -7.147132802089185832e-02 1.150896120365673680e-01
7.687454755692142705e-02 -8.083025756095442438e-02 1.080760194325250251e-01
-1.343412363051840752e-03 1.329501747910352139e-01 2.828254339029745434e-02
8.260395842852466530e-02 1.629465103691324357e-01 2.718265974219976483e-02
5.764343993849731229e-02 1.511168573381586611e-01 -3.557609257167687611e-02
1.164529672052406900e-01 1.587164302727185894e-01 7.529679069296912886e-02
1.087895653105269006e-01 1.238898158835591984e-01 1.102822717172933370e-01
1.795918940147532006e-01 1.394087849230341881e-03 3.670120059898265147e-02
1.635437133596142345e-01 -4.645358745066958950e-02 6.459010385438949953e-02
1.529490801972512304e-01 -1.982759998622389552e-02 -4.542793469424508818e-02
1.364931941872181698e-01 -5.915741442067859457e-02 -2.501221512102535724e-02
-4.817947430296348199e-01 -8.897157075211820088e-02 -4.541538461135409821e-01
-4.981328624974605823e-01 -1.173901227038240819e-01 -4.057853760280227262e-01
-4.467290798347205993e-01 -3.474002083048058354e-02 -4.081143990423571344e-01
-4.755387812078644694e-01 -7.980321489156046166e-02 -3.828886797765684857e-01
-3.977454547335356749e-01 -1.107239685264504725e-01 -4.751042373069027103e-01
-4.313507771245277955e-01 -1.790411903883971090e-01 -3.126485628885148915e-01
-4.495173973110109800e-01 -1.982689450375474949e-01 -3.749592252000104042e-01
-4.690056589743343274e-01 -9.025651293267759889e-02 -2.946323940870874680e-01
-4.362578907213804369e-01 -1.230858738978662104e-01 -2.945443437799091790e-01
-3.668184079171802336e-01 4.475123112132762399e-02 -3.107063469867554772e-01
-3.884496151608183290e-01 5.018712772225611407e-02 -3.712764218774547431e-01
-2.867248920723866057e-01 -8.532045853769884558e-02 -3.041327848911227760e-01
-3.813881346598858579e-01 -4.027222440723571273e-02 -2.877169619366918285e-01
-3.947650134449571246e-01 -6.909801092787279386e-02 -2.920906195498200186e-01
-3.130710761008950738e-01 5.328826247681826139e-02 -3.559321550751685104e-01
-3.309062509247039374e-01 5.067411696487824496e-02 -3.813130115984862956e-01
4.369912443214370446e-01 -1.612797014068622636e-01 -1.703295916532650556e-01
4.605752679780114600e-01 -1.834358700349980886e-01 -1.570555516811238950e-01
4.625769811676972432e-01 -1.692981135216755084e-01 -1.783871452856367890e-01
3.646662884816482819e-01 -8.380030610861692597e-02 -4.820631950753256206e-02
3.498838570195805797e-01 -5.925171861998809741e-02 -4.272457495675173467e-02
1.898955131532276963e-01 2.385438084038704887e-01 4.431646459750346878e-01
1.928499203267520223e-01 3.255679349638325171e-01 4.916936674808402574e-01
3.718198348849183210e-01 3.820808784749255560e-01 4.709222648424405411e-01
3.882263677833078797e-01 -4.208442563756820826e-02 4.479670861407548665e-01
2.951335243950927167e-01 -1.307673476716232075e-01 3.561327774339833607e-01
2.867399430861936049e-01 -1.174390820286988490e-01 3.082974923341286755e-01
3.961452183164277940e-01 -7.712411220641286758e-02 1.490672768324788344e-01
3.345219466537033837e-01 -1.411308300711545394e-01 1.900412615810148920e-01
3.621049326032565463e-01 -1.697228343571533515e-01 1.615507224178567847e-01
4.293901368498080906e-01 4.780657303179406958e-01 2.803794263188150171e-01
1.750071901023605436e-01 4.616381855785188226e-01 1.679668128671359395e-01
-1.113985429020677292e-01 -1.481626006242934279e-01 4.859601904524855631e-01
-1.613005749251092136e-01 -1.476568122660484594e-01 4.835066336938816933e-01
2.783642778539202611e-01 3.555897619914545338e-01 -3.281675605547502705e-01
1.875931411708385288e-01 3.122005295775450717e-01 -3.789702620058089666e-01
2.030342955721025355e-01 3.324222805350239285e-01 -3.286798341532153334e-01
1.188769237129399803e-01 3.691813713290887922e-01 -3.732183006603466136e-01
1.339450093609982906e-01 3.861480554924980879e-01 -3.185999750934424557e-01
7.938073512157554912e-02 4.100412300856169368e-01 -4.044277747313162474e-01
1.166305087058120415e-01 4.557605988353045645e-01 -3.529257366166501098e-01
1.920390643937815722e-01 2.047271697007989333e-01 -4.909912999788993981e-01
2.187179205860207143e-01 2.889533979515746531e-01 -4.446791105895209206e-01
3.140843709332891143e-01 3.091242720707246261e-01 -3.939468938501080042e-01
3.276947607564968945e-01 8.300451434756206393e-02 -4.395135236894530117e-01
3.892844148466952370e-01 1.107860511940385317e-01 -3.877318900988138139e-01
4.140956955182964472e-01 1.881844348914950560e-01 -3.324339108013290578e-01
2.170318602036970801e-01 -6.607718024569347870e-02 -4.598390288285277849e-01
2.430484350807314009e-01 -1.884060122726452235e-01 -3.490882844105975824e-01
1.518972604577937258e-01 -3.560164969435550830e-01 -3.943605125350312379e-01
1.807638190865904215e-01 -1.475406963594973753e-01 -3.265911436125464307e-01
2.704457785896272060e-01 -3.376044896454594157e-01 -3.975002666986531263e-01
2.960754715245597635e-01 -2.851451693589128200e-01 -3.949710624474790932e-01
2.498792436349194790e-01 -4.255905835437415741e-01 -7.594353764635572435e-02
2.267389244241970192e-01 -4.237344766097810855e-01 3.110398404026468167e-02
3.182436938914103841e-01 -4.009958372251350989e-01 -1.241902047288329508e-01
3.619546422198433588e-01 -4.350273290266164494e-01 -1.636617556138794671e-01
4.114193283917261801e-01 -3.749433886902819313e-01 -5.376776111818606929e-02
4.303156336647387392e-01 -3.969695041797108304e-01 -5.675098837930192194e-03
4.292982939325665770e-01 -4.101938144096849426e-01 -1.115581748917486848e-01
-2.861969661442371748e-01 -2.353067101380909021e-01 -1.854046662255698363e-01
-2.292844602287786582e-01 -1.830673873208559232e-01 -2.046086131538456809e-01
-3.249539900556520644e-01 -1.090674418472332430e-01 -1.668895431717855316e-01
-2.737822705597759421e-01 -2.599307729684595669e-01 -1.441503508901152419e-01
-2.546596464828586037e-01 -7.949566688989823104e-02 -1.812280566044922325e-01
-2.655655987055800527e-01 -1.058869979861937621e-01 -2.018952303558544936e-01
-2.572603031222591707e-01 -5.731551812814731500e-02 -7.368509094062179743e-02
-2.616410950055063633e-01 -6.546177668065576716e-02 -1.338591037061120370e-01
-3.091808312349387244e-01 -7.715106701534925338e-02 -1.219826829567499243e-01
-3.668377288066872466e-01 -1.299592824554328674e-01 -1.497317063829818329e-01
-3.890894348763636046e-01 -1.574311099838822670e-01 -1.411305811795547926e-01
-3.040280081080652952e-01 -7.155018866880713535e-02 -2.233483718973441196e-02
-3.347710530088437997e-01 -8.738281908290002065e-02 -7.021678439610627709e-02
-3.837127038175360272e-01 -9.681130403215178204e-02 -1.033286965993320955e-01
-3.799774264317908323e-01 -1.508229311333917078e-01 -9.244795562553494161e-02
-3.840846666993871783e-01 -1.524677494960539337e-01 -5.640087672408651553e-02
3.283474262979374503e-01 -4.560880066866898064e-01 3.950228518788886367e-01
3.577096198977185448e-01 -4.187425870069596545e-01 4.307270093694725577e-01
3.923204192029751680e-01 -4.596387723744828624e-01 3.187833681972970790e-01
4.678881515568940053e-01 -4.045689365861632192e-01 2.944178771564746611e-01
-3.486187236818968915e-01 -2.386032934284188223e-01 -4.626161136338023394e-01
-3.900364026475728330e-01 -2.630435368126742834e-01 -3.874623537526494244e-01
-4.193779640670528552e-01 -3.188316976170524897e-01 -3.986249109865781515e-01
-2.537760940611846761e-01 -3.411730820173047851e-01 -2.723698699849288474e-01
-3.986352886684937369e-01 -3.762732701131540347e-01 -4.923075806797777565e-01
-4.399693952353554982e-01 -3.715035914586694021e-01 -4.520515236911893941e-01
-2.959315619680929488e-01 -2.759197981569978531e-01 -2.717006605343407211e-01
-3.338551099193948213e-01 -2.482458690956342584e-01 -3.222814468946145761e-01
-3.859470427049966346e-01 -4.089075566683903484e-01 -3.096875816260300507e-01
-4.364221846642957203e-01 -3.920275411828806345e-01 -3.549828202714738756e-01
-4.377984142228882325e-01 -4.435984480009632636e-01 -4.020825949627584994e-01
-3.847073088762988369e-01 -4.842592559690833687e-01 -3.871541309585882495e-01
-4.054948384092535996e-01 -4.882028131836093632e-01 -4.161505770458787112e-01
-1.843927681523678530e-01 -4.086741062167689731e-01 -2.922459387997758951e-01
-1.514703248762052923e-01 -3.759351285356554162e-01 -3.034430843613676876e-01
-1.910367841095825248e-01 -4.741082868366878755e-01 -3.921455115703585959e-01
-1.847227910785152749e-01 -4.698595850855222800e-01 -4.487882221928634618e-01
-1.737836782945711700e-01 -4.459033698308391136e-01 -3.332743233048368614e-01
-1.543562383438074337e-01 -4.140220780635137654e-01 -3.340760033712405486e-01
-1.425890767375153356e-01 -4.179666445460212820e-01 -4.428276072486205250e-01
-1.453136607765914412e-01 -3.765636065482274031e-01 -4.650048812083302230e-01
1.233388252497262111e-01 3.449071751804493324e-01 -6.068281900630347059e-02
9.668768346238371114e-02 3.861788538458568731e-01 -2.171414856279321737e-01
-4.615121448584058594e-02 3.422297773399091136e-01 -2.190176077880139627e-01
-4.980747847059036060e-02 4.530616653421584150e-01 -9.681418753472252614e-02
-1.442724785441020646e-02 4.617811874879561573e-01 -9.397381717793723555e-02
-4.819916902715540991e-02 3.868662193515097214e-01 -2.079624979636175985e-01
1.159748938143681934e-01 3.805855572291183542e-01 -1.318139220638287756e-01
1.345883755763492284e-01 3.529995074155492518e-01 -2.041170158233136800e-01
5.660408676660089178e-02 4.640889532486194291e-01 -1.471637973215422501e-01
5.101160073353378649e-02 4.470470739914364500e-01 -1.930939491121858864e-01
8.213070899182264503e-03 2.258945904547156325e-01 -6.907264404901758414e-02
-4.196491378087253976e-02 2.756308656902728971e-01 -2.232431267404313413e-01
8.558601480550988294e-02 2.434224295753157907e-01 -1.359590038569893911e-01
8.493613531014514162e-02 2.051543841753130371e-01 -9.163898360291600209e-02
5.713012600863850293e-02 1.948256889407056214e-01 -5.494542933118291145e-02
1.170759522009722914e-01 2.218233478022642868e-01 -3.491707222744662442e-02
-2.833145570313281847e-01 4.839179971956566462e-01 -4.006921484685485035e-01
-1.661914031698210337e-01 2.668098189162693146e-01 -4.063236990272625637e-01
-1.185817560641878321e-01 3.152069122482862307e-01 -4.003045509424797421e-01
-1.537760275520023145e-01 4.092217877059033393e-01 -3.604978119563791439e-01
-9.838036704399891197e-02 3.814242008969535580e-01 -4.094724052796438474e-01
-2.865533246758373287e-01 4.140345525113484082e-01 -3.651387301844869482e-01
-1.991502019739217477e-01 4.273594127613068450e-01 -3.510897515594103568e-01
-2.310341976314831680e-01 2.585007538723458898e-01 -4.023432849782719867e-01
-3.085016299029731401e-01 3.327989713521727899e-01 -3.897636305761085218e-01
-2.673806603897816991e-01 2.408456175538125077e-01 -4.800508691889589508e-01
-3.001816365825483723e-01 3.010133893254512971e-01 -4.718806591282061480e-01
-1.558732308931490285e-01 -3.201888114111503536e-01 -4.342247044456704619e-01
-1.733916033106057686e-01 -3.082840714848187891e-01 -3.273313031763731007e-01
-2.168262743584303265e-01 -2.071693049173343737e-01 -2.890144312000146321e-01
-2.216701007212198982e-01 -2.505553171861946704e-01 -3.091560595858287019e-01
-2.588200779235199644e-01 -2.402813541564894073e-01 -4.723346833896240882e-01
-2.942739901861429752e-01 -2.308656153840797920e-01 -4.413237829820395586e-01
-2.452091371241633122e-01 -1.604198471448416430e-01 -3.201224178347124583e-01
-2.812593151616218368e-01 -2.140853071752453762e-01 -3.648315888816340835e-01
4.452589164367414809e-01 -1.354678910509675149e-01 -1.809573609732624544e-01
3.866717720340109854e-01 -1.057053661540179323e-01 -1.318531093185834058e-01
4.266821761731998675e-01 -1.451845306852460327e-01 -1.502676303959410709e-01
4.159138660311257341e-01 -2.680231294802635361e-02 -1.054260949767733824e-01
3.947674435075531618e-01 -3.031279575513042002e-02 -2.616271698261798950e-01
3.886492539452413020e-01 -1.552380884132784078e-01 -1.800807688372146609e-01
3.252130308066242259e-01 3.730969206112972475e-02 -2.276148083806923406e-01
3.569698578427787372e-01 4.752101500330648681e-02 -2.601163159146058779e-01
2.983722156972538064e-01 -9.833382773030475976e-02 -2.194846178859467534e-01
3.332145461263634201e-01 -1.331730588757671363e-01 -2.124731740517023793e-01
3.358142846778135460e-01 -1.446273725571384505e-01 -1.535018395863685381e-01
3.616246797477256636e-01 -1.744704942305622397e-01 -1.666791535526516155e-01
3.560866070160222385e-01 -1.646705804736423029e-01 -2.050595145061886448e-01
3.811042991118125944e-01 1.170148107385347719e-01 -1.864414911278080844e-01
4.661797659531026206e-01 -1.439361330362516969e-02 -6.994223110101911722e-02
4.879294989617917744e-01 -4.822966581411918668e-02 -1.128196283471148698e-01
3.608345652676616111e-01 2.048930879091785950e-01 3.320434912879233202e-01
3.478253211940463552e-01 1.695529101096648894e-01 2.679189978479060152e-01
3.446091302704586412e-01 1.660647580546949498e-01 1.752993958157266496e-01
4.620275116380858083e-01 3.509323732014916208e-01 3.518358908920251604e-01
4.202918628286553271e-01 3.326512396236837588e-01 3.890838811679983578e-01
3.950334410167817834e-01 7.476964393367006856e-02 2.451655906896889336e-01
4.109606167678596100e-01 9.032634603028549813e-02 4.453586648268791914e-01
4.199976724421650709e-01 2.760584508050400315e-02 4.045707716426639178e-01
3.839399710691066558e-01 1.439920337688336827e-01 1.755760360530091713e-01
4.187074050563187044e-01 7.527141168082687739e-02 1.904480439143205750e-01
4.774072229066118611e-01 2.914307459964343011e-02 4.327666874921960449e-01
3.704071075484175468e-01 -2.989565356403647289e-01 4.391715160878522650e-01
3.843078587487089859e-01 -2.309734526588678727e-01 3.823152867175752534e-01
4.620018838466710132e-01 -3.597838432894494010e-01 3.478379195856906025e-01
4.159270389863751194e-01 -3.696712323911077736e-01 4.102333182192438588e-01
4.783212917763607352e-01 -3.273661884145860901e-01 3.372643736829606942e-01
4.540931433689084917e-01 -2.643284708666473470e-01 3.194358616438356946e-01
4.894525555541801576e-01 -5.107417167405663150e-02 4.699101387651096751e-01
4.547386509543761002e-01 -8.299124066632561358e-02 4.567060730256438106e-01
1.156176245418351345e-01 -1.705827409200753042e-01 -3.432780874765933299e-01
8.617336809493082728e-02 -2.540433348521167756e-01 -3.489930569665236626e-01
8.940219096029965173e-02 -1.889515014500965373e-01 -1.666395865684691391e-01
4.959806245158434462e-02 -1.787237881197351053e-01 -1.763490740933749967e-01
3.858461980550993362e-03 -9.826251125249572949e-02 -2.132490318587885736e-01
6.892192111580881797e-02 -2.503706216962762188e-01 -1.447516120909655701e-01
6.467011143714501697e-02 -3.297304053498849585e-01 -2.022782918099651772e-01
4.358122795534431076e-02 -3.484906447786297878e-01 -2.745647422949925032e-01
-6.363939865166282073e-02 -1.169747217722075239e-01 -2.390596418907785792e-01
-6.755110790259312437e-02 -1.544997853560494128e-01 -3.090629881155168013e-01
-4.418772534969979404e-02 -2.291763831472443669e-01 -1.539985156394792498e-01
1.037089675461488024e-02 -3.508316472980672063e-01 -1.772150817917474974e-01
-1.130573968852729844e-01 -2.813824848070293205e-01 -3.098693362913280680e-01
-1.376753415048162232e-01 -2.156035704751664006e-01 -2.903445050878735167e-01
-5.277025215635933186e-02 -2.873208931798139631e-01 -1.601565956890074471e-01
2.078551040337632896e-02 -2.752678820529018133e-01 -1.559183740319611544e-01
-6.462361349677242517e-02 -3.341742349917457555e-01 -2.766769635624310442e-01
-6.122754660210007194e-02 -3.284955846776481114e-01 -2.023929290370187761e-01
-7.092015679312010934e-02 -2.241262883392201033e-01 -4.649202028274867504e-01
4.385634828727887763e-02 -1.964517146692436877e-01 -4.036755988250860239e-01
-3.323233463702436608e-02 -1.948128631446568726e-01 -4.156859082237758796e-01
-1.719026662722235588e-01 -9.165887472352234056e-02 -1.457838993058317156e-01
-1.131441195019790846e-01 -8.599966926764876507e-02 -1.938843056343701743e-02
-1.984062532385351962e-01 -8.304839591217560990e-02 -8.251787392180644221e-02
-1.600248836005621067e-01 -7.734358207572152380e-03 -7.649338544149039687e-02
-1.011389756782259397e-01 -2.167538941213831283e-02 -4.183932473086095227e-02
-9.008050354066721166e-02 2.254117329548328136e-02 -1.407316522976411743e-01
-5.784518530918117407e-02 2.899234405974847328e-02 -1.173051455080654643e-01
-1.194872205172423374e-01 3.956636447665214801e-02 -1.068697247016768132e-01
-6.903841519188710918e-02 2.219335293503195763e-02 -6.473572488303412642e-02
-1.673051604519048829e-01 -1.496243179142410229e-01 2.968054800946857974e-02
-2.598834895262582823e-01 -1.328772627025921194e-01 6.835386996320071129e-02
-1.666954233002031216e-01 -1.415381000838642767e-01 -2.963432031467833766e-02
-2.215762111426478886e-01 -1.215293660384279273e-01 -6.761555342326003304e-02
-2.548233022338916576e-01 -1.796330714539290385e-01 1.054071056721448962e-01
-2.001598562631017875e-01 -2.622706178045617897e-01 8.184203830388192547e-02
-1.735379500449416856e-01 -2.284492019668132590e-01 4.116891971112374149e-02
-3.153120614037112635e-01 -1.237074744363992340e-01 6.985013444701569651e-02
-3.225270280868110517e-01 -1.494018984387493476e-01 7.838234177726322027e-02
-1.947421856753678848e-01 -2.505469103785510354e-01 -7.577797938527583432e-02
-2.418178808103094157e-01 -2.500932069561890292e-01 -1.082783824270503736e-01
-3.412343319138137487e-01 -1.897306470265611444e-01 -1.485816373646397723e-02
-2.875811225993374354e-01 -2.455362181390547960e-01 -1.057238984682187799e-01
-3.400958696658905045e-01 -1.234306218400882671e-01 3.296633265074727648e-02
-3.110908076179866311e-01 -1.177486882956018804e-01 1.126238619147250375e-02
-3.483947144593034784e-01 -1.444084381207658419e-01 2.560026360904651618e-03
-3.258680201104203755e-01 -1.964017464882520936e-01 8.936196186403005948e-02
-1.819053528459093905e-01 -2.840732606282773687e-01 5.471301538486043892e-02
-2.074198196676015071e-01 -3.361321354382949544e-01 4.959888620844117579e-02
-1.684348862220592657e-01 -2.701305337107376969e-01 9.384279787424346791e-03
-1.817941886438519117e-01 -2.802460463740298335e-01 -2.689929651969024532e-02
-3.071008854621027906e-01 -2.942093291605439309e-01 9.433522209257325097e-02
-3.368915848036801997e-01 -2.981479313390872354e-01 6.740922166278874583e-02
-2.895936089364706811e-01 -2.272091287265262105e-01 1.027500498118917999e-01
-2.507274170456265661e-01 -2.159261862135826160e-01 1.189125275621642497e-01
-3.439734673638880635e-01 -2.674826268558926357e-01 2.923162595060573021e-02
-2.508579076059343493e-01 -3.252974036759150311e-01 6.938078087901225488e-02
-2.940544505370065731e-01 -3.058624761169925765e-01 9.205855122386346484e-03
-4.655712299813089539e-01 4.790342835137872957e-01 1.108384747826699768e-01
3.704358184723693936e-01 4.688974331981667354e-01 -3.222214813402718980e-01
3.862658993543572894e-01 2.142587179330912028e-01 2.990297048392665663e-02
4.069263334930840470e-01 2.408952121080000508e-01 3.131758745443961878e-02
4.288618015956107143e-01 2.538406273113305023e-01 -1.154380843760898223e-01
4.905404216059147671e-01 2.612812576171620882e-01 -1.414220936666558126e-01
3.736874088042286268e-01 2.000302892303758295e-01 -2.362488299116009133e-02
4.748337066662223771e-01 2.051984429624392758e-01 -2.076472290712796931e-01
3.968158205031704910e-01 1.785385902362770505e-01 -1.687994590618629720e-01
3.817424215605240700e-01 1.997107563162513477e-01 -1.830614048971475893e-01
4.694936271383136628e-01 1.252859572516749030e-02 -9.091850590442734914e-02
4.101603628979422766e-01 1.593873878749311468e-01 -2.163879851093603035e-01
3.863376422885851924e-01 8.867158918747405916e-02 -1.064230810866824140e-01
3.972231652510271882e-01 8.782434227064910004e-02 -1.376827955104922563e-01
4.440666009560797489e-01 5.473693757908438401e-02 -1.249230971971527770e-01
3.906931213209791087e-01 1.450232418596120176e-01 -1.845088038842551126e-01
4.169011064162839175e-01 1.207585871502195318e-01 -1.875472413687115925e-01
4.656285286934598311e-01 3.297600936192557897e-01 4.438147901744179391e-01
4.666607098226829287e-01 3.164205321700269136e-01 3.962507996285075107e-01
4.798656298560823319e-01 3.281829494669370462e-01 3.520179776633178825e-01
-2.655785956014541926e-01 -1.477965439653416979e-01 -4.538294856046464210e-01
-1.241464565550951943e-01 -7.942268342292610472e-02 -3.518428719706142571e-01
-3.176865587121914247e-01 -6.291152326529624028e-02 -4.519052051054563979e-01
-3.005102138907213005e-01 3.158547304554228108e-02 -3.987888832002820516e-01
-2.341071262637119399e-01 -1.065582761050214156e-01 -3.713256086529156952e-01
-1.627219989242336406e-01 1.138218579881900873e-02 -3.209633999366757195e-01
-1.486061257024881843e-01 -1.383590819732666635e-02 -3.137395625535741028e-01
-2.808456094235115552e-01 3.379803572582602139e-02 -3.431370023065382080e-01
-2.586562119043299135e-01 -4.211647158147205361e-02 -3.386235894905538779e-01
-2.302394514841958340e-01 1.254838071688346365e-02 -3.234818795646601797e-01
-2.495445932678823642e-01 -2.355743388888884016e-02 -2.954548929562458293e-01
-1.075151198958130550e-01 1.771355867811540835e-02 -3.779453544528929010e-01
-9.861025287022220920e-02 2.147789958952296685e-02 -4.844076006230011999e-01
3.549032441584575731e-02 -1.606241168585550438e-01 -4.359536884470312512e-01
1.517310778953205042e-01 1.217379361550809669e-01 -4.603890257672135222e-01
8.426755475642043469e-02 4.115903051717406669e-02 -3.262691654281242859e-01
-1.849279857352276180e-02 -1.192147781466694478e-01 -3.596179091578687870e-01
-8.162737135965766888e-02 -7.698707180567669617e-02 -3.911563917748747676e-01
-2.088171183501833297e-02 -1.425113043670294399e-01 -4.025183065880448829e-01
-6.279829106998618959e-02 -1.134633517154748500e-01 -4.447253384635230788e-01
3.998750306973615498e-02 -8.008980537278255485e-02 -3.321976355286790361e-01
8.082979355799708998e-02 -1.172341023392623194e-01 -3.722235840148964137e-01
1.374181149597119289e-01 -1.123204187689465644e-01 -3.836753550353358966e-01
-3.733371496236898013e-02 1.251574979312307656e-01 -3.331568300889916623e-01
-3.905991419344161109e-02 1.589247474324312348e-01 -3.684550890394081013e-01
-3.959245075325412005e-02 1.627469820248285681e-01 -4.420011298557743884e-01
6.914105702773529205e-02 1.156955999080476333e-01 -3.116316922092710606e-01
9.053568292149977159e-02 1.501775380912145907e-01 -3.676606758204513659e-01
1.407204006681767594e-01 1.441277015542643571e-02 -3.533078653591135709e-01
1.836426505112296603e-01 2.684082573069563118e-02 -4.174206884449715993e-01
1.751470400256912030e-01 -3.563853216001667407e-02 -4.446644176105196133e-01
-1.131397059786967974e-01 -4.434395447970423954e-02 -2.035424372125655967e-01
-9.847606799120438292e-02 -2.126760355001078989e-02 -1.495938931458651588e-01
-1.414967587009280936e-01 -7.771263797920086036e-02 -1.671603738691563312e-01
-6.703264659080239440e-02 -7.798083873933153720e-02 -1.927846889440147926e-01
-2.803888488601941759e-02 -6.980605883878611417e-02 -1.495446688831627013e-01
-7.043498359099589767e-02 -7.315539779987927788e-03 -1.262177247690939863e-01
-3.927844469112377196e-02 -9.207533642474360902e-02 -1.107113199025158701e-01
-1.298449922170260840e-01 -1.866970906046813705e-01 -2.067513107074875622e-01
-6.811466719790705560e-02 -2.049494705998986532e-01 -1.583366929056891081e-01
-8.612257307105040949e-02 -1.517530102053499530e-01 -1.992091652746366126e-01
-1.858644481398348258e-01 -1.647784865240650987e-01 -1.717099014135561319e-01
-1.806968455918557814e-01 -1.084572353556906565e-01 -1.649965430555261625e-01
-7.975102936087377636e-02 -1.916365437128495497e-01 -1.389537287547203681e-01
-8.782726022023940038e-02 -1.332635990363249257e-01 -8.616015657713475828e-02
-5.995819432525403142e-02 -1.210379499416800037e-01 -3.590694516242384088e-02
-7.922411168366991219e-02 -8.625329217669315540e-02 -5.165440135322661025e-02
-1.975040927081693487e-01 -2.035676063197377761e-01 -1.319886944356280234e-01
-1.870958117300585977e-01 -1.707818666031358235e-01 -9.911768056607937749e-02
-1.781851379420008874e-01 -2.016013588018328306e-01 -1.223997749449447503e-01
-1.565809884032619281e-01 -1.606263296989441369e-01 -1.049957759483164527e-01
3.987421639366436343e-01 3.879425439163073919e-01 -4.523222063565133233e-01
4.635380383262004411e-01 3.632982570256720889e-01 -4.503083067024930553e-01
4.674473738228688835e-01 1.725439591139241446e-01 -3.903781506814677504e-01
4.628068769633766344e-01 1.981570425834020266e-01 -3.642675263690732801e-01
4.903547503515553463e-01 3.134507754607370744e-01 -4.370005684655635658e-01
4.451853329214446875e-01 1.228918790881027706e-01 1.619591706017227406e-01
4.471482589007428898e-01 1.550642607419569496e-01 1.133303520636393252e-01
4.565938323794972442e-01 5.081634202992495186e-02 1.812735081058148845e-01
4.753725196328513203e-01 9.530813106825037490e-03 -1.270160234250092106e-02
4.703575728866263850e-01 -5.325088225619076937e-02 3.153899818025367868e-02
4.775340363743429406e-01 -7.688607805766729808e-02 7.089502177442161268e-02
4.146611607571061286e-01 -1.103761698888266751e-01 8.832229920242344601e-02
4.278351840230855130e-01 -2.785605568746790661e-01 1.263874313523548169e-02
4.530972476178516950e-01 -2.710886645503068348e-01 -5.910095229604947487e-02
4.887307417118521013e-01 -2.614847718074833072e-01 -8.339413176439233744e-02
4.526600565758260308e-01 -8.528525974201466020e-02 1.005276568973114820e-01
4.529822169226264683e-01 -8.491166300476592210e-02 1.487799868753816590e-01
3.971018224354056492e-01 -1.624203970839509792e-01 8.299839506640752096e-02
4.035046285840160341e-01 -1.541159000249283373e-01 1.452264774105548606e-01
4.182414106506579521e-01 -1.021991866696718015e-01 9.427268649423788116e-02
4.265629680223471665e-01 -1.102179718400791014e-01 1.506410424894384925e-01
4.495613243257807201e-01 -3.325925758091414774e-01 5.027995839264287614e-02
4.420862578053288972e-01 -2.831022861545817726e-01 1.335860064623945465e-01
4.759609383629969104e-01 -3.231133042682510781e-01 1.144207060652542990e-01
4.287688917689737589e-01 -2.324251467306886199e-01 1.612782919071811538e-01
3.924267867143986788e-01 -1.857583938090691666e-01 1.597459513398505893e-01
4.201715290366304090e-01 -1.752516973816387047e-01 1.559367438902151404e-01
4.304957876611139600e-01 -2.113604877862549358e-01 -4.172210425022070956e-01
4.530311999605603490e-01 -1.259542734723288759e-01 -4.277154697715254694e-01
4.227315277191514564e-01 4.887869033112872685e-01 -3.695021636469749682e-01
4.245958625350216842e-01 4.804353392238386311e-01 -4.075321542000016617e-01
4.579259575441514962e-01 4.833212923600533895e-01 -3.872739737685942374e-01
3.903438221475049041e-01 4.567297636496354118e-01 -1.948914410126117991e-01
4.435684339103452278e-01 4.327472266273535428e-01 -1.567749573732107327e-01
2.334408398376513205e-01 4.414623435328112189e-01 -9.043114528760098914e-02
3.649976160318985086e-01 4.069970131030336558e-01 -1.532365447447286977e-01
4.061957872225248622e-01 3.501604188889511082e-01 -1.194916893473018521e-01
3.702823740009816844e-01 3.178214172972831930e-01 4.254260062354983662e-02
4.385332073099558747e-01 4.553116286206214114e-01 8.449138309553966275e-02
2.098296637704443468e-01 3.944200908104514847e-01 8.033990525562659246e-02
2.292198236011725732e-01 4.314060748778563714e-01 1.214832553257716996e-01
3.097627624676909108e-01 3.121867576242937647e-01 9.331384281675257630e-02
3.190661954433047787e-01 3.962074252369258143e-01 1.426022465412040419e-01
-5.000000000000000000e-01 -4.939594947369709832e-01 6.204856667471321530e-02
-4.997360728586384138e-01 -5.000000000000000000e-01 -9.580741176030570239e-02
-4.422881688656225552e-01 -5.000000000000000000e-01 -8.560030879097058065e-02
-4.861879371666887328e-01 -5.000000000000000000e-01 8.786973039671711061e-02
-4.496205777148745142e-01 -5.000000000000000000e-01 -9.609082090069860638e-02
-2.701573693496767681e-01 5.000000000000000000e-01 4.072931154498221074e-01
-1.639558778370707737e-01 5.000000000000000000e-01 2.647028832316218327e-01
-1.077171336189380879e-01 4.434500921931404660e-01 5.000000000000000000e-01
-2.729010678287021596e-01 5.000000000000000000e-01 4.362440323977024303e-01
-8.404058009629664094e-02 5.000000000000000000e-01 2.723546313847918232e-01
9.279576078125441330e-02 5.000000000000000000e-01 4.364551941105337951e-01
1.061727659336344776e-01 5.000000000000000000e-01 4.090185160670430919e-01
-6.190386610315352922e-02 5.000000000000000000e-01 1.023978583724082479e-02
-1.221945481355989488e-01 5.000000000000000000e-01 -1.009425381051446899e-03
-4.565392499971512863e-02 5.000000000000000000e-01 -8.198655511272015181e-03
-1.384585857096766182e-01 5.000000000000000000e-01 -8.792675596564818175e-02
2.108313298862345142e-03 5.000000000000000000e-01 -1.057715856923484299e-01
-4.803229982080959304e-01 -5.000000000000000000e-01 2.690366878048697785e-01
-4.367775555282197297e-01 -5.000000000000000000e-01 1.642804742133967266e-01
-5.000000000000000000e-01 -4.750570209286988921e-01 2.569070519889223858e-01
-4.743529005141355337e-01 -5.000000000000000000e-01 1.253988015606444240e-01
-5.000000000000000000e-01 -4.862384918051953497e-01 -9.133264687641755308e-02
-5.000000000000000000e-01 -4.653964062189389073e-01 4.486521715934634058e-02
-1.644005866927372717e-01 3.357922133942679854e-02 5.000000000000000000e-01
-8.523796868119637438e-02 7.355418896888769875e-02 5.000000000000000000e-01
-5.658360677096565400e-02 -8.971122990325865187e-02 5.000000000000000000e-01
7.174770742342598262e-02 -5.000000000000000000e-01 -2.274644775033333177e-01
-6.105310338399015657e-02 -5.000000000000000000e-01 -2.922093555693149325e-01
1.007643031681516727e-01 -5.000000000000000000e-01 -3.407767978113008245e-01
-1.639558778370707459e-01 -5.000000000000000000e-01 2.647028832316218327e-01
-2.439101576805446925e-01 -5.000000000000000000e-01 1.256119072400440351e-01
-2.701573693496767681e-01 -5.000000000000000000e-01 4.072931154498221629e-01
-3.777026872227411403e-01 -5.000000000000000000e-01 3.638838091977196765e-01
-5.000000000000000000e-01 -2.098155834484904114e-01 -1.983448752366111512e-01
-5.000000000000000000e-01 -2.274496586335388593e-01 -2.164826212447735487e-01
-5.000000000000000000e-01 -3.390853092242563926e-01 -1.784720749253838890e-01
-5.000000000000000000e-01 -3.468823428344929294e-01 -1.574172174224414966e-01
-5.000000000000000000e-01 -2.651931473974087350e-01 -1.013601706735288294e-01
-5.000000000000000000e-01 -2.216082104022068233e-01 -1.178474798357946052e-01
-5.000000000000000000e-01 -2.302826214042174302e-01 -1.090913720620984989e-01
-5.000000000000000000e-01 -2.456845640612659032e-01 -1.045139632916049638e-01
-4.321169516319605663e-01 -5.000000000000000000e-01 -1.000113123674456345e-01
-5.000000000000000000e-01 -3.389792981821467821e-01 1.200455720082268529e-01
-5.000000000000000000e-01 -3.361388262592437948e-01 1.188031725662272581e-01
-5.000000000000000000e-01 -2.632587641979753923e-01 -9.727874420568510816e-02
-5.000000000000000000e-01 4.132190558474401199e-01 -4.192180779947147773e-01
-4.279936826534955774e-01 5.000000000000000000e-01 -3.870766367840768885e-01
-5.000000000000000000e-01 4.694102389658879604e-01 -3.847092566024636895e-01
1.106682994984577034e-01 -5.000000000000000000e-01 4.051804866398035498e-01
-2.300661948190925454e-02 -5.000000000000000000e-01 2.270426900187139108e-01
-8.404058009629666870e-02 -5.000000000000000000e-01 2.723546313847918787e-01
1.061727659336345053e-01 -5.000000000000000000e-01 4.090185160670430919e-01
1.123665491501537606e-01 -5.000000000000000000e-01 4.040807849494105763e-01
1.897158354963649485e-01 -5.000000000000000000e-01 1.950997495308183782e-01
3.998530718594445199e-02 -5.000000000000000000e-01 1.175749572238627139e-01
1.776261713124708819e-01 -5.000000000000000000e-01 1.570252439194192995e-01
-5.000000000000000000e-01 2.588069243903892147e-01 -1.092583972973783235e-01
-5.000000000000000000e-01 3.495460026669945375e-01 -1.529602849685864352e-01
-5.000000000000000000e-01 1.650856441678056619e-01 -2.220852076225303673e-01
-5.000000000000000000e-01 1.808210005126538733e-01 -2.522422277698155302e-01
-4.641494048767911274e-01 2.235667452507111019e-01 -5.000000000000000000e-01
-5.000000000000000000e-01 1.261416673248965115e-01 -4.984020910109476232e-01
-5.000000000000000000e-01 1.591566796244217319e-01 -4.254191773891220496e-01
-4.703447955399977509e-01 2.708961870056319499e-01 -5.000000000000000000e-01
-4.659168372190663487e-01 2.496393240003060010e-01 -5.000000000000000000e-01
-5.000000000000000000e-01 3.048095965051850764e-01 -4.437295312636549416e-01
-4.259899152712846582e-01 1.556562642944592789e-01 -5.000000000000000000e-01
-4.905155891428317760e-01 1.193310578381623632e-01 -5.000000000000000000e-01
-2.154527567684396405e-01 -5.000000000000000000e-01 7.047271545539593451e-02
-3.866688470745928696e-01 -5.000000000000000000e-01 -1.234192455406646488e-01
-1.900196502450393066e-01 -5.000000000000000000e-01 -1.572129449322784145e-01
-1.384585857096766459e-01 -5.000000000000000000e-01 -8.792675596564814011e-02
-1.221945481355990182e-01 -5.000000000000000000e-01 -1.009425381051455572e-03
-3.786260701147516894e-01 -5.000000000000000000e-01 -1.332872991786315797e-01
-6.190386610315351534e-02 -5.000000000000000000e-01 1.023978583724085775e-02
-5.043465327308543217e-02 -5.000000000000000000e-01 1.687575325864446030e-02
-4.565392499971511475e-02 -5.000000000000000000e-01 -8.198655511271996099e-03
-5.000000000000000000e-01 -5.848172879229586452e-02 -2.436317390982294662e-01
-5.000000000000000000e-01 -5.540737149316869725e-02 -2.464207932647234089e-01
-5.000000000000000000e-01 2.427051157324420366e-03 -1.265716501585210374e-01
-5.000000000000000000e-01 2.082714425837246461e-02 -1.266846963159595774e-01
-5.000000000000000000e-01 6.582058416221073238e-02 -1.872016074413655473e-01
-5.000000000000000000e-01 -9.884810074934669011e-02 3.400199108089564659e-02
-5.000000000000000000e-01 -1.922626655142927188e-01 -8.179946244930036414e-02
-5.000000000000000000e-01 -6.295647098396837948e-02 -8.723274160879603001e-02
-5.000000000000000000e-01 -1.944693356225348779e-01 -1.003479323945026119e-01
-2.154527567684396128e-01 5.000000000000000000e-01 7.047271545539596227e-02
-3.786260701147516894e-01 5.000000000000000000e-01 -1.332872991786315797e-01
-3.866688470745928141e-01 5.000000000000000000e-01 -1.234192455406646349e-01
-1.900196502450392788e-01 5.000000000000000000e-01 -1.572129449322783867e-01
-5.043465327308542523e-02 5.000000000000000000e-01 1.687575325864444295e-02
3.998530718594437566e-02 5.000000000000000000e-01 1.175749572238626306e-01
-2.300661948190927536e-02 5.000000000000000000e-01 2.270426900187139108e-01
-2.439101576805446092e-01 5.000000000000000000e-01 1.256119072400440351e-01
1.106682994984576757e-01 5.000000000000000000e-01 4.051804866398036054e-01
-5.000000000000000000e-01 2.320438261415790904e-01 6.187469981083586201e-02
-5.000000000000000000e-01 1.973750692851876376e-02 -3.691242542594120463e-02
-5.000000000000000000e-01 1.610652305115062854e-01 1.305483701275838015e-01
-5.000000000000000000e-01 -8.987566935325372319e-02 5.850787798666259171e-02
-5.000000000000000000e-01 -9.922880447431742246e-02 1.491912636586445462e-01
-5.000000000000000000e-01 5.164194020452324285e-02 2.027440142741338547e-01
-5.000000000000000000e-01 1.440198889224837686e-01 1.674181728636525979e-01
-2.585072851958981621e-01 2.348883174519351136e-01 5.000000000000000000e-01
-2.847116807147239692e-01 1.995786021753210848e-01 5.000000000000000000e-01
-2.943556805415410427e-01 2.741519397441344874e-01 5.000000000000000000e-01
-4.659168372190663487e-01 2.496393240003059733e-01 5.000000000000000000e-01
-5.000000000000000000e-01 2.884277138110786232e-01 4.355618792140180662e-01
-5.000000000000000000e-01 3.062006530586126596e-01 3.330819264758454468e-01
-5.000000000000000000e-01 3.384603994675955407e-01 4.255569990423758719e-01
-5.000000000000000000e-01 3.582677468687132660e-01 3.552404796521758668e-01
-2.729010678287021041e-01 -5.000000000000000000e-01 4.362440323977024303e-01
-5.000000000000000000e-01 -4.083073096552373160e-01 2.555431676445154010e-01
-5.000000000000000000e-01 -3.124124774011641792e-01 3.371057972322220597e-01
-5.000000000000000000e-01 -4.345287673930081085e-01 2.627623851198798155e-01
-3.657772246796468507e-01 -4.255865504092734009e-01 5.000000000000000000e-01
-3.385456656897783967e-01 -5.000000000000000000e-01 4.290170773464822007e-01
-2.742171434448631984e-01 -5.000000000000000000e-01 4.373636854537288343e-01
-3.794615086658005287e-01 -3.202955130410982121e-01 5.000000000000000000e-01
-5.000000000000000000e-01 -1.020765843423753344e-01 1.503041223103777357e-01
-5.000000000000000000e-01 2.536587723323217511e-02 4.036076565763044854e-01
-5.000000000000000000e-01 -8.788388987948422826e-02 4.691056361226286775e-01
-5.000000000000000000e-01 -2.360079729272991644e-01 3.316980012240472453e-01
-1.914305921432752078e-01 2.443164042361010702e-01 5.000000000000000000e-01
-5.398116791389023089e-02 1.288228123402686554e-01 5.000000000000000000e-01
4.940832839742323457e-03 1.422389711154522784e-01 5.000000000000000000e-01
1.994381529086586974e-02 4.066429197914526728e-01 5.000000000000000000e-01
-8.658942944969072464e-02 4.089550558680126180e-01 5.000000000000000000e-01
-5.000000000000000000e-01 1.521761791774949857e-01 -3.974598528994165436e-01
-5.000000000000000000e-01 -8.887893731887117066e-02 -3.811128386257983114e-01
-5.000000000000000000e-01 -8.968254213065023073e-02 -4.984203590178902243e-01
-5.000000000000000000e-01 -1.199404152358606451e-01 -4.166507700904747979e-01
-5.000000000000000000e-01 -2.557795288507730413e-01 -3.407554381564263379e-01
-5.000000000000000000e-01 -2.283515907794779753e-01 -3.819782733790984541e-01
-5.000000000000000000e-01 1.838079398157088096e-01 -2.757462958166436162e-01
1.298423528866163301e-01 1.351525730507852074e-01 5.000000000000000000e-01
1.911051570967261526e-01 2.096713675074297900e-01 5.000000000000000000e-01
2.098334818616630348e-01 3.035308666524154653e-01 5.000000000000000000e-01
9.656601635450612342e-02 4.314537039655119144e-01 5.000000000000000000e-01
1.776261713124708541e-01 5.000000000000000000e-01 1.570252439194192995e-01
1.123665491501540520e-01 5.000000000000000000e-01 4.040807849494104098e-01
1.897158354963649207e-01 5.000000000000000000e-01 1.950997495308184060e-01
5.932686846461021624e-02 -3.127031579780629178e-01 5.000000000000000000e-01
-5.923670507048191258e-02 -2.701548632269598071e-01 5.000000000000000000e-01
8.025807967165894674e-02 -9.852703103289520148e-02 5.000000000000000000e-01
-5.293746808288557482e-02 -9.832600701099213081e-02 5.000000000000000000e-01
-8.958167485181668666e-02 -1.455866467388751140e-01 5.000000000000000000e-01
-9.045279121885879681e-02 -1.672211549536806174e-01 5.000000000000000000e-01
-2.746252019418546908e-01 -2.723061681441544812e-01 5.000000000000000000e-01
-1.749898152134601870e-01 -3.922000628569113356e-01 5.000000000000000000e-01
-1.101424758679557525e-01 -3.816738054592845875e-01 5.000000000000000000e-01
-2.095535548079462684e-01 -1.780362785170499229e-01 5.000000000000000000e-01
-4.906273934736586628e-02 -4.155777712375408606e-01 5.000000000000000000e-01
9.868992698209266834e-02 -4.275041528746861830e-01 5.000000000000000000e-01
1.068022125254924348e-01 -4.156839633305540183e-01 5.000000000000000000e-01
1.576761388145773435e-01 -4.777318322691759961e-02 5.000000000000000000e-01
2.823811542611681658e-01 -3.612628479210065469e-01 5.000000000000000000e-01
3.032769016349291524e-01 -3.132528386496664652e-01 5.000000000000000000e-01
1.886979344402875958e-01 -6.014977012840359849e-02 5.000000000000000000e-01
4.118651855707148313e-01 -5.000000000000000000e-01 -3.581583738653503213e-01
2.823811542611681658e-01 -3.612628479210064913e-01 -5.000000000000000000e-01
3.726081027949686431e-01 -5.000000000000000000e-01 -3.009896697566034618e-01
1.086280666934573702e-01 -5.000000000000000000e-01 -3.540567496615268928e-01
9.868992698209266834e-02 -4.275041528746862385e-01 -5.000000000000000000e-01
1.068022125254924209e-01 -4.156839633305540738e-01 -5.000000000000000000e-01
7.850213103401913750e-02 -5.000000000000000000e-01 -1.753465472553638604e-01
2.108313298862365959e-03 -5.000000000000000000e-01 -1.057715856923484299e-01
2.350862871636246743e-01 -5.000000000000000000e-01 -8.239927457119544663e-02
2.316482206624291551e-01 -5.000000000000000000e-01 4.957892990311479897e-02
3.739569970881755356e-01 -5.000000000000000000e-01 -1.778056627120871147e-01
-2.303387210416137365e-01 -4.702691914904427173e-01 5.000000000000000000e-01
-2.799774803442245941e-01 -4.836372754819056596e-01 5.000000000000000000e-01
-4.101478879645288345e-01 -1.173692226727213184e-01 -5.000000000000000000e-01
-3.494800035772138158e-01 -2.803241677637264839e-01 -5.000000000000000000e-01
-3.794615086658003622e-01 -3.202955130410979900e-01 -5.000000000000000000e-01
-4.259680844004794520e-01 -3.615140139250433426e-01 -5.000000000000000000e-01
-4.418256619521464534e-01 -3.618494717636821512e-01 -5.000000000000000000e-01
-5.000000000000000000e-01 -3.501694855554417507e-01 -3.102520407585915296e-01
-5.000000000000000000e-01 -4.902167675037605865e-01 -3.909145506629893019e-01
-4.020068380349733350e-01 -5.000000000000000000e-01 -3.745411672824637273e-01
-1.984351305957844092e-01 -5.000000000000000000e-01 -3.834547150655906456e-01
-1.505197356795263119e-01 -5.000000000000000000e-01 -3.007197858086730902e-01
-3.502662442233927531e-01 -5.000000000000000000e-01 -3.915510031663853585e-01
-2.297629629086305747e-01 -5.000000000000000000e-01 -3.928973225844410999e-01
-3.657772246796467952e-01 -4.255865504092735119e-01 -5.000000000000000000e-01
-3.382673967822408256e-01 -4.655380136148160597e-01 -5.000000000000000000e-01
-4.279936826534955219e-01 -5.000000000000000000e-01 -3.870766367840768329e-01
-2.303387210416137088e-01 -4.702691914904427173e-01 -5.000000000000000000e-01
-1.545012560086442277e-01 -5.000000000000000000e-01 -4.747546913124328083e-01
-4.906273934736594955e-02 -4.155777712375408606e-01 -5.000000000000000000e-01
-1.505197356795263119e-01 5.000000000000000000e-01 -3.007197858086731457e-01
7.174770742342599650e-02 5.000000000000000000e-01 -2.274644775033332622e-01
7.850213103401913750e-02 5.000000000000000000e-01 -1.753465472553639160e-01
-6.105310338399004555e-02 5.000000000000000000e-01 -2.922093555693149325e-01
-8.658942944969072464e-02 4.089550558680126180e-01 -5.000000000000000000e-01
-1.984351305957843814e-01 5.000000000000000000e-01 -3.834547150655906456e-01
-1.914305921432752355e-01 2.443164042361010424e-01 -5.000000000000000000e-01
-2.865673957582054454e-01 5.000000000000000000e-01 -4.477205983244423315e-01
-2.297629629086307412e-01 5.000000000000000000e-01 -3.928973225844412109e-01
-2.943556805415409872e-01 2.741519397441344874e-01 -5.000000000000000000e-01
-2.585072851958981066e-01 2.348883174519350858e-01 -5.000000000000000000e-01
-3.502662442233929196e-01 5.000000000000000000e-01 -3.915510031663853030e-01
-4.020068380349732795e-01 5.000000000000000000e-01 -3.745411672824637273e-01
-5.000000000000000000e-01 3.048291584900864604e-01 -4.436996798111154106e-01
1.007643031681516033e-01 5.000000000000000000e-01 -3.407767978113007690e-01
-2.847116807147240802e-01 1.995786021753208905e-01 -5.000000000000000000e-01
-3.169490770801161039e-01 1.354879354209857500e-01 -5.000000000000000000e-01
-2.746252019418546908e-01 -2.723061681441544812e-01 -5.000000000000000000e-01
-1.749898152134601592e-01 -3.922000628569113356e-01 -5.000000000000000000e-01
5.000000000000000000e-01 -4.653964062189388518e-01 4.486521715934631283e-02
5.000000000000000000e-01 -4.862384918051954052e-01 -9.133264687641752533e-02
3.480092874638958111e-01 5.000000000000000000e-01 4.259023453843032714e-01
3.925815533374437116e-01 3.855524255633048791e-01 5.000000000000000000e-01
-4.641494048767911274e-01 2.235667452507111019e-01 5.000000000000000000e-01
-4.259899152712846582e-01 1.556562642944592789e-01 5.000000000000000000e-01
3.462243747008869610e-01 -2.531623416258479628e-02 5.000000000000000000e-01
3.727635054441739149e-01 7.889723985852986621e-02 5.000000000000000000e-01
4.539661264335038138e-01 -1.027740015327089085e-01 5.000000000000000000e-01
3.995313231873900417e-01 -2.573263185953768017e-01 5.000000000000000000e-01
4.979264014298884766e-01 1.246606555093622004e-01 5.000000000000000000e-01
4.991800738456729225e-01 -8.934160259797675752e-02 5.000000000000000000e-01
5.000000000000000000e-01 9.925072994107811408e-02 4.839672039978860640e-01
-3.382673967822408256e-01 -4.655380136148160597e-01 5.000000000000000000e-01
5.000000000000000000e-01 -3.468823428344929294e-01 -1.574172174224414966e-01
5.000000000000000000e-01 -3.390853092242563371e-01 -1.784720749253839167e-01
5.000000000000000000e-01 -3.501694855554417507e-01 -3.102520407585915296e-01
-1.101424758679558358e-01 -3.816738054592846430e-01 -5.000000000000000000e-01
-5.923670507048193340e-02 -2.701548632269598627e-01 -5.000000000000000000e-01
5.932686846461020236e-02 -3.127031579780629178e-01 -5.000000000000000000e-01
3.480092874638958111e-01 -5.000000000000000000e-01 4.259023453843032159e-01
4.233358783784489932e-01 -5.000000000000000000e-01 2.900837520046086193e-01
3.804191611027314401e-01 -4.656861826378645430e-01 5.000000000000000000e-01
5.000000000000000000e-01 -3.584034382409927999e-01 4.567412795530080838e-01
5.000000000000000000e-01 -4.345287673930082195e-01 2.627623851198798155e-01
5.000000000000000000e-01 -3.514647679694652971e-01 3.925593949339071798e-01
5.000000000000000000e-01 -3.124124774011641237e-01 3.371057972322221152e-01
5.000000000000000000e-01 -4.083073096552373160e-01 2.555431676445153455e-01
9.279576078125444105e-02 -5.000000000000000000e-01 4.364551941105337396e-01
-3.385456656897783967e-01 5.000000000000000000e-01 4.290170773464822007e-01
-4.803229982080960414e-01 5.000000000000000000e-01 2.690366878048697785e-01
-3.777026872227411403e-01 5.000000000000000000e-01 3.638838091977196765e-01
-2.742171434448632539e-01 5.000000000000000000e-01 4.373636854537288343e-01
-4.367775555282198408e-01 5.000000000000000000e-01 1.642804742133966989e-01
5.000000000000000000e-01 3.384603994675955407e-01 4.255569990423759830e-01
4.728341688550520838e-01 3.474134779230495518e-01 5.000000000000000000e-01
5.000000000000000000e-01 3.161926822155306516e-01 4.498942023824586967e-01
5.000000000000000000e-01 2.884277138110787342e-01 4.355618792140178996e-01
4.474095453124949384e-01 5.000000000000000000e-01 2.785341801196838385e-01
4.233358783784488821e-01 5.000000000000000000e-01 2.900837520046087303e-01
5.000000000000000000e-01 3.582677468687133215e-01 3.552404796521758112e-01
-3.494800035772138158e-01 -2.803241677637264284e-01 5.000000000000000000e-01
-4.101478879645288345e-01 -1.173692226727213184e-01 5.000000000000000000e-01
-2.046147680024678617e-01 -1.626001296920943362e-01 5.000000000000000000e-01
-2.931182505272006411e-01 -4.818564741116163758e-02 5.000000000000000000e-01
-3.169490770801161594e-01 1.354879354209857778e-01 5.000000000000000000e-01
-2.658646615979525785e-01 3.526380823965949429e-02 5.000000000000000000e-01
1.086280666934573702e-01 5.000000000000000000e-01 -3.540567496615270038e-01
9.656601635450609566e-02 4.314537039655119144e-01 -5.000000000000000000e-01
1.994381529086582810e-02 4.066429197914526728e-01 -5.000000000000000000e-01
-9.045279121885882456e-02 -1.672211549536806729e-01 -5.000000000000000000e-01
-2.095535548079461852e-01 -1.780362785170497841e-01 -5.000000000000000000e-01
-2.931182505272006411e-01 -4.818564741116165839e-02 -5.000000000000000000e-01
-2.046147680024678062e-01 -1.626001296920943640e-01 -5.000000000000000000e-01
-2.658646615979525785e-01 3.526380823965948735e-02 -5.000000000000000000e-01
-5.293746808288556788e-02 -9.832600701099213081e-02 -5.000000000000000000e-01
8.025807967165891899e-02 -9.852703103289524311e-02 -5.000000000000000000e-01
-8.523796868119637438e-02 7.355418896888769875e-02 -5.000000000000000000e-01
-5.658360677096565400e-02 -8.971122990325865187e-02 -5.000000000000000000e-01
1.576761388145772602e-01 -4.777318322691760655e-02 -5.000000000000000000e-01
-5.398116791389023089e-02 1.288228123402686554e-01 -5.000000000000000000e-01
1.298423528866163301e-01 1.351525730507852074e-01 -5.000000000000000000e-01
4.940832839742281823e-03 1.422389711154522784e-01 -5.000000000000000000e-01
-8.958167485181670053e-02 -1.455866467388751417e-01 -5.000000000000000000e-01
-1.644005866927372439e-01 3.357922133942679160e-02 -5.000000000000000000e-01
1.886979344402876235e-01 -6.014977012840364706e-02 -5.000000000000000000e-01
3.032769016349291524e-01 -3.132528386496664652e-01 -5.000000000000000000e-01
2.098334818616630071e-01 3.035308666524155208e-01 -5.000000000000000000e-01
1.911051570967261526e-01 2.096713675074298178e-01 -5.000000000000000000e-01
5.000000000000000000e-01 -2.360079729272991922e-01 3.316980012240472453e-01
5.000000000000000000e-01 -8.788388987948422826e-02 4.691056361226286775e-01
-5.000000000000000000e-01 4.777025087979561713e-01 1.029130838446543073e-01
-4.743529005141355892e-01 5.000000000000000000e-01 1.253988015606444240e-01
-4.861879371666887328e-01 5.000000000000000000e-01 8.786973039671709673e-02
-4.422881688656227217e-01 5.000000000000000000e-01 -8.560030879097023371e-02
-5.000000000000000000e-01 4.175817476144078055e-01 -1.600697408910551622e-01
-4.496205777148748473e-01 5.000000000000000000e-01 -9.609082090069852311e-02
-4.321169516319605108e-01 5.000000000000000000e-01 -1.000113123674456206e-01
3.727635054441739704e-01 7.889723985852986621e-02 -5.000000000000000000e-01
3.925815533374437116e-01 3.855524255633048236e-01 -5.000000000000000000e-01
5.000000000000000000e-01 1.591566796244218152e-01 -4.254191773891220496e-01
4.728341688550520838e-01 3.474134779230495518e-01 -5.000000000000000000e-01
5.000000000000000000e-01 3.048095965051850764e-01 -4.437295312636549416e-01
3.462243747008869610e-01 -2.531623416258479281e-02 -5.000000000000000000e-01
5.000000000000000000e-01 2.536587723323215429e-02 4.036076565763044854e-01
5.000000000000000000e-01 3.062006530586125486e-01 3.330819264758452802e-01
5.000000000000000000e-01 1.440198889224838519e-01 1.674181728636526256e-01
5.000000000000000000e-01 5.164194020452322204e-02 2.027440142741338547e-01
5.000000000000000000e-01 -1.944693356225349057e-01 -1.003479323945025287e-01
5.000000000000000000e-01 -1.922626655142927743e-01 -8.179946244930048904e-02
5.000000000000000000e-01 -6.295647098396839336e-02 -8.723274160879603001e-02
5.000000000000000000e-01 -9.884810074934669011e-02 3.400199108089577149e-02
5.000000000000000000e-01 -2.216082104022067678e-01 -1.178474798357946607e-01
5.000000000000000000e-01 -2.302826214042174580e-01 -1.090913720620984989e-01
5.000000000000000000e-01 1.610652305115062577e-01 1.305483701275837738e-01
5.000000000000000000e-01 1.973750692851876376e-02 -3.691242542594118381e-02
5.000000000000000000e-01 -9.922880447431739470e-02 1.491912636586445740e-01
5.000000000000000000e-01 -8.987566935325376483e-02 5.850787798666257783e-02
5.000000000000000000e-01 -1.020765843423753622e-01 1.503041223103777635e-01
5.000000000000000000e-01 -3.389792981821467266e-01 1.200455720082268113e-01
5.000000000000000000e-01 -2.651931473974086795e-01 -1.013601706735287045e-01
5.000000000000000000e-01 -3.361388262592437393e-01 1.188031725662272164e-01
5.000000000000000000e-01 -2.632587641979753923e-01 -9.727874420568514979e-02
5.000000000000000000e-01 -2.098155834484904114e-01 -1.983448752366111789e-01
5.000000000000000000e-01 -2.274496586335387760e-01 -2.164826212447734655e-01
5.000000000000000000e-01 -2.456845640612663195e-01 -1.045139632916048250e-01
5.000000000000000000e-01 2.320438261415790904e-01 6.187469981083580650e-02
5.000000000000000000e-01 2.588069243903892147e-01 -1.092583972973783235e-01
5.000000000000000000e-01 1.650856441678056896e-01 -2.220852076225303395e-01
5.000000000000000000e-01 2.082714425837253053e-02 -1.266846963159596329e-01
5.000000000000000000e-01 6.582058416221073238e-02 -1.872016074413655751e-01
5.000000000000000000e-01 1.521761791774950690e-01 -3.974598528994165991e-01
5.000000000000000000e-01 1.838079398157088373e-01 -2.757462958166437272e-01
5.000000000000000000e-01 1.808210005126538733e-01 -2.522422277698154747e-01
5.000000000000000000e-01 -5.540737149316869725e-02 -2.464207932647234367e-01
5.000000000000000000e-01 -8.887893731887114290e-02 -3.811128386257983669e-01
5.000000000000000000e-01 2.427051157324465469e-03 -1.265716501585210929e-01
5.000000000000000000e-01 -5.848172879229596166e-02 -2.436317390982293829e-01
5.000000000000000000e-01 -2.283515907794780031e-01 -3.819782733790983986e-01
5.000000000000000000e-01 -1.199404152358606590e-01 -4.166507700904747979e-01
3.995313231873900972e-01 -2.573263185953767462e-01 -5.000000000000000000e-01
4.539661264335038138e-01 -1.027740015327089362e-01 -5.000000000000000000e-01
5.000000000000000000e-01 -2.557795288507730413e-01 -3.407554381564263934e-01
5.000000000000000000e-01 3.495460026669945375e-01 -1.529602849685864352e-01
3.726081027949686431e-01 5.000000000000000000e-01 -3.009896697566034618e-01
4.123027875891110972e-01 5.000000000000000000e-01 -4.388155897815940176e-01
4.118651855707148868e-01 5.000000000000000000e-01 -3.581583738653502658e-01
5.000000000000000000e-01 4.694102389658879604e-01 -3.847092566024635785e-01
4.847471848414332540e-01 5.000000000000000000e-01 -3.899053291059729753e-01
5.000000000000000000e-01 4.132190558474400643e-01 -4.192180779947147773e-01
3.739569970881755911e-01 5.000000000000000000e-01 -1.778056627120870870e-01
5.000000000000000000e-01 4.996090727916916441e-01 -9.611073612313242309e-02
4.956933132782521123e-01 5.000000000000000000e-01 6.542405078725996304e-02
2.316482206624291551e-01 5.000000000000000000e-01 4.957892990311481979e-02
2.350862871636246465e-01 5.000000000000000000e-01 -8.239927457119546050e-02
5.000000000000000000e-01 4.175817476144078055e-01 -1.600697408910551622e-01
5.000000000000000000e-01 4.777025087979561713e-01 1.029130838446543211e-01
5.000000000000000000e-01 3.048291584900864604e-01 -4.436996798111154106e-01
