158 506
10 117
335 40
123 109
151 341
17 16
86 82
346 378
339 261
194 279
176 55
193 68
160 424
363 326
355 247
28 72
292 96
39 126
14 100
288 338
5 379
11 72
57 393
84 28
359 230
307 608
60 157
321 319
195 350
291 120
326 291
47 549
193 597
303 306
89 225
96 98
147 653
230 359
261 346
55 176
128 130
359 745
149 148
378 346
59 72
327 786
2 528
161 265
255 144
114 693
265 321
190 191
337 181
324 208
250 537
259 780
177 115
215 217
64 266
59 85
157 503
315 679
13 84
281 284
320 658
301 308
249 545
166 83
257 197
110 108
282 284
115 768
213 300
353 354
120 363
330 21
173 438
252 652
277 155
242 640
205 227
313 49
163 165
316 195
209 278
354 731
303 124
317 645
365 761
94 151
284 621
164 146
147 164
210 15
12 86
258 267
201 322
77 629
106 105
94 699
259 559
357 744
53 443
15 445
266 684
85 59
111 53
201 202
158 505
226 54
151 672
225 224
256 664
235 565
164 246
365 177
2 389
1 536
47 45
233 316
141 648
72 74
341 342
361 740
276 150
216 348
347 714
273 249
126 130
92 167
136 137
60 628
56 107
143 569
326 756
342 315
10 680
170 274
191 47
318 647
49 313
297 488
364 759
235 236
115 589
241 509
209 484
107 26
339 227
171 86
123 542
352 735
86 84
75 74
186 101
375 368
160 426
53 29
129 130
344 104
18 562
71 81
218 36
34 431
172 174
138 247
262 77
72 22
5 381
331 277
139 248
305 225
215 216
192 195
199 99
322 309
209 108
157 502
377 40
218 16
219 222
177 10
320 657
145 133
196 65
358 767
253 256
71 414
191 242
178 92
41 43
82 81
282 150
223 344
75 420
77 6
193 599
115 114
345 711
204 261
64 145
358 360
130 58
316 363
271 362
359 747
73 13
171 441
327 788
257 656
82 173
87 29
229 494
172 7
232 612
234 233
351 732
214 489
106 401
267 266
294 293
248 252
179 585
316 317
295 294
47 191
306 303
162 662
277 180
320 660
317 318
66 67
253 643
252 555
49 466
344 713
278 121
168 587
26 118
60 386
153 487
93 172
60 5
30 580
130 61
175 683
207 234
208 205
306 718
322 271
114 461
348 720
256 663
272 197
316 646
24 295
100 188
270 266
123 3
179 462
39 40
206 288
273 138
72 73
120 540
172 91
300 206
175 267
117 116
337 376
133 197
59 412
366 331
320 159
147 146
356 253
174 171
49 469
131 135
166 167
368 238
17 37
147 256
89 32
30 582
92 179
224 225
140 253
363 350
209 483
52 9
306 784
154 204
198 309
194 280
19 59
364 771
359 357
357 739
265 239
319 320
360 741
324 260
141 650
251 553
18 561
77 262
62 144
298 29
268 778
294 0
184 183
5 380
60 79
295 211
27 120
257 248
178 114
234 496
339 774
203 470
119 236
318 649
136 249
231 232
118 27
116 230
88 34
223 227
264 265
300 51
275 274
175 327
310 230
312 614
159 244
254 666
300 297
241 510
282 313
82 80
7 429
58 130
293 294
325 326
326 292
75 419
60 527
34 564
202 251
42 43
0 218
74 75
352 736
244 515
62 135
257 557
327 787
117 50
292 346
221 42
172 176
261 324
346 779
169 170
47 242
34 92
66 89
21 330
104 223
274 168
226 344
110 406
225 299
193 615
55 298
320 659
78 77
240 511
361 359
71 416
136 199
43 221
119 570
216 307
141 140
267 145
23 3
242 641
358 362
367 336
114 460
327 758
348 719
323 675
189 546
306 632
79 377
176 7
324 346
365 762
284 622
103 226
81 72
105 402
145 584
173 574
200 33
353 242
339 302
54 463
118 482
366 330
124 226
361 748
145 246
362 749
107 325
340 285
56 118
294 601
5 417
6 388
295 602
0 173
148 695
284 712
256 665
6 418
237 235
297 296
308 305
54 49
262 264
290 292
234 207
301 302
118 538
123 121
341 701
121 543
84 85
26 110
106 475
347 715
264 624
338 346
163 159
67 117
18 111
245 58
52 0
174 173
175 769
204 203
30 125
193 224
130 245
221 87
55 690
267 750
56 120
273 132
11 85
265 264
304 302
294 490
337 335
307 348
319 722
240 54
147 248
269 117
112 221
362 266
5 382
233 497
84 410
358 268
42 33
239 238
255 721
196 202
322 738
378 776
164 320
328 686
80 415
302 228
70 237
151 311
328 575
93 91
365 364
166 578
23 2
371 366
150 596
85 127
359 362
24 2
76 398
149 151
171 442
86 440
306 631
228 633
221 44
119 98
229 495
3 531
2 73
346 261
349 725
224 54
127 39
94 46
26 57
0 211
15 294
182 335
55 90
298 225
320 661
316 354
83 12
249 196
314 737
151 283
260 560
113 287
71 75
208 339
141 142
146 246
267 360
316 120
129 583
220 38
326 378
171 172
27 291
283 340
327 760
134 248
59 78
151 698
173 0
237 234
145 258
274 586
6 74
241 240
365 764
285 283
210 152
263 264
347 753
376 14
104 198
341 700
302 301
34 176
56 404
168 581
324 325
127 126
190 142
109 479
266 594
349 354
239 157
323 670
156 367
140 144
55 689
10 35
53 217
252 356
351 728
329 145
303 781
295 603
207 108
58 518
143 264
276 710
308 307
253 189
46 47
251 257
162 319
47 48
99 95
130 126
319 321
340 702
342 341
74 5
80 81
33 41
313 150
105 476
105 110
35 455
236 119
305 717
271 323
269 362
235 262
32 299
203 471
205 339
7 447
256 321
88 35
266 365
8 40
176 452
344 224
179 457
119 140
254 667
3 567
303 228
147 556
296 225
150 595
314 353
359 361
326 195
108 110
130 129
8 168
218 38
193 50
180 181
213 210
8 31
12 174
3 530
128 61
349 724
5 383
184 17
358 789
305 606
60 520
0 210
117 617
229 613
110 407
275 590
102 193
192 98
272 273
10 458
170 10
89 87
329 328
332 333
342 705
84 12
305 241
290 155
362 361
7 433
173 20
344 343
320 256
242 642
172 167
48 63
296 308
53 172
7 34
19 11
280 96
117 269
338 287
365 763
149 674
63 196
129 685
106 26
56 403
75 413
217 53
108 203
54 226
373 368
67 31
85 84
54 464
111 448
25 533
81 86
342 350
359 743
324 777
204 154
135 373
143 623
263 143
171 174
146 328
65 547
239 526
58 79
0 174
106 395
23 123
190 635
350 752
352 727
97 48
30 592
157 244
206 289
315 242
342 340
260 203
302 303
84 86
368 264
191 354
271 322
2 23
224 598
357 746
15 0
265 625
156 369
77 60
240 468
222 219
179 456
55 691
303 782
349 754
20 295
262 368
353 734
25 24
216 493
161 320
326 363
150 620
58 59
340 704
173 436
372 373
0 20
249 137
54 281
120 56
246 165
299 112
201 197
235 264
107 397
57 539
7 563
76 408
305 605
328 246
246 145
355 164
21 16
243 245
250 118
183 334
344 226
209 600
317 140
163 571
32 33
349 733
329 687
328 576
7 432
44 222
312 310
374 372
296 307
342 279
347 773
343 280
309 149
357 742
76 399
147 355
22 75
276 694
187 186
103 512
278 295
158 159
188 187
313 229
277 369
349 726
123 70
35 170
10 114
21 333
177 365
60 522
292 326
306 305
347 343
210 294
72 385
327 364
132 14
45 46
351 349
341 94
14 61
342 707
176 167
234 118
370 369
133 131
242 644
244 161
127 168
239 525
358 751
65 151
285 708
106 394
360 271
298 216
98 290
249 356
212 218
129 246
248 147
313 312
195 347
30 64
372 156
56 405
52 53
103 345
74 71
246 328
306 308
191 353
264 238
357 359
257 554
110 481
377 376
323 258
3 22
168 166
247 137
178 179
168 591
240 467
78 60
90 35
182 185
226 224
310 50
295 604
161 239
92 449
216 492
157 500
31 270
56 396
37 36
269 270
149 232
168 9
253 190
77 72
162 320
127 577
310 616
340 703
130 517
213 297
168 125
209 293
243 514
295 24
225 241
46 548
169 90
264 627
181 100
316 192
295 1
110 118
202 197
348 716
350 191
85 411
98 4
228 259
221 220
170 178
214 217
204 472
283 311
86 572
255 254
345 226
121 69
287 286
40 37
142 638
58 521
180 336
322 359
65 311
165 328
262 566
235 366
188 186
362 269
156 95
305 607
6 384
308 610
88 176
353 730
261 259
148 229
318 351
211 294
10 459
172 430
278 209
266 64
342 706
7 434
109 209
36 13
366 262
45 194
34 453
94 341
126 127
355 256
28 81
140 318
276 696
157 523
55 450
378 772
139 145
150 229
193 54
224 193
118 56
281 344
234 237
250 541
121 477
147 552
122 478
249 252
171 83
225 304
174 12
127 516
117 68
54 465
80 391
268 766
104 344
25 534
4 156
171 435
49 54
264 568
370 371
34 428
54 240
187 289
86 173
33 200
72 19
198 230
111 491
190 636
332 183
135 4
253 356
252 253
271 266
140 190
274 588
320 655
279 350
240 508
151 276
354 351
51 300
197 145
93 166
359 322
316 544
97 62
118 120
50 66
229 149
265 626
71 423
185 184
168 31
279 340
212 211
306 723
255 253
22 262
303 783
146 550
244 243
142 637
315 678
44 41
109 25
248 249
262 22
47 189
6 630
116 618
163 513
298 55
83 573
119 317
127 579
130 519
168 127
354 318
75 390
252 651
323 197
59 387
109 485
175 681
111 215
163 164
333 277
152 154
144 253
238 60
364 765
289 286
344 227
204 474
301 297
329 688
120 316
375 14
258 676
14 374
164 669
360 323
174 53
259 558
367 370
178 274
322 671
15 444
238 265
363 755
124 304
57 76
117 90
362 271
56 326
241 306
68 90
158 504
294 486
275 593
301 609
68 619
140 97
268 358
122 123
125 128
356 189
1 24
347 775
13 0
57 392
123 532
119 233
110 400
51 112
227 339
342 45
31 168
240 507
297 153
113 200
232 309
122 480
339 226
15 53
302 339
74 72
336 337
351 353
160 425
241 124
71 422
243 165
234 121
101 182
168 30
57 118
212 0
248 138
294 210
155 95
203 204
256 253
157 501
230 231
303 634
315 677
324 107
69 235
140 191
81 421
316 349
28 409
119 316
327 358
116 310
253 639
353 352
70 69
371 331
365 362
92 93
178 170
174 437
0 52
145 682
117 692
47 63
53 0
197 257
152 153
50 68
135 134
286 99
30 129
2 529
168 770
251 249
204 473
161 134
301 296
146 668
145 551
378 324
65 202
303 785
244 245
12 84
113 272
154 209
346 339
208 324
225 102
94 697
18 611
139 197
356 249
9 166
131 132
173 439
159 160
185 38
170 169
46 65
123 25
258 145
68 89
176 111
235 498
210 214
232 673
263 119
284 709
342 191
261 260
1 535
27 234
289 288
91 427
319 654
68 102
334 332
341 340
276 148
374 375
34 454
349 316
177 275
110 76
15 446
157 524
55 451
220 218
364 757
334 40
257 147
119 499
101 219
113 199
349 729
