473 549
387 404
515 729
389 657
601 555
530 561
491 742
437 676
574 552
422 395
448 741
484 639
438 551
490 553
590 464
623 747
521 754
627 680
721 745
589 465
628 459
414 571
629 458
446 554
501 768
514 731
630 455
441 559
646 469
408 718
544 468
587 711
424 728
539 509
482 605
429 788
558 699
431 785
445 557
442 780
480 637
770 713
483 546
423 393
447 751
479 635
517 753
578 774
582 708
472 697
481 606
625 749
471 640
398 736
497 597
535 664
499 615
565 691
421 394
406 636
383 405
430 781
648 494
584 702
492 744
591 712
631 695
688 700
434 789
513 730
439 550
384 456
583 703
502 762
444 656
420 564
476 641
433 750
390 658
409 397
487 547
722 743
588 463
593 622
428 784
417 392
541 511
475 679
600 652
534 663
569 618
522 724
381 585
719 746
391 659
573 779
611 739
523 725
531 452
626 748
498 619
474 548
520 726
407 638
572 560
538 510
410 777
647 495
411 776
681 710
413 563
576 707
604 556
425 758
427 782
579 773
402 644
526 763
655 778
645 614
632 696
650 612
594 621
529 661
412 756
537 598
683 694
432 767
443 675
533 667
603 653
685 704
765 596
527 460
506 761
489 670
771 620
536 665
580 714
435 687
400 642
380 461
649 613
540 507
504 760
488 671
388 457
379 462
608 673
609 672
633 698
426 727
581 715
449 783
602 651
516 775
528 660
682 701
532 720
542 689
575 705
586 512
566 451
577 772
477 607
401 734
567 450
519 752
543 690
686 706
610 674
592 709
505 766
624 692
419 453
485 643
568 617
470 677
493 738
693 467
525 764
503 759
684 595
496 599
418 454
415 669
436 668
524 733
478 717
385 396
654 740
570 616
486 545
386 403
518 755
399 737
