-3.832192177054528637e-01 -2.140355551578653481e-01 -2.458156653673807673e-02
-4.717504420995323189e-01 -1.043496675128282036e-01 -2.707556557585274470e-01
-4.642979568448259431e-01 -1.812757350014360391e-01 -3.505413158033109933e-01
-3.494700511213533756e-01 -1.316689976923926808e-01 -4.637033141721527141e-01
7.324907700439495239e-02 -2.745688358308840185e-02 -2.104961814378138729e-01
-1.567825826564530345e-01 -4.690228739618887421e-01 -4.655511965829464138e-01
-1.956830254854215467e-01 -3.637556311216716409e-01 -4.745857552774941368e-01
-4.642970836701614257e-01 -3.518210675484980676e-01 4.532988349661278282e-01
-3.056846175532273308e-02 -3.359117116677905468e-01 1.283934350606192321e-01
-3.188616001822444646e-01 -2.186402016838341344e-01 8.878807177353563451e-02
-2.219592949016686162e-02 -3.362420375727906419e-01 4.456861975039400625e-01
-1.944963546215364714e-01 -3.784642157859795519e-01 -2.273469201187363342e-01
-2.955890909468664174e-01 -4.102309538747581641e-01 -5.651810275456559812e-02
-2.474658712203321176e-01 -2.155875273245697055e-01 -6.255130957244185719e-02
4.972372706619745258e-02 -1.316368671745525021e-01 -1.350511339268349598e-01
-4.736195896482621182e-01 -1.124533768249104393e-01 9.050235454636949839e-03
-1.975423285746371327e-01 -1.079906445524854014e-01 -1.222616343028885000e-01
-1.792089228039884241e-01 -1.268713035824415858e-01 -1.186075699647290427e-01
-4.745213473354707445e-01 -1.398940925677258362e-01 4.621176906609631985e-01
-1.934410335715860407e-01 -3.907011022553941171e-01 -2.547534579109077546e-01
-4.150911525277933278e-01 -2.097054260736711528e-01 -1.274978353486762306e-01
-1.921588970465196722e-01 -1.207266074563573960e-01 -1.798112875204739003e-01
-2.234801288926285823e-01 -1.717934250379262728e-01 -3.947752198109255040e-01
-3.942829514632134602e-01 -1.307750358948777114e-01 -3.765081179619512719e-01
-4.614022230274270053e-01 -1.045205616976592894e-01 -2.583324909845372552e-01
-4.750603154852974241e-01 -3.084914995943975960e-02 -3.395141319094701626e-01
-3.204394213570692651e-01 3.854716870228633296e-01 -3.379501074528751259e-01
-1.766066667805140655e-01 2.985687647229128272e-01 -3.762833378070469803e-01
-3.168437880458526701e-01 -4.426196534289231765e-01 -2.245359317895786466e-01
-2.693326852515520731e-01 -2.567922259607653968e-01 1.787564847141156210e-01
1.937224960371749793e-01 -4.824325803728821693e-01 1.286525384181037568e-01
-1.034100796595426031e-02 -2.975797060106845082e-01 1.380399994551709253e-01
-1.003156697024654431e-01 -6.725180741701136666e-02 1.486485478439430463e-01
-2.927821660082618668e-02 -9.521681607525576962e-02 8.248130056631206020e-02
-3.269017908202325184e-01 -3.604760419685725248e-01 4.454901295516455750e-01
-1.354530541296112001e-01 -3.063754623441411473e-01 4.264636916799414146e-01
-2.026333462166197696e-01 -1.384087542157391160e-01 -7.268985653976639538e-02
-1.663197500868338341e-01 -1.456757381358992631e-01 -1.068078637489213861e-01
-1.752149858875027555e-01 -9.292943195151923130e-02 -7.470398255831785239e-02
-1.382643626261755368e-03 -4.300882010312092607e-01 -5.267907372020536744e-02
-1.126235394118056954e-01 -1.446874349374222546e-01 -1.136071540861438717e-01
-7.058719850713725263e-02 -1.145082165497144366e-01 6.084544493182856423e-02
-6.766738577488112805e-02 -1.134743060182633184e-01 5.050069876516865425e-02
-9.688264765252205257e-02 -1.251618756248589481e-01 5.743066817104836019e-02
-8.958414324073715740e-02 -1.209901788693259206e-01 3.877845760228010308e-02
3.840712737552208211e-01 3.148470384158973956e-01 -7.672700432926438108e-02
4.257821199439854043e-01 2.848750019373931797e-01 -1.494911959912773904e-02
3.815215928887306651e-01 2.838976922865251717e-01 -1.461140971378893372e-01
3.061934618296802690e-01 1.663962908265873009e-01 -1.629239210686835859e-01
1.143874424356926545e-01 3.892085466304047170e-01 4.469763721255112232e-01
3.591581858937037755e-03 1.626557967947678957e-02 4.297710744452269971e-01
-2.981148991175772700e-01 3.629493423823113019e-04 9.196347878298670453e-02
-3.495907236620620639e-01 -2.211736818891540390e-01 9.053680733085668619e-02
-3.708751831469384030e-01 -2.467022348857631775e-01 1.527394502158930800e-01
-2.320194065282193963e-02 4.045828330619049007e-01 3.929784546976125559e-01
-2.277915381795643512e-01 -1.379856440105140525e-01 4.547989552024399584e-01
-1.843680562134139278e-01 4.304809497535133089e-01 -3.368455178574997766e-01
-2.964030064455897007e-01 4.239015728393882299e-01 -4.373266107302686834e-01
7.614467598625652978e-02 -4.512917682902281569e-01 -2.196954893680714005e-01
-1.295533898886172541e-01 -4.401376427869219121e-01 -2.339222438400236914e-01
-2.911560114624879569e-02 -4.292609721528016786e-01 -4.260684045940399955e-01
1.430517244890751882e-01 -3.736443669053310379e-01 -1.063762952942462481e-01
2.716701613879394239e-01 7.236739526687320512e-02 -2.623288200842364137e-01
3.307338247261807362e-01 1.716285698389596326e-01 -1.023563341989223302e-01
2.162724069432780116e-01 -4.436754110651334182e-01 2.407860956479128678e-01
4.229449834086521642e-01 2.107478785132806121e-01 9.051215778509547061e-02
-1.271627687875663201e-02 -2.187807170127288245e-02 3.182039058495107486e-01
3.235056731296406113e-02 -7.720470791830799651e-02 3.485843236649071031e-01
-2.494655215944811821e-02 2.561038855481719695e-02 4.494056942972897151e-01
-1.822411462311384622e-01 8.438448071315437365e-03 -4.288284284469541796e-01
-1.959819181155647849e-01 1.910348090619945483e-02 -4.129363560441108860e-01
-4.456113099158667823e-01 -4.745548060641287536e-01 -3.620885920956199433e-01
-2.795103675778141672e-01 -3.939633995043483328e-01 -3.239898823574749454e-01
-3.446279149231137873e-01 -3.328261550587015005e-01 -3.210971655770773481e-01
-3.115834429160207475e-01 -3.967863069925429698e-01 -4.292867920565431317e-01
-3.749177567607430150e-01 -3.943751160897752683e-01 -4.795590251107279545e-01
-4.783101800700496065e-01 3.856063660078384303e-01 -4.729518232050492488e-01
-1.217090961665688587e-01 -2.936281030891498278e-01 -4.150912898463737788e-01
-8.759410292571739864e-02 -3.678511579422373834e-01 -3.436765222826865251e-01
4.172374748485708357e-02 -4.082777213654411042e-01 -2.621215578706103111e-01
-4.604138926365228257e-01 -3.662101373918646430e-01 -2.653180973087402861e-01
-3.883447835959758510e-01 -4.252137904470468244e-01 -2.580205599727386501e-01
-4.276096783752951769e-01 -3.778705326391597064e-01 -1.933757856092068461e-01
-2.712632715201537259e-01 -4.484105480931822041e-01 6.467622863703849367e-02
-2.843409848532970075e-01 -4.283467509723836164e-01 -1.097694994284107578e-01
-1.672359850981100238e-01 -4.279732371049641548e-01 -1.320269549504871354e-01
-3.820876749416415308e-01 -4.259041007332377005e-01 -1.212828377845924371e-01
-1.965803738951613366e-01 -2.052598117533588895e-01 1.962959960550733629e-01
-2.748667002485052913e-01 -2.897906275275346499e-01 4.390999705618868210e-01
-1.249697132445940218e-01 -5.252793492124484959e-02 2.243066326205844785e-01
-1.388877412191491245e-01 -2.428512409914143078e-01 4.502301368127116787e-01
-3.383205213668499800e-01 -4.331788770033448976e-01 2.720963601364403406e-01
-2.419830222821485466e-01 -4.191674721629312095e-01 3.542887297321969942e-01
-2.954015060999086173e-01 -4.274373291024071708e-01 2.487065629110276899e-01
4.531390642038278238e-01 3.701630074757573108e-01 6.427959935239496714e-02
2.423043301317479026e-02 4.213132165915845634e-02 -1.820348369348546436e-01
1.295888105492599696e-01 2.184811155604243771e-01 1.576505129906746738e-02
2.954197850465361541e-01 1.242040511914271894e-01 -2.513967134232228395e-01
7.549562160778418296e-02 1.382484797511266683e-01 -3.000569639328380389e-01
9.342538979679626543e-02 -1.617443886724632615e-03 -2.356927652447555685e-02
-1.673213480295471234e-02 -9.840824907950547484e-02 -1.071104798921545531e-01
-8.205472481334424861e-02 -5.362683650968985694e-02 -4.229435736544031460e-02
-1.023655436228215337e-01 8.644092969348808608e-02 4.408628966031357677e-01
-1.121658590413146389e-01 4.484124793848199286e-01 2.657549880149684407e-01
-4.403435480388807888e-02 2.285778107213398413e-01 1.909613281777667870e-01
-4.693238166232490682e-01 3.625573732442641806e-01 -2.622924464580222437e-01
-4.559228348914677320e-01 4.404216151981713012e-01 -2.729889421828883833e-01
-2.832059179695937123e-01 4.265726567420481952e-01 -2.370352438092611647e-01
-4.289428977490870043e-01 3.017386851282439220e-01 -2.354400768812258682e-01
-4.902555801072802089e-01 1.017670271263599047e-01 -2.400965500224217508e-01
-4.628588621435413830e-01 3.073049333880595868e-01 -2.577975676238288827e-01
-4.659221614100192421e-01 -1.587249407942664392e-01 4.179908003650510961e-01
-2.043134282703083782e-01 -5.419992114997166516e-02 9.972838741989013822e-02
8.619101018709444950e-02 -3.275259348961559458e-02 5.776963432698280221e-02
-4.259993045666918277e-02 -4.427997789411315388e-01 4.633133779259271945e-01
6.073908418714699803e-02 -4.776450756812914422e-01 4.497326769084214471e-01
1.912039608459107642e-01 2.886450886574392499e-02 4.434263359965560092e-01
6.611919351887471374e-02 -6.413971586536371117e-02 4.319243745439630966e-01
-2.259644973898027043e-01 3.344686944831629649e-01 -4.113870444659362136e-01
8.198161304444709363e-02 1.103459676751694790e-01 -4.374564907427500593e-01
-1.521266596908246171e-01 3.516196895136682876e-01 -3.896525377038137505e-01
-2.371776775507309920e-01 7.883362777821728562e-02 -4.455076946744756516e-01
-4.011800219537063339e-01 1.078241587416825104e-01 -4.773918180307027415e-01
-3.567449133757755741e-01 -1.218164431940067620e-02 -4.610685303806923430e-01
-2.363224822896293209e-01 3.742523155394747447e-01 3.716503302594569846e-01
1.834349756082580274e-01 -3.780933741262047509e-01 6.902012499220571036e-03
1.399751434896562112e-02 -4.132801470102404062e-01 -8.666986255499666003e-02
-3.195902576291417829e-02 -4.504042249810948917e-01 -3.234379037163714193e-02
1.484195700305589727e-01 -3.700097129304816268e-01 -7.640693179380916855e-02
1.857467595618631784e-01 -4.727285894692489499e-01 -5.186767761241267705e-02
1.098261157834657664e-01 -4.439143076931128529e-01 -1.274871397794949679e-01
1.603869679576142293e-01 -1.301785503951984335e-01 -9.101545650014643274e-02
1.616529720875182208e-01 -1.192398195679507250e-01 -3.610667804868453179e-02
3.841575558124109002e-01 -2.426655717802885248e-01 7.664383514101470729e-02
1.929293897293957172e-01 -3.245800241290698884e-01 -3.334791895997299416e-01
1.201280528499589773e-01 -8.487274546462261759e-02 -1.827232915024600557e-01
2.276270675818036493e-01 -3.576488361348195005e-02 -1.512980490705333192e-02
3.040820562122785176e-01 -9.332746261527437304e-02 -8.808488354929794317e-02
3.345191526076411459e-01 -1.252974812496392421e-01 -7.383647991168929003e-02
4.164691759823370698e-01 -1.902878742316029825e-01 2.765326415153718589e-02
3.732526930697538381e-01 1.085805488128099711e-01 -2.915485827696038812e-01
4.258754389515607142e-01 1.949940753878160182e-01 -4.380364230602468711e-01
4.639382247902176237e-01 1.879861666379971097e-01 -3.814112685951753789e-01
1.683829528422302879e-01 -6.826727239266837388e-02 -4.684392008511435446e-01
3.538752536064293519e-01 5.179035628922920576e-02 -3.006693510060342023e-01
3.941178700762767995e-01 -3.142669502664197090e-01 5.403628069894798186e-02
4.621157412688068344e-01 -3.335130801182932814e-01 -1.470297781648710334e-01
4.634206810780343577e-01 -1.750827977581525807e-01 -1.233941743360568444e-01
4.189892491259716856e-01 3.271435993393595476e-01 3.945567224030499531e-01
4.315865369768587811e-01 2.399328705725049249e-01 3.982887017970984100e-01
3.080585963396944016e-01 4.456773778971812594e-01 3.834860979079083299e-01
4.273766678427221022e-01 3.439560003137988597e-01 1.170399671435223277e-01
-4.355323973382090319e-01 1.298551151204948850e-01 5.100212849575995466e-02
-4.414845777745227684e-01 1.239303032319683529e-01 9.959437480541619148e-02
-4.681137074567805478e-01 2.172251010738344701e-01 -5.064117830822457977e-02
-3.028129195448381675e-02 8.486756526454393434e-02 -1.949053487764921266e-01
2.589615147678008683e-02 -2.527887688367271013e-02 -1.989960038768237571e-01
1.473068890769032857e-01 -4.668549148672501148e-01 -4.585114852948927733e-01
3.889916539807186102e-01 -3.568103636638475518e-01 -4.859211260131882093e-01
3.839311761171583792e-01 -3.810839965553747821e-01 -4.145738491549615934e-01
4.026109608894780645e-01 -4.440282600302352667e-01 -4.611325854855805040e-01
1.943667002372575225e-01 -3.311229232752511131e-01 -3.839321358826397468e-01
4.205078810209521012e-01 -1.932561818357585726e-01 -4.393555650674504931e-01
4.439374893465088401e-01 -4.438084937109653128e-01 -3.042454168183440499e-01
4.573596312709677369e-01 -3.308729735628611612e-01 -2.455736701181707726e-01
3.762650196495287425e-01 -4.412907874847634693e-01 -1.820853109231999889e-01
-1.842377231002701454e-01 -4.678914012581774640e-01 1.266679628797530710e-01
-2.783911264529890794e-01 -3.792379586412046866e-01 2.503606284248901526e-01
-8.449978007982289485e-02 -4.417927766597374295e-01 1.191002243638506486e-01
-6.860602628899249711e-02 -3.213002737163699885e-01 3.442082352663130562e-01
-6.247260887872819329e-02 -3.694557443436963240e-01 3.548033285502662504e-01
-4.009880557864048956e-01 -4.078676072248754725e-01 9.783385252125341436e-02
-3.647896262009823198e-01 -3.884756275388211999e-01 1.898895837474793569e-01
-4.630233341915503953e-01 -2.675433136612692664e-01 -9.760569763199485049e-02
-4.050857543393615035e-01 -3.497277307052383821e-01 1.071679740664565061e-01
4.511929178263500706e-01 -4.788356678959897472e-01 3.074197818529036952e-01
-3.271823949894522854e-01 -2.512507762510283738e-01 4.552837321212895305e-01
1.087501387942160502e-01 -4.042584628608756891e-01 4.290252652417120283e-01
-1.021513832926949639e-01 -4.151533421227038279e-01 3.616985707349870682e-01
-1.850632389991042348e-01 -4.346118677036343025e-01 4.713269613644354150e-01
-6.217577879997596146e-02 -7.067478087728377989e-02 -1.492990573320477077e-01
-3.834833001929882634e-02 -8.301957743606844242e-02 -1.226439209956134563e-01
-1.058398529198812110e-01 -7.772451381146547322e-02 -8.037871641178896687e-02
-1.537913482659071795e-01 -1.247591616313842994e-01 -1.160002687151288625e-01
-1.535522844838352052e-01 -1.118625559407884079e-01 -1.199728186443898142e-01
-1.383782556456869539e-01 -9.205371604014579712e-02 -8.812265337514746388e-02
-6.757355296741257566e-02 -4.673957192181879550e-02 -6.885937975948525080e-02
-7.194366442502916903e-02 -3.236563834448212551e-02 -8.333657112083725504e-02
-5.172994580784021079e-02 -5.410953835388529476e-02 -8.617722719701209622e-02
4.453434354688364238e-01 1.090961262636218898e-01 -1.988399161385808189e-01
4.625500844060477790e-01 1.477983563734414640e-01 -3.130706322824845511e-01
3.783059748046181392e-01 3.171772634683213132e-01 -1.803881582268071770e-01
9.734060789372971090e-02 2.610756199799397215e-01 -3.022457252706811093e-01
-7.011627496070818588e-02 1.326132892352081538e-01 4.562046784163264479e-01
2.375053665281257331e-01 3.168998168256997316e-01 -1.518670099740024142e-02
2.031924245446747324e-01 3.841198093822666970e-01 -1.738814680167102278e-01
3.756705305735527634e-01 7.139696361612833664e-02 -1.469483752409401697e-02
4.109208662396885425e-01 -1.570413321792754613e-01 8.786870983773270583e-02
2.863887781313144698e-01 6.608535518674507614e-02 3.723231610321122154e-01
1.216630151862524295e-01 -1.483124846151904173e-02 1.858919425082226906e-03
2.493696927299076521e-02 -7.671327391471156887e-02 8.377482521247804625e-02
3.937981071036186220e-01 -5.226499277942688731e-02 2.084760067961426988e-01
4.222144390462642671e-01 2.852584824368040867e-02 4.910352172991799824e-02
-4.556657941555333768e-01 3.469555165373589545e-01 -1.293459148490142263e-01
-4.904439434206656068e-01 2.826666868421066625e-01 -6.120158393768190125e-02
-2.519583455567100394e-01 2.853278975366999592e-01 6.705907613423064961e-02
-1.549464973070550089e-01 1.151819435008527709e-01 -3.874339474907156217e-02
-1.702662902170113401e-01 1.702887405739562376e-01 -3.955366445979141554e-01
-2.577599882739673443e-01 3.390338547330040142e-01 -1.040878958728200798e-01
-4.660122551321541629e-01 7.392076915386526503e-02 -1.826059379054614795e-01
-4.082144841017408265e-01 6.780524357039555139e-02 5.716328145837520219e-02
-3.880226247830959596e-01 -9.750888151153222494e-02 -8.222905758708788648e-02
-2.996638299983828135e-01 -9.590045000975994105e-02 -6.671707490797880447e-02
-3.605613223629814401e-01 9.077150670780842479e-02 1.080746124673110653e-01
-4.426564242609787869e-01 -1.545134899800597039e-01 1.897588022741855951e-01
-4.585890457153765087e-01 -1.142144072059890353e-01 3.509348488270888078e-01
-4.743720113641132219e-01 -1.696247737578720355e-02 3.610840832457582472e-01
-3.876446427799494221e-01 -1.929673384829057037e-01 1.760946553319472918e-01
-2.135387097965689429e-01 -1.025152821603729225e-01 -7.778710401106891936e-02
-8.697445222736405190e-02 -6.560846972083329842e-02 -6.636575788418965123e-03
-1.695812451207030225e-01 -1.002078904282067556e-01 -4.039194388534098762e-02
-1.370239243446013389e-01 -1.247314410545519447e-01 5.026081204509618566e-02
-8.880666679254491103e-02 -7.576988882514494594e-02 2.214893292370279099e-02
-7.035627477499793725e-02 2.365699919159203191e-01 1.787720533373781950e-01
-1.187769658693293984e-01 2.248502956566505451e-01 3.504951165534974655e-01
-1.827295659610746192e-01 2.096376800422889708e-01 3.752272602533315848e-01
-1.060941107387082666e-01 3.580002993932215327e-01 2.629683503093329100e-01
-2.171739588364023088e-01 2.709105555280914568e-01 9.904085989440132576e-02
-4.276474730897723564e-01 4.117608784170526670e-01 1.878574217323688289e-01
3.693431935177977077e-01 3.464042659947579317e-01 4.415618312687785152e-01
2.775394769114283289e-01 3.378572001235451844e-02 4.100956076570831943e-01
3.546091902591482214e-01 9.664999921122297000e-02 4.590115446535739663e-01
4.220381022593323039e-01 1.490134804442210525e-01 4.313069142816938206e-01
-7.283553169700576410e-03 1.526912192819340763e-01 -4.507430330450242217e-01
-1.627781176621005410e-01 1.552987619221843918e-01 -4.200366174759982418e-01
-8.815608542342956433e-02 -4.666853760804691442e-02 -4.476031123241722143e-01
8.436313928766685233e-02 8.505741033306730980e-02 -4.058882246565218566e-01
-1.587367595773727658e-01 7.649235630977864464e-02 -4.021504826536926314e-01
1.481533312833495930e-01 -2.601233178558756132e-01 -4.625067742520922454e-01
1.854556943834429483e-01 -3.318298265763274246e-01 -4.644724255782792799e-01
-7.574729037362368245e-02 4.045205858671863663e-01 4.523577205634509713e-01
-2.420358627720786415e-01 3.714753523172457106e-01 4.722423809031235375e-01
4.635333489600062529e-01 3.407505257704858681e-01 -2.203569927839517106e-01
2.606244210019728058e-01 -4.443176535404710914e-01 -2.588227385893216437e-01
2.115102634822566274e-01 -4.216094604971721282e-01 -3.436507511299287110e-01
1.805022730779436702e-01 -4.259938469834183561e-01 -2.476332877275179145e-01
3.874515588552774337e-01 -4.067030873426309978e-01 -1.126616500844542929e-01
3.315610167696830812e-01 -1.322385252964600189e-01 -1.238715901301717659e-01
4.142483562949731413e-01 -1.279835485427532893e-01 -6.399673948188601413e-02
4.156253532749665247e-01 -9.005337549361433491e-03 -7.646185927776763536e-02
-1.652750998876016120e-01 3.443090650025204535e-01 -4.770112662021956940e-01
4.466381917776233723e-01 -2.218683822460956051e-02 7.214039261855757779e-03
4.557362004826374102e-01 -1.879068475123468751e-02 -1.572992678150713919e-01
4.330924660278662186e-01 6.539729408891920004e-02 -2.657913714204069300e-01
4.689637341915734448e-01 8.876340081027110293e-03 -4.466641894749481811e-01
4.059736446128388576e-01 2.238354121725037726e-02 -4.284435542179567680e-01
4.686270298360372122e-01 -7.833073096353300457e-02 -2.959129801096867518e-01
4.504426261231387896e-01 -1.183026840555929660e-01 3.348101073802092070e-03
4.452781976891319604e-01 -3.021997949165108333e-01 1.148925167369017897e-01
-4.192596503067147484e-01 4.553710771325927831e-01 8.716961399433048596e-02
-3.800256184181127206e-01 4.252038303932608176e-01 -8.106391664549345011e-02
-3.150451436872820921e-01 4.109624674867206617e-01 -2.443648011654908289e-02
-1.288023815139248962e-01 -2.035023605294865867e-01 -4.042328490409388131e-01
1.463854021688452134e-01 -7.903223776506966558e-02 -4.563672483102717559e-01
1.178317481643308962e-01 -1.543230953410632544e-01 -4.653600793590124129e-01
1.821496862768411384e-01 -2.019549156205949214e-01 -4.781871634021781503e-01
2.389523372010290692e-01 -4.390902160374167695e-01 2.845444585180098573e-01
4.400783077805066612e-01 -3.579450914943462236e-01 2.745635118623067084e-01
4.353476972327447458e-01 -3.191482081897881740e-01 4.787028409236783744e-01
1.303248491785354568e-01 -1.120727999315482143e-01 4.249550840299681775e-01
4.180331450009279644e-03 -2.675025999198900051e-01 1.868337011468484410e-01
3.503780528232972036e-01 -1.246478375867114685e-01 3.302249938053531952e-01
1.495333065084711310e-01 -5.763509671116277822e-02 5.541075203186008463e-02
1.732883215910475672e-01 -1.106215265945751092e-01 3.052660287180694598e-02
-6.487814959617513311e-02 -4.522689311224633579e-01 3.175010554166601273e-01
5.496328700962221231e-02 -4.627546308689771681e-01 3.137280129862358158e-01
3.914174863249171299e-01 4.568613569755919368e-01 3.507095448825111039e-01
-8.138804665886742451e-02 -4.604518280074235831e-02 -1.879312643298413077e-01
-4.355333025100623923e-01 2.248252834721287813e-02 -1.900896877135932195e-01
2.774196255762614860e-01 4.268349913507614724e-01 -3.748938596767106141e-02
1.459293982019753966e-01 2.764149191052741039e-01 2.192334905787000909e-02
7.307135436321914035e-02 3.889687611974013137e-01 3.223357858703731482e-01
2.154498264560179011e-01 3.989911811843528944e-01 3.450976615896174104e-01
2.882638006482184934e-01 4.204334829493038272e-01 9.996251788822893558e-02
1.406937414026969979e-01 4.623859453315358747e-01 2.775532263610839268e-01
2.458557236391079315e-01 4.570508887503584861e-01 1.037395802931466299e-01
-1.519525451552960482e-01 1.288630314877412253e-01 -7.715140882560336810e-02
-1.275516479532883829e-01 1.429525529370114789e-01 -7.288307778821277727e-02
-1.439662897492389459e-01 1.235276937174404205e-01 -5.127681649417662607e-02
-1.544104915785341481e-01 9.221575931263435721e-02 -7.048216161273662683e-02
-8.481029222406391219e-03 1.406731082302201119e-01 -2.268099954839452315e-01
-1.482026184537713065e-01 3.294586251894876527e-01 -3.554149522155872765e-01
-1.099766772034687506e-01 3.781079692196390174e-01 -1.362764869929237177e-01
-4.486264032975179061e-01 9.091165244387560546e-03 -3.782148297911894219e-02
-4.475934884785867096e-01 -2.016586871086171323e-02 -1.354285480432082002e-02
-4.651502953631097559e-01 -1.231401528255844646e-01 -1.716733792066347519e-01
-4.115885300171668870e-01 1.839768281730954080e-01 3.237042576687618189e-01
-3.772635754486342030e-01 1.229950688954483395e-01 1.567907591343217222e-01
-2.439510497126528010e-01 -1.004515675876042347e-01 4.248016466308634498e-01
-1.622736021713781229e-01 -4.733275494187161314e-02 1.234619439215754177e-01
-3.161811849519276518e-01 6.843059293814915400e-02 1.013810386626666227e-01
-4.248734886652022480e-01 2.636561367037588699e-01 2.284095141952305619e-01
-3.882966316931290018e-01 3.214958754647013750e-01 2.098847417160802087e-01
-3.784145410745432536e-01 4.574937211496640788e-01 2.997491865507835862e-01
-2.491768360359623014e-01 3.474256344016511400e-01 3.313674582798660229e-01
-3.404496897351410589e-01 1.968407563065447119e-01 4.799337021979058759e-01
-4.419485238777495772e-01 4.086363066198472893e-01 4.368613777444868007e-01
-4.344680173617403440e-01 1.043169471286146122e-01 3.887374372433968217e-01
-4.328478996074345275e-01 2.306214421137421922e-01 3.544215085155346667e-01
4.038055478203919635e-01 1.669753513350487883e-01 4.020271054228364838e-01
2.004853926518417317e-01 8.701268124346758781e-02 4.562812871285983340e-01
3.889659292315015837e-01 2.997156508451705448e-01 1.189091757375203423e-01
2.071879340753535192e-01 2.859349095588081813e-01 4.518591770243292061e-01
1.955737439514712572e-01 3.585734625011977039e-01 4.226590589899262840e-01
4.541249722138528955e-01 3.856458109639580578e-01 -4.374895530656416343e-01
4.817594775719131750e-01 4.400482514494122865e-01 -1.756003992861114305e-01
9.046972935094865775e-02 3.553396682108051485e-01 -4.300591882057394622e-01
1.858761824367309856e-01 2.826366444387580779e-01 -4.799165683255046111e-01
3.067280708210095574e-01 3.713174434831482129e-01 -4.690011493499337547e-01
3.556559286690233468e-01 -1.493551258464626830e-01 -4.242770588817570410e-01
4.615443650514967078e-01 -2.334653913320316743e-01 -3.841635536356791669e-01
3.228630341162053718e-01 -1.437591821401339731e-01 -4.004354978912382790e-01
3.961015231008533366e-01 -5.044226572032618067e-02 3.354555859132642981e-01
4.438099300670054759e-01 -1.932971227688816407e-01 1.677959641799829371e-01
-2.542458978529472668e-01 4.076964938614091039e-01 -1.123546420022013131e-01
-2.079084869067738817e-01 3.868596696609166163e-01 -1.683931341476276877e-01
-1.006285283676904424e-01 4.019592055454732082e-01 -1.784528831430851059e-01
4.408014670232131560e-01 -4.406627748075279127e-01 4.830841336072120296e-01
4.098220163836889807e-01 -4.452772767571463453e-01 -1.094152366587521769e-01
4.718960405714306416e-01 -4.569585856994419770e-01 4.216003327473169526e-03
-1.721515838049858804e-01 -1.151150954333827470e-01 -2.201379391377647210e-01
-9.493122113855392841e-02 -7.419891780226936517e-02 -2.249435109503541974e-01
-1.463556825499898462e-01 -1.250764864503621510e-01 -1.454829089893720506e-01
-1.399332095343494009e-01 -9.913397125958575695e-02 -1.763310066732365622e-01
-1.456537038375901594e-01 -1.484223539161367567e-01 -1.268532007360472780e-01
-8.295552073211238941e-02 -1.227245718841118299e-01 -1.090537945233185091e-01
-4.179002951465629612e-02 -7.883812169291683214e-02 -1.561640035092901613e-01
-3.837540689729433685e-02 -1.108858657920844537e-01 -1.257458019569653029e-01
-1.168361044242828273e-01 1.488170457902328603e-01 -6.853221836155788671e-02
-2.739989012613013863e-01 2.930500167411346224e-01 1.017294994070192110e-01
2.943448252809370280e-01 4.628490636226373911e-01 4.426274841307570318e-02
4.022719047228841549e-01 4.482245677753942670e-01 2.564706752017071809e-02
3.763382002316847386e-01 4.651800834973118248e-01 -7.042768988902896321e-02
8.316562336970968750e-02 3.353449244601908186e-01 4.466565798351410793e-02
-6.183815105555591496e-02 2.628697592665142357e-01 2.054983976847779559e-01
-1.087034679249645752e-01 4.584695849554584202e-01 2.167341616767899937e-01
-1.668383751487496625e-01 4.254384343294553283e-01 -3.470295175406398758e-02
1.891961109926824577e-02 4.783952299827094468e-01 1.688076866971226220e-02
-4.645635371430019145e-01 -9.982308989582275999e-03 4.410959665622739556e-01
1.222811915041881747e-01 4.671431971131863037e-01 -4.055730744030018875e-01
1.836845186448373413e-01 4.269042393367614152e-01 -1.426731446027229844e-01
3.119137550589363150e-01 4.407593614989340769e-01 -4.575433162854613545e-01
4.495619840882315033e-01 4.702816265725695000e-01 -4.310085841176993782e-01
4.033291976921681843e-01 4.322280596759095483e-01 -3.641835518553304119e-01
2.381732004362103194e-01 4.279304807002307087e-01 -4.058206088962681424e-01
3.880431811622478411e-01 -1.473566722565884390e-01 -1.703720751409333600e-01
4.185378352696527138e-01 4.750490967367596018e-02 -1.792426531775912768e-01
4.637543449758923519e-01 -9.193858403386716283e-02 4.462064046087563796e-01
4.649152079006393934e-01 -3.397388876324585749e-01 4.468566755638864740e-01
3.487652111871416549e-01 -5.861047498732938066e-02 4.352171835653266263e-01
4.419541239473442906e-01 -2.687753709832445548e-01 3.391480635833685753e-01
2.952584985546570229e-01 -1.293737473398149096e-01 4.541131348684281921e-01
2.667578705701959541e-01 -1.563261011779236431e-01 4.609726813674556167e-01
1.127639437638380121e-03 4.432179429228166878e-01 -1.708287769573968717e-01
2.738863055933041801e-01 -4.711614746889962180e-01 4.303747065612225087e-01
1.939712653817177168e-01 -3.846677666034702958e-01 4.467645343611724718e-01
-1.084995202743049697e-01 -1.022130227378039297e-01 -2.681278371422014528e-01
-2.405599145873167991e-02 -5.622734302716729526e-02 -1.837737788319921406e-01
6.872652804929456349e-02 -1.601253780542865324e-01 -2.957316424904887220e-01
-3.339025732668646912e-02 -3.884447491364073635e-02 -1.950930683880014171e-01
-4.909225061330388384e-02 -6.335491999043976752e-02 -1.990623418793352473e-01
-7.962437706386321645e-02 -7.772497105261852446e-02 -2.210110836053499617e-01
6.541910953609704482e-02 -1.147503285194140660e-01 -2.085875785608594934e-01
9.545991870650882838e-02 -1.184093240403627512e-01 -2.110202238178214840e-01
7.364505888771619158e-02 -1.353272406297596209e-01 -1.776166441293130505e-01
6.404230637038341167e-02 -1.562571143625907377e-01 -2.105431810028151884e-01
-4.264216615899762107e-03 -1.409524904435362491e-01 -1.308770807833123939e-01
-4.425350115165490456e-02 -1.542323161978894908e-01 -1.183721406797466763e-01
-1.379697949331766538e-01 4.390613761767925838e-01 -7.252851479241087529e-02
-1.505451432513201515e-01 -4.503229168957408879e-01 -5.000000000000000000e-01
-9.877282827644445762e-02 -4.632852030358403095e-01 -5.000000000000000000e-01
-1.759954871802393572e-01 -4.622632860075739369e-01 -5.000000000000000000e-01
-1.433388998390431324e-01 -5.000000000000000000e-01 -4.823511761069574910e-01
-1.410408809498923111e-01 -5.000000000000000000e-01 -4.499350520801810305e-01
-2.017892480859151683e-01 -4.128831511916383201e-01 -5.000000000000000000e-01
-2.056422175204831171e-01 -5.000000000000000000e-01 -3.049180408521830477e-01
-1.085403991729401441e-01 -5.000000000000000000e-01 -3.789934069635310099e-01
-1.459044328425818382e-01 -5.000000000000000000e-01 -2.985877692833789343e-01
-1.769072721087085465e-01 -4.134953027407154424e-01 -5.000000000000000000e-01
-5.000000000000000000e-01 -2.402779827253614386e-01 -3.648356383759237542e-01
-5.000000000000000000e-01 -2.765262840179349979e-01 -3.865127548684438308e-01
-5.000000000000000000e-01 -3.346365281022443683e-01 -2.991599881704595787e-01
-2.574227361108400447e-01 5.000000000000000000e-01 -4.303791936738862178e-01
-4.173570277929166683e-01 5.000000000000000000e-01 -3.916070833694046405e-01
-4.078278448222968366e-01 5.000000000000000000e-01 -2.636901510376539748e-01
-4.348849392435726324e-01 5.000000000000000000e-01 -2.991260651397618653e-01
-2.056422175204831171e-01 5.000000000000000000e-01 -3.049180408521829921e-01
-3.036366411046456104e-01 5.000000000000000000e-01 -2.156523884712119310e-01
-5.000000000000000000e-01 4.282237030587531801e-01 -4.734334707448057955e-01
-5.000000000000000000e-01 3.791931336418093990e-01 -4.845976562620151196e-01
-5.000000000000000000e-01 2.986091281160056510e-01 -3.033563316036262947e-01
-5.000000000000000000e-01 4.374494832301602520e-01 -2.488377105115289478e-01
-5.000000000000000000e-01 3.529606332908388211e-01 -2.429996119290492584e-01
-1.085403991729401579e-01 5.000000000000000000e-01 -3.789934069635309544e-01
-1.459044328425818382e-01 5.000000000000000000e-01 -2.985877692833789343e-01
-1.410408809498922833e-01 5.000000000000000000e-01 -4.499350520801808639e-01
-5.000000000000000000e-01 2.285962777653363642e-01 -3.284613075152041373e-01
-5.000000000000000000e-01 2.178744982631731775e-01 -3.787850459051036456e-01
-4.854888770089634820e-01 3.847047054881521655e-01 -5.000000000000000000e-01
-3.036366411046456104e-01 -5.000000000000000000e-01 -2.156523884712119588e-01
-2.366431043373286858e-01 -5.000000000000000000e-01 -8.191436381813926859e-02
-1.199112805262771142e-01 -5.000000000000000000e-01 -8.043201273929367900e-02
-9.942772354764090048e-02 -5.000000000000000000e-01 -2.489683080646288571e-01
-4.418850313030617816e-01 -3.824819088152918156e-01 -5.000000000000000000e-01
-5.000000000000000000e-01 -4.793519416894738150e-01 -3.270945880369097725e-01
-5.000000000000000000e-01 -3.461126119434783099e-01 -2.889271024764039630e-01
-5.000000000000000000e-01 -4.992522173227708637e-01 -4.292276553455244281e-01
-2.574227361108399892e-01 -5.000000000000000000e-01 -4.303791936738862178e-01
-2.366054775360850182e-01 -3.789873234276301961e-01 -5.000000000000000000e-01
-3.446281965462373309e-01 -3.588900343029403084e-01 -5.000000000000000000e-01
-3.616707701413359732e-01 -3.707385946697944190e-01 -5.000000000000000000e-01
-4.078278448222967811e-01 -5.000000000000000000e-01 -2.636901510376539748e-01
-4.348849392435726324e-01 -5.000000000000000000e-01 -2.991260651397619208e-01
-4.173570277929167238e-01 -5.000000000000000000e-01 -3.916070833694046405e-01
3.608802509086388999e-01 -5.000000000000000000e-01 -4.695028541073841821e-01
4.060192346011206599e-01 -4.348394246590294165e-01 -5.000000000000000000e-01
4.297229134966621400e-01 -5.000000000000000000e-01 -4.279598299892491964e-01
-3.405258742161084151e-01 -5.000000000000000000e-01 3.322467829045415155e-01
-3.687437326692510342e-01 -5.000000000000000000e-01 4.072464039695025129e-01
-5.000000000000000000e-01 -4.369795345305183543e-01 4.926971698556658064e-01
-4.252336709827199690e-01 -5.000000000000000000e-01 2.502308144318887706e-01
-3.398192984655489246e-01 -5.000000000000000000e-01 3.345411829096345269e-01
-5.000000000000000000e-01 -3.383787823333476164e-01 4.132487303263577272e-01
-5.000000000000000000e-01 -3.383350676541062030e-01 4.095709209979574439e-01
-5.000000000000000000e-01 -3.676792034549271060e-01 4.654689838568823457e-01
-5.000000000000000000e-01 -4.723552732801947762e-01 2.985700282728050159e-02
-5.000000000000000000e-01 -3.306262936732939361e-01 -1.418710515581273757e-01
-5.000000000000000000e-01 -3.253651061194239302e-01 1.032428139020020313e-01
-5.000000000000000000e-01 -2.792845858789308466e-01 -7.436308029305116474e-03
-5.000000000000000000e-01 -3.097221248343277611e-01 -1.299627080072903174e-01
-4.582413506249110591e-01 -5.000000000000000000e-01 -1.129834356323339561e-01
-4.235248280554000933e-01 -5.000000000000000000e-01 6.310080991580988008e-02
-4.162440370905333697e-01 -5.000000000000000000e-01 6.991720937572583339e-02
-5.000000000000000000e-01 -2.008268722621033286e-01 1.808273121985484178e-01
-5.000000000000000000e-01 -1.067645585041547274e-01 8.393882446851191892e-02
-5.000000000000000000e-01 -1.283901293087758300e-01 -1.685451340400139636e-02
-5.000000000000000000e-01 -1.097064313011743147e-01 2.662614290031591405e-03
-5.000000000000000000e-01 -3.359829707317837366e-01 4.112099452009261302e-01
-5.000000000000000000e-01 -2.156842094398603582e-01 3.789171311323418778e-01
-3.386708285545092512e-01 -5.000000000000000000e-01 3.342175169031063042e-01
-3.257367967733340031e-01 -1.639466517315970040e-01 5.000000000000000000e-01
-1.774766885514375281e-01 -1.571104517674890011e-01 5.000000000000000000e-01
-3.409182151337764588e-01 -1.755033505740425104e-01 5.000000000000000000e-01
-3.446281965462373309e-01 -3.588900343029403639e-01 5.000000000000000000e-01
-2.366054775360850182e-01 -3.789873234276301961e-01 5.000000000000000000e-01
-1.728359651485320281e-01 -3.323495823604954991e-01 5.000000000000000000e-01
-2.017892480859152238e-01 -4.128831511916382091e-01 5.000000000000000000e-01
-1.769072721087085742e-01 -4.134953027407153869e-01 5.000000000000000000e-01
-6.112795199331041290e-02 -2.657638893172115657e-01 5.000000000000000000e-01
3.028921849753032219e-03 -3.106982448146861087e-01 5.000000000000000000e-01
-3.942120317763070370e-02 -4.513735244811186154e-01 5.000000000000000000e-01
-9.877282827644437435e-02 -4.632852030358403095e-01 5.000000000000000000e-01
-1.505451432513201793e-01 -4.503229168957408879e-01 5.000000000000000000e-01
-7.970186199228236623e-02 5.000000000000000000e-01 3.187885844125163404e-01
6.293667153700027717e-02 5.000000000000000000e-01 3.232837704125530731e-01
5.140253155732373708e-02 5.000000000000000000e-01 4.200413974790823124e-01
1.271660157505425937e-01 4.677740601049705793e-01 5.000000000000000000e-01
-5.917546086973418662e-02 5.000000000000000000e-01 4.758382370552005636e-01
-4.139268700401679824e-02 3.675139514146186226e-01 5.000000000000000000e-01
1.010221535143014659e-01 3.535086441310582583e-01 5.000000000000000000e-01
-5.000000000000000000e-01 4.344348134616781154e-01 -1.355749300170840388e-01
-5.000000000000000000e-01 3.508376159106095238e-01 -1.825069813037891731e-01
-5.000000000000000000e-01 3.317309001761216125e-01 1.491359549810682833e-02
-5.000000000000000000e-01 2.572109883582886503e-01 -8.115986526598618911e-02
-5.000000000000000000e-01 2.555195377774117649e-01 -2.485803450189148084e-02
-5.000000000000000000e-01 4.372482178889013915e-01 -2.424409008274544253e-01
-5.000000000000000000e-01 3.546445306567637124e-01 -2.226054203958977018e-01
-3.447660460570196594e-01 1.671321935179796436e-01 -5.000000000000000000e-01
-3.927574572937012065e-01 1.393775717161202243e-01 -5.000000000000000000e-01
-5.000000000000000000e-01 1.241538245521897066e-01 -2.910077215238077164e-01
-5.000000000000000000e-01 1.989730016986713257e-01 -3.895567817988671577e-01
-3.551096419970708462e-01 1.864898255199874122e-01 -5.000000000000000000e-01
-3.526352439348807710e-01 1.858455812517496031e-01 -5.000000000000000000e-01
-5.000000000000000000e-01 1.273310073655093133e-01 -1.584415408445394857e-01
-5.000000000000000000e-01 1.083503171151984634e-01 -2.336672131920312645e-01
-5.000000000000000000e-01 1.170994150456323296e-01 -2.865021212099663206e-01
-5.000000000000000000e-01 3.244768112474731570e-02 2.919394741165370899e-03
-5.000000000000000000e-01 1.342763808015921823e-01 9.276624693330599858e-02
-5.000000000000000000e-01 4.427333538283215186e-03 2.800985593959463560e-01
-5.000000000000000000e-01 -1.416947353996571013e-01 1.854006335227878499e-01
-5.000000000000000000e-01 -1.163057760711586064e-02 3.243244872746219032e-02
-5.000000000000000000e-01 -1.090474228082946029e-01 4.261273224313230079e-01
-5.000000000000000000e-01 -8.417380314316509626e-02 4.165577790583803730e-01
-5.000000000000000000e-01 1.119678342794614562e-03 2.985125266052213733e-01
3.991071182852807264e-01 3.214155226936446508e-01 5.000000000000000000e-01
3.983674124839155506e-01 3.220014111040702676e-01 5.000000000000000000e-01
-1.211871533063889894e-01 1.505477128040104418e-01 -5.000000000000000000e-01
-3.447196472438882747e-02 1.698477258866194495e-01 -5.000000000000000000e-01
-5.336929742994237641e-02 -1.356192744974952721e-02 -5.000000000000000000e-01
3.878380492125809570e-02 1.189805555388837310e-01 -5.000000000000000000e-01
1.348355618152713153e-01 -5.000000000000000000e-01 -4.867230531984482189e-01
1.219618708835697174e-01 -4.924043943059852602e-01 -5.000000000000000000e-01
1.723551257261418945e-01 -4.517547130187423710e-01 -5.000000000000000000e-01
1.793272705976309833e-01 -4.653809402097591752e-01 -5.000000000000000000e-01
3.933069160249909046e-01 -3.912131756432311036e-01 -5.000000000000000000e-01
4.171133797504790186e-01 -3.176112636350699736e-01 -5.000000000000000000e-01
3.320009734486730757e-01 -3.416681799819628607e-01 -5.000000000000000000e-01
-9.471664403526346143e-02 3.743896573547620399e-01 5.000000000000000000e-01
-1.218891528551452885e-01 4.428258971828987756e-01 5.000000000000000000e-01
-2.685439442913707397e-01 4.151330808000975869e-01 5.000000000000000000e-01
-2.361822064657468911e-01 3.465558704008412927e-01 5.000000000000000000e-01
-1.120672765649876057e-01 3.615959966330863362e-01 5.000000000000000000e-01
-1.092374732103013196e-01 5.000000000000000000e-01 2.956907628800557464e-01
4.363412221036918615e-01 -5.000000000000000000e-01 -3.160286867634688468e-01
2.965787000780243376e-01 -5.000000000000000000e-01 -2.634448156991975321e-01
1.815990142442162059e-01 -5.000000000000000000e-01 -3.996608696158926999e-01
-8.717022006812062684e-03 -5.000000000000000000e-01 -2.493724937114488033e-02
9.140879667676979348e-02 -5.000000000000000000e-01 -8.982515242166569380e-02
5.680919799108920254e-02 -5.000000000000000000e-01 -2.483455428601918646e-01
1.171178290551340151e-01 -5.000000000000000000e-01 -1.227402251264300415e-01
8.766315694406107140e-02 -5.000000000000000000e-01 -3.878572022810283793e-01
9.465211510117733928e-02 -5.000000000000000000e-01 -3.707789897476014840e-01
3.798394138916003082e-02 -5.000000000000000000e-01 -4.020525333918960609e-01
1.364241133425216357e-01 -5.000000000000000000e-01 -4.155340643334964890e-01
1.422515122308730950e-01 -5.000000000000000000e-01 -4.088667762398686123e-01
2.338722346673965113e-01 -3.244573950243361815e-01 -5.000000000000000000e-01
1.843024321216206740e-01 -3.733914893808559232e-01 -5.000000000000000000e-01
-3.942120317763065512e-02 -4.513735244811186154e-01 -5.000000000000000000e-01
-5.000000000000000000e-01 -2.124563471556873973e-01 -3.675479659987223036e-01
-5.000000000000000000e-01 -2.168918540707004405e-01 -3.661714206245060277e-01
-4.050646316267275115e-01 -1.473060704687619848e-01 -5.000000000000000000e-01
-3.409182151337764033e-01 -1.755033505740425104e-01 -5.000000000000000000e-01
-4.201125071181213144e-01 1.979937140895699985e-02 -5.000000000000000000e-01
-5.000000000000000000e-01 -3.066945385314286295e-03 -3.870613882029029229e-01
-5.000000000000000000e-01 -3.012799710605840176e-02 -3.357540003566776288e-01
-5.000000000000000000e-01 -9.848494555404170570e-02 -3.039770399652014232e-01
-5.000000000000000000e-01 -1.398905984604867647e-01 -3.091174255971048113e-01
-1.487123435649241321e-01 3.222165333123986897e-01 -5.000000000000000000e-01
-2.361822064657468634e-01 3.465558704008412372e-01 -5.000000000000000000e-01
-2.685439442913707397e-01 4.151330808000975314e-01 -5.000000000000000000e-01
-9.471664403526344755e-02 3.743896573547620399e-01 -5.000000000000000000e-01
-1.120672765649876890e-01 3.615959966330862807e-01 -5.000000000000000000e-01
-3.124589865610025163e-01 -2.670840224401660121e-02 -5.000000000000000000e-01
-2.530573755363685340e-01 2.254972021425709350e-03 -5.000000000000000000e-01
-4.139268700401671497e-02 3.675139514146186781e-01 -5.000000000000000000e-01
5.000000000000000000e-01 3.244768112474730876e-02 2.919394741165329266e-03
5.000000000000000000e-01 1.273310073655093133e-01 -1.584415408445394857e-01
5.000000000000000000e-01 1.342763808015922655e-01 9.276624693330601246e-02
5.000000000000000000e-01 2.555195377774118204e-01 -2.485803450189152941e-02
5.000000000000000000e-01 2.572109883582886503e-01 -8.115986526598617523e-02
5.000000000000000000e-01 -3.097221248343277611e-01 -1.299627080072903174e-01
5.000000000000000000e-01 -2.792845858789308466e-01 -7.436308029305102596e-03
5.000000000000000000e-01 -1.849800868267059417e-01 -1.366243909013181157e-01
5.000000000000000000e-01 -1.163057760711610350e-02 3.243244872746220420e-02
5.000000000000000000e-01 -1.097064313011742870e-01 2.662614290031627834e-03
5.000000000000000000e-01 -5.669233057609194409e-02 -1.566521192897015191e-01
5.000000000000000000e-01 -1.436901654055660615e-01 -1.394734771077612567e-01
5.000000000000000000e-01 -1.283901293087757745e-01 -1.685451340400134085e-02
-5.000000000000000000e-01 4.107761246594657800e-01 1.222755958027361978e-01
-4.235248280554000933e-01 5.000000000000000000e-01 6.310080991580986620e-02
-4.287007722615402971e-01 5.000000000000000000e-01 -9.750843141158929694e-02
-4.050646316267274560e-01 -1.473060704687619848e-01 5.000000000000000000e-01
-5.000000000000000000e-01 -1.413049597340035879e-01 4.695384195050508191e-01
-4.418850313030618371e-01 -3.824819088152918156e-01 5.000000000000000000e-01
-3.616707701413360843e-01 -3.707385946697944745e-01 5.000000000000000000e-01
-1.690662250299466984e-01 -1.326985817400347933e-01 -5.000000000000000000e-01
-1.774766885514375281e-01 -1.571104517674889733e-01 -5.000000000000000000e-01
-3.257367967733339476e-01 -1.639466517315970040e-01 -5.000000000000000000e-01
8.130221308481838660e-02 -1.210885751936701116e-01 -5.000000000000000000e-01
1.630295524120959072e-01 -1.960500577775899783e-02 -5.000000000000000000e-01
1.584515197083475602e-01 1.126307532288453872e-01 -5.000000000000000000e-01
5.000000000000000000e-01 -4.793519416894738150e-01 -3.270945880369097725e-01
-4.287007722615404637e-01 -5.000000000000000000e-01 -9.750843141158932470e-02
-2.438210780132122890e-01 -5.000000000000000000e-01 5.562860366466071405e-02
-5.000000000000000000e-01 -1.849800868267059140e-01 -1.366243909013181157e-01
3.867505123928590693e-01 -5.000000000000000000e-01 -1.213648948256762922e-01
4.291614649675933868e-01 -5.000000000000000000e-01 -1.203141069277749997e-01
-7.671910039771978607e-02 -5.000000000000000000e-01 -8.780138759428745415e-03
-1.735641390603552825e-01 -5.000000000000000000e-01 1.195987225321355346e-01
-1.928192683705911084e-02 -5.000000000000000000e-01 -5.578312617090181239e-03
1.653893099460104210e-01 -5.000000000000000000e-01 1.151253791734812432e-01
1.476349282381428374e-02 -5.000000000000000000e-01 8.419701088080425166e-02
1.879153719468047157e-01 -5.000000000000000000e-01 1.379507517633453140e-01
2.614489334432208434e-01 -5.000000000000000000e-01 3.760507479961538307e-02
2.701283167322136025e-01 -5.000000000000000000e-01 7.091330920582000763e-02
-1.759954871802393572e-01 -4.622632860075740480e-01 5.000000000000000000e-01
-1.092374732103012641e-01 -5.000000000000000000e-01 2.956907628800558019e-01
-6.880257575342797749e-02 -5.000000000000000000e-01 1.647121779282298970e-01
-7.970186199228236623e-02 -5.000000000000000000e-01 3.187885844125163404e-01
5.140253155732372320e-02 -5.000000000000000000e-01 4.200413974790823124e-01
6.293667153700027717e-02 -5.000000000000000000e-01 3.232837704125531286e-01
4.493085982739548206e-02 -5.000000000000000000e-01 2.005755607682743191e-01
1.853573950139933979e-01 -5.000000000000000000e-01 1.609283894043337937e-01
8.407847799587399307e-02 -5.000000000000000000e-01 2.963753444597198583e-01
1.997178906956639799e-01 -5.000000000000000000e-01 2.508271702961492045e-01
2.987686165875083621e-01 5.000000000000000000e-01 3.493537479503189824e-01
2.989638384324270204e-01 5.000000000000000000e-01 3.603746468907627620e-01
-3.447196472438882053e-02 1.698477258866194217e-01 5.000000000000000000e-01
-1.487123435649241321e-01 3.222165333123986342e-01 5.000000000000000000e-01
-1.211871533063889617e-01 1.505477128040103862e-01 5.000000000000000000e-01
-5.000000000000000000e-01 -5.213908700567612686e-02 -1.810278938784627700e-01
-5.000000000000000000e-01 -5.669233057609195103e-02 -1.566521192897015191e-01
-5.000000000000000000e-01 -6.618475276909557836e-02 -1.836922524698685333e-01
-5.000000000000000000e-01 -1.757446583079230185e-01 -1.434105461731116082e-01
-5.000000000000000000e-01 -1.436901654055661448e-01 -1.394734771077612290e-01
-3.526352439348807155e-01 1.858455812517496308e-01 5.000000000000000000e-01
-3.551096419970707907e-01 1.864898255199874400e-01 5.000000000000000000e-01
-3.447660460570196594e-01 1.671321935179796436e-01 5.000000000000000000e-01
-5.000000000000000000e-01 1.412361683020652570e-01 4.117178504216928436e-01
-5.000000000000000000e-01 2.691394000993835300e-01 2.042183696755711653e-01
-5.000000000000000000e-01 2.437761040673198099e-01 3.561324094077641944e-01
-5.000000000000000000e-01 -1.092852861315583846e-01 4.521457824902374578e-01
4.333529335897569057e-01 1.624544481566585208e-01 5.000000000000000000e-01
3.314571063467549039e-01 3.409201869237283300e-01 5.000000000000000000e-01
2.035832311592699340e-01 2.695155696368428666e-01 5.000000000000000000e-01
3.878380492125810264e-02 1.189805555388837310e-01 5.000000000000000000e-01
1.584515197083475879e-01 1.126307532288453872e-01 5.000000000000000000e-01
8.130221308481838660e-02 -1.210885751936701116e-01 5.000000000000000000e-01
1.630295524120959072e-01 -1.960500577775894926e-02 5.000000000000000000e-01
-5.336929742994236253e-02 -1.356192744974948905e-02 5.000000000000000000e-01
2.879944821107391362e-01 5.000000000000000000e-01 3.969274578202912629e-01
1.997178906956640354e-01 5.000000000000000000e-01 2.508271702961492045e-01
8.407847799587399307e-02 5.000000000000000000e-01 2.963753444597198583e-01
2.073506780303601416e-01 -3.613605293746346980e-02 -5.000000000000000000e-01
8.680514924553855982e-02 -1.491286331117456787e-01 -5.000000000000000000e-01
2.146602520488952448e-01 -2.122469882027559762e-01 -5.000000000000000000e-01
2.720609313248820715e-01 -1.601505108313889258e-01 -5.000000000000000000e-01
3.481932264471950672e-02 -2.345706793399711110e-01 -5.000000000000000000e-01
3.028921849753035689e-03 -3.106982448146861087e-01 -5.000000000000000000e-01
-6.112795199331026025e-02 -2.657638893172116212e-01 -5.000000000000000000e-01
-1.728359651485319448e-01 -3.323495823604954436e-01 -5.000000000000000000e-01
-5.000000000000000000e-01 3.672970530459452876e-01 4.387435713637107271e-01
-5.000000000000000000e-01 4.232134733202298493e-01 4.150220581540413622e-01
-5.000000000000000000e-01 4.019567434347500190e-01 1.555961504937486972e-01
-4.840002307071464838e-01 5.000000000000000000e-01 2.593238664450487896e-01
5.000000000000000000e-01 1.241538245521898731e-01 -2.910077215238078274e-01
5.000000000000000000e-01 2.285962777653363365e-01 -3.284613075152041373e-01
5.000000000000000000e-01 1.989730016986713257e-01 -3.895567817988671577e-01
5.000000000000000000e-01 2.178744982631731497e-01 -3.787850459051036456e-01
5.000000000000000000e-01 1.083503171151984634e-01 -2.336672131920312645e-01
5.000000000000000000e-01 3.508376159106095238e-01 -1.825069813037892563e-01
5.000000000000000000e-01 3.546445306567637124e-01 -2.226054203958977573e-01
5.000000000000000000e-01 2.986091281160056510e-01 -3.033563316036262947e-01
5.000000000000000000e-01 1.170994150456323019e-01 -2.865021212099663206e-01
5.000000000000000000e-01 3.529606332908388766e-01 -2.429996119290493140e-01
2.035832311592699617e-01 2.695155696368428666e-01 -5.000000000000000000e-01
1.010221535143014382e-01 3.535086441310582583e-01 -5.000000000000000000e-01
3.983674124839157726e-01 3.220014111040702121e-01 -5.000000000000000000e-01
3.991071182852806709e-01 3.214155226936448173e-01 -5.000000000000000000e-01
3.314571063467549039e-01 3.409201869237282745e-01 -5.000000000000000000e-01
4.333529335897569057e-01 1.624544481566585208e-01 -5.000000000000000000e-01
5.000000000000000000e-01 -6.618475276909563387e-02 -1.836922524698685610e-01
5.000000000000000000e-01 -5.213908700567600196e-02 -1.810278938784627700e-01
5.000000000000000000e-01 -1.757446583079230462e-01 -1.434105461731116082e-01
3.331491336055548702e-01 -1.417064675406986274e-01 -5.000000000000000000e-01
4.318457149536216177e-01 -3.041159087769149671e-01 -5.000000000000000000e-01
5.000000000000000000e-01 -1.067645585041547274e-01 8.393882446851189116e-02
5.000000000000000000e-01 -2.402779827253614386e-01 -3.648356383759237542e-01
5.000000000000000000e-01 -2.765262840179349979e-01 -3.865127548684438863e-01
5.000000000000000000e-01 -3.346365281022445903e-01 -2.991599881704593566e-01
5.000000000000000000e-01 -2.124563471556873417e-01 -3.675479659987223591e-01
5.000000000000000000e-01 -2.168918540707006071e-01 -3.661714206245060277e-01
4.756567180966638775e-01 -1.564814164942707753e-01 -5.000000000000000000e-01
5.000000000000000000e-01 -3.012799710605847114e-02 -3.357540003566775177e-01
5.000000000000000000e-01 -9.848494555404167794e-02 -3.039770399652014232e-01
5.000000000000000000e-01 -1.398905984604867647e-01 -3.091174255971048113e-01
5.000000000000000000e-01 -2.219827569154599056e-04 -4.973516820486545975e-01
5.000000000000000000e-01 -3.066945385314278488e-03 -3.870613882029028674e-01
5.000000000000000000e-01 -3.306262936732939361e-01 -1.418710515581274034e-01
5.000000000000000000e-01 -3.461126119434783655e-01 -2.889271024764040185e-01
5.000000000000000000e-01 -1.416947353996570180e-01 1.854006335227878777e-01
5.000000000000000000e-01 4.427333538283220390e-03 2.800985593959463560e-01
5.000000000000000000e-01 2.691394000993835300e-01 2.042183696755711930e-01
5.000000000000000000e-01 1.412361683020652570e-01 4.117178504216927881e-01
5.000000000000000000e-01 2.437761040673198376e-01 3.561324094077641944e-01
5.000000000000000000e-01 -2.008268722621033286e-01 1.808273121985484178e-01
5.000000000000000000e-01 -3.253651061194239302e-01 1.032428139020020313e-01
5.000000000000000000e-01 4.344348134616781709e-01 -1.355749300170839833e-01
5.000000000000000000e-01 4.636985313731984970e-01 -1.352553654924449067e-01
5.000000000000000000e-01 4.372482178889013915e-01 -2.424409008274543975e-01
3.481932264471951366e-02 -2.345706793399711387e-01 5.000000000000000000e-01
4.553786551350343936e-01 -5.000000000000000000e-01 2.734129180192121367e-01
4.065022897396786683e-01 -5.000000000000000000e-01 9.625107189908105321e-02
3.998259813057454815e-01 -5.000000000000000000e-01 3.297640569899987217e-01
2.987686165875082511e-01 -5.000000000000000000e-01 3.493537479503189269e-01
2.613510278264998266e-01 -5.000000000000000000e-01 -9.151755337909631832e-03
4.504326768409457893e-01 -5.000000000000000000e-01 -1.063607083397488801e-01
5.000000000000000000e-01 -4.723552732801948317e-01 2.985700282728053281e-02
4.687531208856735021e-01 -5.000000000000000000e-01 4.706738627572433498e-02
-3.124589865610025718e-01 -2.670840224401656304e-02 5.000000000000000000e-01
-2.530573755363685340e-01 2.254972021425744044e-03 5.000000000000000000e-01
-1.690662250299466984e-01 -1.326985817400348211e-01 5.000000000000000000e-01
8.680514924553858758e-02 -1.491286331117456787e-01 5.000000000000000000e-01
-5.917546086973417968e-02 -5.000000000000000000e-01 4.758382370552005636e-01
3.998259813057454815e-01 5.000000000000000000e-01 3.297640569899987772e-01
5.000000000000000000e-01 3.672970530459452321e-01 4.387435713637106716e-01
5.000000000000000000e-01 4.232134733202297938e-01 4.150220581540414178e-01
5.000000000000000000e-01 3.317309001761215570e-01 1.491359549810683527e-02
5.000000000000000000e-01 4.019567434347499635e-01 1.555961504937486972e-01
5.000000000000000000e-01 4.107761246594657800e-01 1.222755958027361839e-01
4.687531208856736131e-01 5.000000000000000000e-01 4.706738627572427947e-02
4.065022897396786683e-01 5.000000000000000000e-01 9.625107189908106708e-02
2.701283167322136025e-01 5.000000000000000000e-01 7.091330920582000763e-02
2.614489334432208989e-01 5.000000000000000000e-01 3.760507479961548022e-02
2.613510278264998821e-01 5.000000000000000000e-01 -9.151755337909649179e-03
3.867505123928590693e-01 5.000000000000000000e-01 -1.213648948256763199e-01
4.504326768409458448e-01 5.000000000000000000e-01 -1.063607083397489217e-01
4.291614649675933868e-01 5.000000000000000000e-01 -1.203141069277750136e-01
1.879153719468047157e-01 5.000000000000000000e-01 1.379507517633452585e-01
1.853573950139933979e-01 5.000000000000000000e-01 1.609283894043337937e-01
4.553786551350344491e-01 5.000000000000000000e-01 2.734129180192121367e-01
-6.880257575342810239e-02 5.000000000000000000e-01 1.647121779282299248e-01
4.493085982739547513e-02 5.000000000000000000e-01 2.005755607682743469e-01
-2.943922867010532324e-02 5.000000000000000000e-01 1.528914432550751989e-01
1.653893099460106153e-01 5.000000000000000000e-01 1.151253791734813681e-01
1.476349282381429068e-02 5.000000000000000000e-01 8.419701088080425166e-02
-4.924570565765134522e-01 3.485527640558819945e-03 5.000000000000000000e-01
-3.927574572937010400e-01 1.393775717161204186e-01 5.000000000000000000e-01
-4.854888770089634820e-01 3.847047054881521655e-01 5.000000000000000000e-01
-5.000000000000000000e-01 -7.972001599648799453e-02 4.535380111392244284e-01
-4.201125071181213699e-01 1.979937140895702413e-02 5.000000000000000000e-01
3.614027476479449996e-01 -9.345625104642620723e-03 -5.000000000000000000e-01
3.750446216427550383e-01 -9.960264029174470402e-02 -5.000000000000000000e-01
-5.000000000000000000e-01 4.726787553319899415e-01 4.633960709123555732e-01
3.798394138916003776e-02 5.000000000000000000e-01 -4.020525333918960609e-01
1.364241133425216357e-01 5.000000000000000000e-01 -4.155340643334964890e-01
8.766315694406101588e-02 5.000000000000000000e-01 -3.878572022810283793e-01
4.297229134966621400e-01 5.000000000000000000e-01 -4.279598299892491964e-01
3.608802509086387889e-01 5.000000000000000000e-01 -4.695028541073841821e-01
1.815990142442162614e-01 5.000000000000000000e-01 -3.996608696158926444e-01
4.363412221036917504e-01 5.000000000000000000e-01 -3.160286867634687913e-01
2.965787000780243932e-01 5.000000000000000000e-01 -2.634448156991974765e-01
3.103523671126888206e-01 4.719541201643376316e-01 -5.000000000000000000e-01
1.422515122308730673e-01 5.000000000000000000e-01 -4.088667762398686123e-01
5.000000000000000000e-01 4.374494832301602520e-01 -2.488377105115289478e-01
4.800997489116487493e-01 5.000000000000000000e-01 -4.541879942486426458e-01
5.000000000000000000e-01 4.282237030587532356e-01 -4.734334707448057955e-01
5.000000000000000000e-01 3.791931336418094545e-01 -4.845976562620151196e-01
5.000000000000000000e-01 1.119678342794582903e-03 2.985125266052214288e-01
5.000000000000000000e-01 -1.092852861315584262e-01 4.521457824902375133e-01
3.331491336055549257e-01 -1.417064675406985996e-01 5.000000000000000000e-01
5.000000000000000000e-01 -2.156842094398603582e-01 3.789171311323418223e-01
5.000000000000000000e-01 -1.090474228082946445e-01 4.261273224313229524e-01
3.750446216427549828e-01 -9.960264029174481504e-02 5.000000000000000000e-01
5.000000000000000000e-01 -8.417380314316511014e-02 4.165577790583803175e-01
3.614027476479450551e-01 -9.345625104642762970e-03 5.000000000000000000e-01
5.000000000000000000e-01 -7.972001599648791126e-02 4.535380111392245395e-01
2.073506780303602248e-01 -3.613605293746346980e-02 5.000000000000000000e-01
2.720609313248819605e-01 -1.601505108313889536e-01 5.000000000000000000e-01
2.146602520488953003e-01 -2.122469882027559762e-01 5.000000000000000000e-01
5.000000000000000000e-01 -3.383350676541062030e-01 4.095709209979574439e-01
5.000000000000000000e-01 -3.359829707317837366e-01 4.112099452009261857e-01
1.171178290551339457e-01 5.000000000000000000e-01 -1.227402251264299859e-01
9.140879667676982123e-02 5.000000000000000000e-01 -8.982515242166574931e-02
9.465211510117732541e-02 5.000000000000000000e-01 -3.707789897476013730e-01
5.680919799108923723e-02 5.000000000000000000e-01 -2.483455428601918369e-01
-9.942772354764092824e-02 5.000000000000000000e-01 -2.489683080646288293e-01
2.951567259338986893e-01 -5.000000000000000000e-01 4.383064150067469411e-01
4.060192346011206599e-01 -4.348394246590294165e-01 5.000000000000000000e-01
1.793272705976310388e-01 -4.653809402097591752e-01 5.000000000000000000e-01
3.933069160249909602e-01 -3.912131756432312146e-01 5.000000000000000000e-01
3.320009734486730202e-01 -3.416681799819628607e-01 5.000000000000000000e-01
1.723551257261419223e-01 -4.517547130187423154e-01 5.000000000000000000e-01
1.843024321216206463e-01 -3.733914893808558677e-01 5.000000000000000000e-01
2.338722346673964558e-01 -3.244573950243361815e-01 5.000000000000000000e-01
2.989638384324270759e-01 -5.000000000000000000e-01 3.603746468907628175e-01
4.171133797504790186e-01 -3.176112636350700846e-01 5.000000000000000000e-01
5.000000000000000000e-01 -3.383787823333476164e-01 4.132487303263577827e-01
1.219618708835697451e-01 -4.924043943059852602e-01 5.000000000000000000e-01
5.000000000000000000e-01 -4.994118398772959266e-01 2.618782834465758214e-01
-2.943922867010531977e-02 -5.000000000000000000e-01 1.528914432550752267e-01
2.879944821107390807e-01 -5.000000000000000000e-01 3.969274578202913184e-01
-7.671910039771978607e-02 5.000000000000000000e-01 -8.780138759428710721e-03
-1.928192683705906574e-02 5.000000000000000000e-01 -5.578312617090150013e-03
-1.735641390603552825e-01 5.000000000000000000e-01 1.195987225321355346e-01
-8.717022006812027990e-03 5.000000000000000000e-01 -2.493724937114488380e-02
-1.199112805262771003e-01 5.000000000000000000e-01 -8.043201273929366513e-02
-2.366431043373286858e-01 5.000000000000000000e-01 -8.191436381813926859e-02
4.318457149536217288e-01 -3.041159087769149671e-01 5.000000000000000000e-01
-2.438210780132122613e-01 5.000000000000000000e-01 5.562860366466071405e-02
-4.162440370905333697e-01 5.000000000000000000e-01 6.991720937572581951e-02
-4.252336709827199690e-01 5.000000000000000000e-01 2.502308144318887706e-01
-3.405258742161083041e-01 5.000000000000000000e-01 3.322467829045417376e-01
-3.386708285545094177e-01 5.000000000000000000e-01 3.342175169031063042e-01
-3.687437326692510342e-01 5.000000000000000000e-01 4.072464039695025684e-01
-3.398192984655489246e-01 5.000000000000000000e-01 3.345411829096344714e-01
4.914804000445868737e-01 -5.000000000000000000e-01 4.764770822455278720e-01
4.792922450977153970e-01 -4.642985644942300150e-01 5.000000000000000000e-01
5.000000000000000000e-01 -4.369795345305183543e-01 4.926971698556658064e-01
5.000000000000000000e-01 -3.676792034549271060e-01 4.654689838568823457e-01
