391 299
453 94
28 67
8 9
147 167
474 153
73 74
637 561
169 47
74 75
583 855
329 301
358 773
439 438
285 114
442 443
29 45
124 691
140 141
399 401
443 444
226 595
165 170
432 434
222 295
476 477
538 537
273 791
80 247
6 38
332 59
259 75
474 817
154 318
364 765
535 275
305 307
505 252
88 229
464 71
338 749
165 183
597 600
327 330
237 702
328 331
26 109
502 483
102 104
48 133
405 407
23 76
122 347
135 137
176 175
179 180
430 436
574 629
158 13
471 473
490 486
587 913
569 141
504 506
202 204
611 897
107 726
225 947
415 433
570 572
92 719
268 270
560 564
629 923
213 865
232 698
313 314
400 53
242 519
294 300
467 457
76 77
219 800
449 30
16 822
133 324
371 641
441 440
163 203
126 693
282 303
463 464
450 790
526 520
554 847
111 48
249 247
224 828
581 577
511 512
563 559
225 829
395 337
282 280
550 360
599 890
24 659
493 500
351 645
61 168
4 537
264 267
49 50
131 268
50 51
82 83
330 334
588 858
272 738
522 275
640 639
39 41
83 84
115 116
374 376
14 707
128 729
592 455
116 117
480 888
49 27
357 143
465 5
45 322
16 524
167 168
420 348
186 181
178 177
336 385
49 63
654 960
389 397
200 201
35 658
212 211
484 490
474 476
547 546
518 519
229 236
627 920
369 130
241 246
134 120
333 329
540 542
581 580
339 372
95 686
176 760
584 585
47 609
314 315
562 566
184 471
513 381
625 622
344 343
358 772
366 367
377 376
200 191
91 284
381 382
432 433
18 824
518 244
20 525
376 389
495 489
15 1
148 939
83 401
177 179
90 31
428 435
488 486
55 747
132 967
218 216
170 176
210 212
476 368
95 2
513 515
567 635
60 44
4 0
292 287
469 328
99 237
117 291
68 20
79 35
160 368
598 599
240 482
114 113
417 416
88 97
399 776
350 771
118 119
30 6
450 449
169 170
151 152
372 386
472 473
565 371
541 837
408 573
179 192
565 636
439 417
517 516
92 718
153 319
629 922
550 549
572 573
162 409
222 274
457 177
161 938
365 359
605 606
648 647
371 375
250 85
649 648
144 741
61 743
312 325
383 385
336 44
416 418
538 264
423 48
386 395
449 451
348 139
541 539
224 225
286 285
534 536
97 269
276 277
246 514
644 932
567 569
341 751
349 346
301 306
495 171
312 315
410 850
431 415
296 227
581 854
382 379
349 202
326 106
233 701
350 54
386 385
549 649
43 288
537 531
464 812
29 740
614 612
56 55
621 916
396 160
78 79
235 700
160 557
636 635
604 948
33 458
242 223
515 381
414 415
621 628
640 641
581 857
175 169
258 841
510 388
447 448
147 744
145 820
108 115
302 129
91 31
532 527
398 447
609 896
562 555
586 912
585 575
244 245
215 218
315 305
547 548
539 544
558 557
594 214
277 278
256 255
25 179
346 414
310 311
412 853
502 252
333 331
613 614
112 103
444 576
311 312
330 182
3 690
625 624
533 132
583 856
72 789
59 334
310 733
185 64
171 166
410 411
448 788
435 440
226 223
7 673
18 682
352 936
517 515
142 80
606 480
8 674
616 902
458 465
353 937
561 557
4 2
108 468
284 285
413 844
638 553
150 735
639 634
70 68
318 319
245 69
236 100
609 611
397 319
383 384
362 361
110 109
574 918
434 206
395 394
652 959
446 445
356 142
406 408
479 478
33 657
251 507
216 778
431 437
71 805
494 493
548 613
314 117
317 308
456 615
387 372
22 804
579 578
571 574
213 866
255 454
582 583
139 422
572 575
615 616
645 644
53 769
76 78
375 640
128 125
399 768
359 403
412 558
371 377
77 79
478 94
150 149
647 955
121 122
360 367
61 745
380 382
420 418
464 461
183 182
256 840
297 878
445 447
593 876
446 448
493 380
544 196
427 434
33 660
72 880
164 60
178 898
272 762
253 254
512 514
603 223
286 287
545 547
349 492
604 224
120 111
67 779
570 576
622 623
641 636
161 148
39 42
652 651
32 3
174 761
342 345
633 637
596 606
378 383
345 206
471 467
234 231
452 453
223 221
482 481
65 49
248 250
322 321
628 921
96 688
1 679
89 234
232 957
56 57
400 770
618 620
337 341
636 637
137 432
596 946
370 374
72 451
414 417
339 386
361 819
373 564
426 427
185 184
653 963
197 832
90 706
452 793
440 181
497 572
189 190
437 441
453 794
395 560
255 257
543 544
477 369
221 529
613 904
288 290
576 577
282 130
555 554
587 586
566 563
558 559
59 58
190 541
96 534
245 248
528 536
588 587
586 626
92 91
182 164
362 360
441 424
170 46
355 357
643 644
631 935
344 347
595 603
144 29
429 427
421 423
220 253
101 152
546 459
217 220
7 675
258 257
71 22
229 230
22 803
239 243
259 258
262 263
156 101
311 124
295 296
376 370
453 882
354 351
13 58
576 580
347 348
147 173
266 130
648 949
17 823
173 167
84 504
208 390
468 466
530 32
593 875
331 460
449 452
398 406
479 480
531 527
461 462
501 504
444 787
305 300
431 439
512 513
523 522
87 486
458 807
605 597
17 18
509 251
247 251
644 933
557 556
58 55
291 293
25 668
411 852
612 613
637 642
527 16
335 340
479 879
574 622
162 943
228 479
352 774
140 366
102 110
32 689
511 129
532 826
293 315
592 877
497 496
537 532
541 831
195 194
227 226
5 33
538 533
249 250
260 259
326 470
115 695
320 310
129 370
2 0
498 87
261 260
62 545
283 284
275 280
487 50
338 336
626 623
316 317
319 322
183 547
10 655
293 305
378 349
653 962
478 881
430 432
12 678
94 73
81 777
21 354
183 187
38 34
9 7
308 303
515 516
624 917
333 332
20 21
343 382
57 842
190 23
146 362
631 934
119 120
451 450
414 419
454 455
85 243
191 490
81 767
123 126
463 460
503 496
466 465
591 874
237 233
444 446
18 683
98 712
189 830
186 187
351 520
475 815
19 684
189 192
513 518
219 220
52 717
222 225
413 845
22 56
15 17
536 277
59 60
610 608
70 69
348 342
100 97
119 110
80 756
111 106
578 624
241 481
151 816
23 667
81 83
653 654
51 240
125 126
579 625
392 390
177 810
28 867
155 154
113 8
158 159
137 136
214 239
638 652
263 217
122 241
181 327
85 210
491 489
263 253
71 806
480 596
619 903
457 612
37 26
473 327
615 905
25 811
549 551
211 821
580 575
38 112
210 218
291 292
463 813
634 631
341 149
321 320
313 316
508 146
324 325
42 118
583 585
256 455
317 322
336 335
335 748
219 802
44 163
265 131
350 355
390 391
638 642
442 209
197 899
391 392
423 424
650 652
535 522
235 144
154 156
34 11
424 425
17 681
159 127
100 715
188 190
618 906
460 469
455 799
490 491
466 808
446 570
423 437
483 488
107 466
294 292
553 552
580 542
486 498
67 780
630 628
61 62
149 849
588 402
590 591
91 90
612 615
124 123
127 128
354 356
101 664
266 737
168 165
53 364
201 199
610 892
589 869
172 171
420 422
493 492
475 474
505 502
9 6
235 232
227 228
643 966
454 801
392 301
530 531
326 472
138 421
481 494
293 294
334 332
52 88
1 680
2 267
367 365
236 699
407 172
359 361
65 63
154 666
629 630
109 106
542 253
63 484
578 584
651 654
559 162
578 175
77 796
545 901
352 357
433 431
21 752
411 412
526 21
175 172
426 428
543 833
147 338
467 465
157 159
492 494
12 6
52 716
206 136
485 491
273 720
317 89
136 342
627 925
79 73
281 287
337 862
459 330
123 115
643 645
93 92
64 65
105 103
373 146
308 282
231 736
145 404
167 163
118 121
97 98
212 85
418 419
110 37
27 39
103 34
436 323
363 339
422 425
141 146
602 886
506 503
318 309
417 202
496 495
98 714
569 564
243 250
295 297
428 332
353 567
514 521
638 965
304 302
113 671
624 621
388 381
554 413
617 618
590 600
402 400
365 927
577 926
230 739
152 410
155 156
149 750
137 138
506 84
13 746
55 742
279 307
199 198
10 676
221 222
116 694
216 781
232 231
203 204
284 278
329 429
181 185
565 556
236 237
136 299
568 567
187 201
539 540
266 265
623 911
276 724
155 663
40 38
328 325
598 594
321 731
93 723
47 198
627 630
354 355
145 361
365 364
130 89
387 388
589 868
254 798
360 141
47 584
267 709
468 470
568 148
509 507
264 968
66 166
527 524
200 166
498 497
593 591
51 42
556 560
302 298
29 814
286 290
70 28
393 309
587 403
550 930
46 759
69 68
10 656
401 398
256 797
619 620
404 403
405 404
208 384
632 940
5 24
157 158
589 871
539 196
150 155
242 238
153 160
228 74
271 710
219 254
650 477
218 783
194 197
235 234
277 725
140 82
559 560
9 273
178 194
289 290
451 883
571 570
628 924
31 705
57 843
143 766
573 579
625 626
323 324
108 107
358 956
307 316
356 357
389 391
30 452
521 281
44 207
131 275
306 127
647 951
393 397
180 24
533 520
579 407
215 210
117 727
650 961
556 396
98 713
19 685
456 457
241 240
521 523
198 543
296 297
267 270
528 274
409 848
226 238
558 562
318 321
454 590
555 413
346 419
651 646
114 670
144 958
82 80
362 363
75 41
473 459
26 184
158 340
512 343
396 397
428 429
551 945
350 775
409 861
540 261
429 430
14 825
192 194
335 13
54 754
484 487
461 619
528 529
553 851
616 907
377 396
310 306
529 530
561 562
584 582
617 908
243 252
93 722
582 621
635 633
34 35
78 41
611 46
96 95
107 104
99 100
366 364
11 661
184 180
151 411
133 134
649 953
639 351
66 489
487 482
188 191
199 200
608 893
435 327
252 211
233 234
304 523
524 526
388 373
568 569
298 299
132 941
269 272
320 732
248 69
299 300
367 929
590 592
602 603
313 320
617 57
353 356
266 653
394 393
101 665
368 377
68 753
589 870
447 786
105 677
472 470
430 324
548 608
14 0
497 499
571 448
36 24
353 634
494 344
531 3
247 244
209 217
40 30
260 262
626 914
618 910
31 704
261 263
604 602
52 763
3 4
132 643
35 36
338 339
438 426
36 37
142 140
647 950
401 400
73 40
372 373
412 409
359 928
209 86
93 283
274 295
434 433
363 818
405 406
445 442
292 120
10 105
164 163
176 174
195 187
478 884
488 260
459 462
104 5
207 426
508 503
27 50
471 472
481 485
323 48
205 438
533 532
504 505
231 230
244 20
273 721
518 525
62 165
276 274
214 262
42 43
268 269
281 288
374 516
600 599
205 186
39 37
563 568
603 604
375 517
633 632
105 104
596 601
323 326
86 499
551 944
145 405
45 89
157 150
125 463
246 344
440 438
443 220
441 439
410 860
152 156
126 692
602 887
96 32
45 475
385 394
12 792
216 213
554 846
507 505
499 501
36 102
271 270
303 302
314 311
394 340
56 461
573 571
552 368
456 809
543 585
307 308
99 279
77 669
617 619
340 341
0 687
111 109
114 672
370 369
392 393
649 952
403 402
374 375
646 654
436 435
407 408
450 864
84 398
437 436
529 519
41 27
171 173
211 209
331 125
203 205
470 469
601 889
542 839
524 525
506 507
536 535
627 919
8 7
620 614
599 591
11 12
616 909
343 342
313 728
521 528
384 379
594 597
325 329
425 416
462 334
67 70
25 189
633 566
648 954
217 215
516 511
174 173
363 863
509 508
520 517
188 193
485 416
510 509
121 139
123 328
646 369
564 565
94 795
265 268
632 964
229 696
550 931
623 915
358 352
390 384
289 72
355 54
113 112
549 148
230 697
631 632
278 99
251 82
270 95
180 467
642 641
387 500
610 545
106 108
460 462
337 162
172 174
271 711
224 221
475 477
283 276
206 208
279 278
199 169
161 551
530 534
213 598
212 782
309 306
280 279
112 286
1 827
607 228
258 605
406 503
548 178
124 116
283 289
259 835
346 345
379 378
622 630
290 40
239 483
76 834
153 151
614 546
298 389
491 66
592 872
442 784
418 347
143 142
135 138
415 421
593 873
443 785
197 198
476 553
23 836
456 458
489 492
312 301
519 514
271 269
62 46
501 502
143 757
16 15
540 838
534 535
51 121
264 265
300 304
26 64
257 262
87 196
600 601
611 610
575 544
522 538
563 161
86 501
595 607
378 380
379 345
201 195
485 484
204 205
383 207
215 214
296 288
118 281
193 195
164 168
245 242
81 399
297 289
642 552
294 134
19 15
249 248
425 65
597 257
546 620
272 88
303 304
606 607
402 53
285 291
11 662
19 28
651 650
586 404
588 859
133 135
249 755
159 309
193 185
14 708
128 730
582 900
90 703
166 204
186 182
427 208
608 894
510 508
122 246
66 202
240 238
609 895
203 207
601 891
255 254
87 261
86 445
316 233
577 942
157 734
598 885
54 758
43 74
127 333
495 500
366 764
