666 766
884 708
676 798
910 864
895 845
702 780
691 777
761 948
896 938
746 722
727 782
694 821
949 681
747 723
693 786
728 755
954 680
705 778
871 682
924 956
726 785
925 875
675 874
857 774
931 690
861 710
748 724
904 852
805 858
811 965
834 967
915 876
835 941
740 758
812 918
721 873
704 866
669 963
900 939
856 936
854 771
735 765
831 934
700 752
842 790
903 922
855 937
836 966
733 767
909 926
732 756
730 768
807 942
860 716
745 878
943 686
902 923
701 753
843 791
897 881
672 781
850 714
837 933
838 932
862 688
749 829
662 736
696 683
670 783
706 779
759 879
656 958
863 689
840 822
914 890
833 935
743 880
920 869
661 737
803 720
901 883
699 684
741 754
894 844
794 711
899 846
674 865
917 891
927 685
905 816
663 764
795 709
930 827
744 947
912 885
819 886
659 961
677 802
820 887
678 739
760 946
892 882
655 957
872 824
849 712
658 962
839 775
877 823
731 757
830 964
671 800
808 787
818 828
804 719
793 762
810 851
888 825
742 789
668 959
806 911
792 738
929 679
664 955
813 788
667 960
729 770
898 847
945 687
916 953
734 769
944 707
673 801
657 814
809 817
893 853
832 940
665 772
921 951
750 715
848 713
796 968
841 826
660 815
751 725
908 919
928 867
695 784
692 776
