1.069903272957618140e-01 4.590568242787209097e-01 4.000312425768646762e-01
3.049246063057085565e-01 4.683884886130065817e-01 3.338284602378499555e-01
6.333120791573490505e-02 4.472325740959429696e-01 3.706150303117918265e-01
1.327241042828826156e-01 4.305638720734993874e-01 3.376264352113247935e-01
1.176100017822121757e-01 4.253394309968893117e-01 3.704739414874005932e-01
-3.804547867769630942e-01 2.984734757341362538e-03 -3.956062143096053529e-01
-3.176507779216970473e-01 3.169576382619067045e-01 -3.455421499213792158e-01
-4.981290713247862878e-01 3.829421777127969828e-01 -2.760753869251972858e-01
-4.748026305974513139e-01 3.457928117273751378e-01 -2.249534163438035028e-01
-4.646290855508574680e-01 3.889799336448252487e-01 -2.557893885950676127e-01
-4.859300880264477152e-01 1.227302113651198706e-01 -4.712606278229276024e-01
-3.567144808930860500e-01 2.318536676805865449e-01 -4.781604103934220529e-01
-3.676534258308120640e-01 3.005799038453991212e-01 -4.751425595322626427e-01
-3.074967763521920805e-01 -4.110777105836742051e-01 2.630776144615733225e-02
1.050884811435532779e-01 4.803095868865993601e-01 4.449896868065557065e-01
3.331483057469190601e-01 4.107099521339184767e-01 3.075148431637101942e-01
2.605753960045421591e-01 2.422954475815316533e-01 3.158283353251584713e-01
4.304812077919530910e-01 4.352029813308517237e-01 4.764426888602454335e-01
4.672935640538002366e-01 4.429058510276353000e-01 4.852935167235642999e-01
4.327144601466654805e-01 4.025346564441867891e-01 1.746228096237262273e-01
2.871671602694304548e-01 1.776728607978748931e-01 2.374351236668758025e-01
2.782524050519278869e-01 1.527634627302328629e-01 2.882499297652283410e-01
-4.092912737009999913e-01 -4.693988779034934389e-01 -1.238612754573821806e-01
-5.159335395359233856e-02 1.131254711412215674e-01 -4.820590820517762221e-01
-2.279371822287097338e-01 1.647611816076933328e-02 -4.420613117139737813e-01
-1.513184812505243837e-01 -6.674102459008755817e-02 -4.557977568463553175e-01
-2.052388257262940385e-01 1.017424733847654625e-02 -2.607194620169684396e-01
-6.688341640812361932e-02 8.597039014426795245e-02 -2.959598721675284483e-01
4.215907393273841119e-01 3.572553202809339301e-01 1.650254494489596380e-01
-4.508111010306910527e-01 3.144152798434400597e-02 4.417958500556669610e-01
-2.784936778172035221e-01 3.722204176881804272e-01 -3.349148976689492185e-01
-4.806117832052321237e-01 3.795889780962182214e-01 -9.510451936749977908e-02
4.530656607896994814e-02 4.263167150616317680e-01 2.423007304871776513e-01
-4.052728388423701977e-01 -3.556824659279295836e-02 -4.660559554624012502e-01
-3.108991189930014887e-01 1.731192651190534282e-01 -3.850095861565774324e-01
-2.089531565315466133e-01 1.446461151779953325e-01 -4.152957863537404815e-01
-2.575550413337520661e-01 8.560872453961623774e-02 -3.676058227591627037e-01
-2.162586349304024824e-01 6.925000229262844031e-02 -2.799824514621332971e-01
-2.922830491380375983e-01 2.725157438435364399e-01 -3.248114185983125290e-01
-8.651168777170388513e-02 1.171392709413044825e-01 -3.005226266578396310e-01
-2.402237134583886657e-01 3.287938719821684730e-01 -2.804830785875224719e-01
-6.361525489302324865e-02 1.458203298827216443e-01 -3.478373881160788383e-01
-6.076827611055032885e-02 1.710182809091564393e-01 -2.089184208572685553e-01
-4.730532069588021249e-02 2.552775411901229696e-01 -2.083104473830523773e-01
-1.183579063907642809e-01 -3.286650536697171554e-01 -3.976214374906592020e-02
-3.953000227359703689e-01 -2.156256393238895758e-02 3.996013264785599484e-01
-3.095774785007267965e-02 -4.701230084110779028e-01 -3.546696533688542541e-01
9.220068900205435902e-02 -3.173753667225988062e-01 -3.756915141007198811e-01
-2.436413404424925822e-01 2.021722759469911715e-02 -1.503107276177584051e-01
-7.375649492483590808e-02 2.168603427605436326e-02 -2.784244200781599288e-01
-5.067185927769818354e-02 8.010632783612123275e-02 -2.597521506841227734e-01
-4.626752005203320361e-02 1.268033623662771225e-01 -1.736867521750677101e-01
-3.858539207119333070e-01 4.834235222578188163e-01 4.539394442581338729e-01
4.633894332012243877e-01 -4.054783366887139140e-01 5.072367049860706384e-02
4.527630094258238702e-01 2.056236478646986804e-02 4.561815513784220344e-01
-2.947855100048705213e-01 -4.668874920430306497e-01 -1.259991608276259112e-01
-3.586628886130934779e-01 -4.535040415891566923e-01 -1.837782113532743788e-01
-3.466224118885986027e-01 -4.725904245390274427e-01 -2.580217370777866392e-01
-2.577564201724008575e-01 -4.001907191243671003e-01 -8.061898175469230099e-02
-2.572400488871856017e-01 -3.194614627007444363e-01 -1.129342170307033322e-01
-1.725761330830317963e-01 -3.429277435550217024e-01 -9.595996202010312337e-02
-1.361586307365627857e-01 -4.698538971716682000e-01 -2.363870570144364913e-01
-1.202540458841543508e-01 -4.397649561228456072e-01 -2.817546604657619747e-01
-5.759629543940877200e-02 -2.139130420214502282e-02 -2.612448185278316570e-01
-1.363673200491175852e-01 -4.459259524306283251e-02 -2.696242704976784532e-01
-9.484517961950532372e-02 -1.790218316718891062e-02 -2.734375619844142125e-01
6.180606339244078956e-02 -1.600083257070373521e-01 -1.661378471725233619e-01
4.298531616267448063e-01 3.312355357417638424e-01 1.635097926335905283e-01
3.848543665352599508e-01 2.164225804711911727e-01 1.791045364894481018e-01
3.645936436332107844e-01 2.111045263430521013e-01 1.503762902100683196e-01
3.979326934886344147e-01 2.934465411998605222e-01 1.656291264067390190e-01
-4.705742928044887585e-01 -4.068704127582785657e-01 -1.284123068866890316e-01
-2.246056478975399229e-01 4.856951434648233978e-01 -2.024443909503170769e-01
-9.192544649855925731e-02 2.756124296075059821e-01 -3.647707665949227462e-01
-3.024597345002963400e-02 2.711082217127385730e-01 -3.140459109787924752e-01
-3.451712082228307332e-02 1.932225452957574141e-01 -3.695391361844315714e-01
-5.168301838446238278e-02 1.520715231277424140e-01 -4.734510145091245237e-01
-9.535558966816172488e-02 1.654161883009090395e-01 -4.645189454492488212e-01
-6.233177693874700914e-02 1.585790552819479615e-01 -4.249404578082868755e-01
-1.017993103557096740e-01 1.978454698154344937e-01 -4.039208315269195992e-01
3.804908510573801195e-01 -1.201843974263467757e-01 1.775391094877612763e-01
4.629232918633812144e-01 -1.857563498078496356e-01 4.729398306379154794e-03
3.378707539766155898e-01 -1.537815128298624656e-01 1.109101991010005422e-01
4.078878206666768369e-01 -1.695921275034711351e-01 1.989864109978451562e-02
3.574559427007654167e-01 -1.414418605894202097e-01 2.985467131018646955e-02
3.872754348423665394e-01 1.355743768656034187e-01 -1.936647673129664876e-02
3.958306648791410920e-01 -2.516916433389091920e-02 -1.725504127348467254e-01
1.781915886208766953e-01 -6.444789927046190581e-02 -2.797680199560745873e-01
-3.600692729918067991e-01 4.299600266884958111e-01 4.475620005826397851e-01
-3.632424436541389912e-01 1.012398437342097307e-01 3.538698676821639411e-01
-4.959718791544955319e-01 4.020108348792301167e-01 -5.381000012859338266e-02
-4.588817656921244659e-01 4.003040495284264089e-01 -5.977806976024704899e-02
-4.193909087846541262e-01 4.793685644987280559e-01 -7.149142323424460821e-02
-3.111075654617970199e-01 4.646984359495884842e-01 -5.800191291636068447e-02
-1.065248221179708743e-01 4.267087106302848709e-01 -4.554433335509873171e-01
-5.036203730841563170e-02 4.665435490269906893e-01 3.372650312976241405e-01
-3.808388410668141905e-02 4.534222281243591723e-01 2.904666490289379288e-01
-3.324614298348715358e-01 4.526593271070890601e-01 4.005628823688733298e-01
-3.287727575042999062e-01 4.850713536246971103e-01 3.780621734521573685e-01
-3.278751169587742487e-01 3.243091452677605568e-01 1.868961335405180113e-01
-3.651160444196837607e-01 4.142076621236816525e-01 2.705091090054922431e-01
-4.746128313621951755e-01 -2.990374544121354727e-01 3.780091627096222595e-01
-3.102945569532513104e-01 6.301053339128410979e-02 -3.293565084995906389e-01
-3.487949464241115738e-01 1.363844943685840749e-01 -3.450070022613969112e-01
-3.712348732415547414e-01 4.711996633867584355e-02 -3.558410367591528511e-01
-4.150653901004281998e-01 1.005895190307152798e-01 -3.645712100014065760e-01
-3.216008122265031077e-01 1.791857367952188682e-03 -2.405431560303682437e-01
-4.099282683156902918e-01 -9.755061144174400484e-03 -2.833233739209538027e-01
-3.672087948013365022e-01 -3.580923258894682520e-02 -2.500138448639168676e-01
-2.762414265306433747e-01 3.784995782238877865e-02 -2.400787191519706543e-01
-2.655640820797863788e-01 7.862592752448020750e-02 -2.535545699218325622e-01
-2.604245992747503680e-01 4.808967212296653276e-02 -1.937706195440851986e-01
-3.581708643546568371e-01 2.347065669532924503e-01 -2.350874989542135196e-01
-4.488422457748048600e-01 2.527324238549921165e-01 -1.997142078557155864e-01
-4.748326336251600388e-01 2.695370968960197899e-01 -1.524237607737791711e-01
-4.507539155661093866e-01 -1.151031412975926996e-02 -9.301854675975849973e-02
-4.287493896822526795e-01 1.723192774239827932e-02 -4.876119837197728096e-02
-3.821757176675965040e-01 6.224997406614467266e-02 -4.145832452922968564e-03
-1.293527690096150373e-01 1.633481830281828251e-01 -1.408708467216445437e-01
-2.459188621802583796e-01 1.425596297219066944e-01 -1.316447128412645828e-01
-2.551679720198106183e-01 1.064472969151854520e-01 -8.946815201423272135e-02
-6.684174396646212768e-02 1.193349874111624964e-01 -1.306193655846575319e-01
6.998795268309676923e-03 7.132007617848422354e-02 -6.617987329657383511e-02
-4.268283753182934848e-01 -6.997437450988301666e-02 -6.312304756742713463e-02
-4.170076740190098996e-01 -3.554837350797375450e-02 -3.178083702169139796e-02
-4.466605347737971909e-01 -2.405923800353372832e-01 -9.861920579173728829e-02
-4.751006752901533181e-01 -2.051633233988086891e-01 -8.885969307275912166e-02
-3.932502084269314802e-01 -2.620653478846389772e-01 7.697989169676774934e-02
-4.633340792533928720e-01 -2.630394952178330414e-01 -2.640320214194102552e-02
-1.375740858979360159e-01 8.647901968673128714e-02 1.569633928628685338e-01
-2.283798051216082425e-01 1.276163437921808974e-01 3.337783120884265098e-01
-1.625984523134242632e-01 2.254725972445200954e-01 2.454723987322594836e-01
1.052514056166887757e-01 1.390903429462755081e-01 4.743519177636644213e-01
-2.480426984213504604e-01 4.078674936517703853e-02 -1.074263207810597781e-01
-2.582545449301831830e-01 8.540377173812413458e-02 -6.897116298339742158e-02
-2.107666466851326470e-01 6.139627054410697754e-02 -8.173422440582026050e-02
-1.747784316458129150e-01 4.754171246672697637e-02 -1.159342941080461660e-02
-1.922733082636566837e-01 4.597513715931167422e-02 -4.028274809210552476e-02
-1.798829826291295508e-01 5.249885911804002409e-02 -6.527977803595021167e-02
-9.198350100505185700e-02 5.622037271791808372e-02 -8.821331889265088266e-02
3.121740187002057243e-01 -2.006080289311770459e-01 2.054137464905181620e-01
1.996364974761148381e-01 -2.821271588844207479e-01 2.088693171346248378e-01
3.687676555253168731e-01 -1.532630590346014121e-01 2.546598976958215910e-01
4.594035386032088164e-01 -1.830260108957801890e-01 3.083090570204040648e-01
-4.785646798233025301e-01 7.878213212119714037e-02 4.604018562911185719e-01
2.779101158679425643e-01 -4.519144269169836914e-01 -3.903625709016014800e-02
1.738469949912548884e-01 -2.733015991209391538e-01 1.651486113657153199e-01
-6.003482450512654181e-03 -4.514336188555496676e-01 -5.834003215372234735e-02
1.568435429338914666e-01 -3.842597829563491607e-01 4.133524686143175142e-01
-3.361382083067610549e-01 -4.760838380539739179e-01 2.439802136803993771e-01
-4.303283013663258272e-01 -3.927836039431095716e-01 1.869556974112981940e-01
-3.737933015660008795e-01 -2.797462477716911033e-01 4.290887965319272190e-01
-4.256955865312711529e-01 -3.026010127872550415e-01 3.724389730677138410e-01
-3.195531150703732615e-01 -1.771475612393306198e-01 3.715624539671122384e-01
-4.691800274801108395e-01 -2.699541037101965135e-01 2.992042512472021243e-01
-4.740728444294584620e-01 -3.081919530328258716e-01 2.970583180752844332e-01
-4.604853698060308864e-01 -2.932752678103847654e-01 3.303507535456202127e-01
-3.973483631899192292e-01 -3.870620140613684201e-01 1.291392222826059366e-01
-3.505513500856967113e-01 -3.737242495238327633e-01 1.199627583057812641e-01
-3.662341773113102494e-01 -3.364155171422246182e-01 1.368193881254304856e-01
-2.378339435754205644e-01 -1.801671685731973671e-01 3.353607606704616106e-01
1.063190025321794352e-01 -4.053803790890886938e-01 4.305429757099373256e-01
-1.359317568892197958e-01 -4.497282064530929713e-01 3.128330212810233046e-01
-8.585191063899430541e-02 -3.321122955895396411e-01 -8.630355027936489898e-02
-1.301358273036890556e-01 -3.538173214378182441e-01 -1.481926865736744037e-01
-9.626821454815820411e-02 -4.230815278623782372e-01 -2.546588509014205415e-01
3.764025212552881555e-02 -2.126689973645628506e-01 -1.975753068424217496e-01
-2.168688833383088099e-02 -4.172610113895832695e-01 -1.004384339570538742e-01
-1.020267892810440558e-01 -4.379806873374711973e-01 -1.872998736791289809e-01
7.032953990030590963e-02 -3.493679938241471272e-01 -3.090136927330386363e-01
1.873261674596328474e-02 -4.180279530409893862e-01 -2.870898614723972897e-01
1.229347102610803266e-01 -3.444612270394671882e-01 -1.669026414774391065e-01
1.300818375175138986e-01 -3.756570289453123324e-01 -1.885834348528646898e-01
3.386917986233231592e-02 -4.225656150410068701e-01 -1.182851200344054027e-01
9.859791484900382041e-02 -4.243262079659037567e-01 -1.563300352444038643e-01
1.050022814305583696e-01 -3.696363687084903149e-01 -2.537375099635457154e-01
8.868076178672625043e-02 -4.248797838121166626e-01 -2.420308218285805169e-01
-1.836100025386378787e-01 -1.801063263539113835e-01 -4.424883781785958203e-01
-1.494716395270756504e-01 -2.514981030523185668e-01 -4.351742624201263010e-01
-1.534533517332935526e-01 -1.243204435681577180e-01 -4.194888405574377366e-01
-1.800274505182705154e-01 -9.629249328881031578e-02 -3.746328693555586731e-01
-1.516672905695851115e-01 -1.796773573851478956e-01 -2.379082801513223155e-01
-1.504095330153637500e-01 -2.959674897823139084e-01 -2.135655185191092931e-01
-1.290250117080283532e-01 -3.116545778340760187e-01 -2.763628175102873508e-01
-1.879732686640543937e-01 -8.545699562598034482e-02 -3.093151975712977730e-01
-1.357707819826122209e-01 -1.106974577075427735e-01 -2.932251325852183177e-01
-1.090266975861917120e-01 -2.427230424525489150e-01 -2.308495431229924399e-01
-7.902244406709879598e-02 -2.648548165326687909e-01 -2.881951776225005757e-01
-3.334330518832950147e-02 -8.243068825856948723e-02 -3.473957562629412799e-01
-5.636270308507888155e-02 -9.299767577407823393e-02 -4.113126000371677971e-01
-3.117146136456900446e-02 -5.569026786136334339e-02 -3.993866042853671527e-01
5.451193083933542072e-02 -1.076602330310574979e-01 -2.738939579449992667e-01
-9.742994825911688306e-02 -1.348257840701092558e-01 -4.011520191774331501e-01
-9.380530797035814550e-02 -1.144928293323033142e-01 -3.441248883771821365e-01
-9.443793229977921755e-02 -2.105474543004650367e-01 -3.785322330406201141e-01
-7.778666952271864887e-02 -2.125012031457156059e-01 -3.314582190998029421e-01
1.816484081764866976e-01 -7.468041446378631543e-02 -3.374751720899163421e-01
-4.518076066444218220e-02 -2.409816798032125285e-01 -4.181996671427733459e-01
5.332894043322132516e-02 -2.620151621064259473e-01 -3.757170074895510026e-01
2.780762095552171548e-02 -2.704980913116888375e-01 -3.111981489216879559e-01
1.190820874866776492e-02 -2.277390387860804277e-01 -2.590108269223032056e-01
-2.110882993301618424e-02 -2.488321855578426445e-01 -2.891001422818160749e-01
2.123195124230578198e-02 -1.740002018634066727e-01 -1.402126452039676452e-01
-6.912711593288875522e-02 -2.594272143354538485e-01 -1.102229412013463750e-01
-2.729446848074463389e-02 -2.103993539647058819e-01 -1.719215380273274307e-01
-7.214865571860831772e-02 -2.308627475356171688e-01 -1.735026873633246092e-01
-1.352977428515720892e-01 -1.266658827027118961e-01 -1.796311999572242080e-02
-1.097302296579660275e-01 -2.616352212332297422e-01 -3.025567834262779532e-02
-1.427914549142437206e-01 -1.738408116394590253e-01 2.843907044070976414e-02
4.199592622916265561e-01 2.855185380966364025e-02 -1.846846554463871803e-01
4.026030238284554197e-01 1.504265803874054175e-01 -4.290755918143474013e-02
4.329068796658474549e-01 8.054440010274682704e-02 -6.992445606412096837e-02
4.279151823525116360e-01 1.336601931502891527e-01 -4.369725565653503202e-02
4.814931604162238088e-01 3.652409993648734754e-01 -1.217632435059212148e-01
2.200756701572161578e-01 2.020232664079519846e-01 -1.697548485532355267e-01
3.837880134204224025e-01 1.632309345516620713e-01 -8.379702749795576999e-02
4.730727408640869047e-01 3.347594233106497286e-01 -1.039074071172196023e-01
4.080460733229847037e-01 8.961533113567300701e-02 -2.303769193951688832e-01
4.202401268635038156e-01 1.765323728651677360e-01 -8.069748387122259448e-02
4.637708796437970959e-01 1.294406779052916512e-01 -2.925948078688208054e-01
4.349526600765442064e-01 8.963491675708495920e-02 -2.699955542208098414e-01
3.524708074310112238e-02 3.858572361202614598e-01 -6.490307390118299491e-03
-1.424022970722658987e-03 3.955288114567336866e-01 -2.562931787742744189e-02
9.777539292110117020e-02 3.587078892255944340e-01 -4.369170979179104464e-02
7.064191348115442248e-02 4.452018356736452409e-01 -5.807652635157858553e-03
1.492308782417040881e-02 4.516791430332653956e-01 -2.540291566534918360e-02
1.111854606948674828e-01 3.005237440645819880e-01 -1.311280737986351141e-01
-2.172823647381263990e-02 3.090552940820703309e-01 -1.903912058022713960e-01
2.282715405836749367e-02 3.192468372900168494e-01 -2.794403726511408004e-01
-4.252468999448261733e-01 3.867336906735912017e-01 4.440284994807137675e-01
-4.142197572325499455e-01 3.163673815018112068e-01 4.784602061589345867e-01
-4.260358973848117903e-01 1.982397184982430949e-01 4.700096615597262883e-01
-4.691727722348971730e-01 1.580354935366457270e-01 4.855528738401261313e-01
-4.584246297310958784e-01 1.997221972305445181e-01 2.214311634113052818e-01
-4.277838652791285945e-01 1.435939725426571278e-01 4.003108740666344589e-01
-4.653475273184720651e-01 1.141082120871390604e-01 4.517089814011089333e-01
-4.411999570843087581e-01 3.583102868000005992e-01 2.466894513408010858e-01
-4.432221618845053057e-01 3.152518361873457575e-01 2.059894434799572627e-01
1.363297047327663991e-01 2.233506222481220771e-01 -7.276315985573091061e-02
2.099712745193051955e-01 1.912882064434563434e-01 -1.221260640785540863e-01
9.386534172142890764e-02 1.075002708333708673e-01 -1.073945566653805861e-01
7.307669355310715542e-02 6.311573046799909270e-02 -7.457163702457830778e-02
1.508971349731921263e-01 2.423768278985766744e-01 -3.066161522165926356e-04
3.626862435480993629e-01 1.200180170489424381e-01 -1.478831043817314082e-02
3.041325328639908343e-01 1.399514088216833596e-01 1.815151671585226167e-01
3.310162490484002129e-01 1.785895508948029953e-01 1.450317810646687411e-01
3.857283497693363150e-02 7.845664121167916782e-02 -4.878676104127746549e-03
3.337959209970698948e-01 1.593632651333445893e-02 1.365726617566552781e-01
3.649508890327522459e-01 1.676240982048445016e-01 1.104452988705693361e-01
3.644191208047702357e-01 1.130440644015557050e-01 9.571188732365017160e-02
3.656103106242745149e-01 1.429527390197937453e-01 4.514373750219104892e-02
2.931888995545305354e-01 -1.150850344822720583e-01 1.107506251809708131e-01
3.562306969096455944e-01 1.094773162246985912e-02 -1.433099274726835383e-02
3.880192541083124502e-01 8.245943926249983680e-02 -3.202379083372618451e-01
4.279125670695319017e-01 1.307020317587875291e-01 -3.515708297177518871e-01
3.895783566131247877e-01 2.837796155676122756e-01 -4.107608585380993493e-01
4.089483119228446983e-01 2.913087016066630563e-01 -4.560530782482132284e-01
2.139914962216241390e-01 2.406031241744877314e-01 -3.460819211930347694e-01
1.637825811029467449e-01 2.288181215875493002e-01 -3.911299238936387646e-01
1.256940781049686318e-01 1.780074478609266764e-01 -4.190720706032137199e-01
2.162996007416910227e-01 1.091335861696463572e-01 -3.077823450991539200e-01
2.261147103607283881e-01 5.784336351804136162e-02 -3.281842242341691529e-01
2.586742540634472953e-01 1.602847162372641743e-01 -2.867975672611319804e-01
3.221572602044647238e-01 1.121905536277669341e-01 -2.949202416162106655e-01
-1.110242591329347606e-01 2.301993109060750942e-01 4.664604589206509666e-01
-1.834337321739779036e-01 2.378442864116150912e-01 4.032411597872053166e-01
-2.008714981763005947e-01 1.631581721577515798e-01 4.108896004496463972e-01
-1.237829520825853152e-01 3.982321321949077730e-01 4.524366693811435192e-01
-2.037339778646168331e-01 3.353972565864571376e-01 3.938856473302108085e-01
-2.769314632685140332e-01 4.225873590845724559e-01 4.271404001684853680e-01
-1.552556407136316541e-01 4.065528696540994802e-01 4.171366507894431197e-01
-1.917353318109305538e-01 4.374900018510758382e-01 4.463082718485615330e-01
-3.204807095310943099e-01 4.047088162895339791e-01 4.646155985236534725e-01
-4.156106755634726424e-01 4.610147173820530186e-01 -2.589302183567827043e-01
-2.414925991023721824e-02 3.664085753224546882e-01 -1.005063481331110696e-02
-1.718307803722617377e-01 2.284693808829517114e-01 2.094310841003784729e-01
-2.147601145346571816e-01 4.475179705068239588e-01 6.327325814435522111e-02
-2.180210757089872387e-01 4.161536781741188018e-01 1.134410928589252854e-01
-2.924017629917028960e-01 3.061664871799037457e-01 1.572599375170546931e-01
-2.721087295334891354e-01 2.734221496136400864e-01 1.815398203675658295e-01
-2.107305371802174476e-01 2.037254080225580077e-01 2.172920200823516002e-01
-1.700096221358355364e-01 2.310175512250544350e-01 -1.278767679739364338e-01
-2.267630835579385606e-01 1.457888349079878021e-01 2.199878330508441560e-01
-2.877485748150462319e-01 4.140894296074996150e-01 -3.830395994321163233e-02
-3.637959028916148418e-01 3.515536639444961642e-01 -3.428576863190704177e-02
-3.641520377305458300e-01 2.534839476603415465e-01 -1.167169055770853614e-01
-2.950395517457745642e-01 2.315242468599884029e-01 -1.487917446013485856e-01
-2.529842900442669795e-01 1.607253077780316786e-01 -1.201849168634780141e-01
-1.212102080846766822e-01 2.988471868877946025e-01 -1.597863315489561620e-01
-1.654675330721933346e-01 3.626011238730466602e-01 -1.404315763332955880e-01
-1.900813160907857124e-01 3.048657210958347075e-01 -1.673599741514408823e-01
-3.118600390448126869e-01 1.115505560686835540e-01 -1.934368153908518420e-02
-2.693321751217976900e-01 1.158581867494041240e-01 -4.441417409730662874e-02
-2.943595707042983012e-01 8.557171827901975669e-02 1.849748888910524372e-02
-2.787734402759505792e-01 9.834995813250539676e-02 -2.602020009019109792e-02
-6.337040205195591802e-02 3.674446283951577352e-01 -7.968084662081924285e-02
-7.858851419523636694e-02 3.350461864414877589e-01 -1.280739752892439409e-01
-1.098032900851599325e-01 3.702080650427630459e-01 -1.282395917925624462e-01
-1.529575911784579467e-01 7.301022567579920630e-02 1.475581289008006391e-01
-2.037588483676097406e-01 7.662872164440634459e-02 7.767687126066846748e-02
-2.536076798883876715e-01 1.039702843787827374e-01 5.879933188593965132e-02
-2.898825575065305804e-01 -1.247443838177271086e-01 4.421293076607889228e-02
-1.768131883496019408e-01 1.125814034894987159e-01 1.652507358351623379e-01
-2.118384573507754998e-01 1.235568800024542391e-01 1.789816539552763486e-01
-2.001149011583833182e-01 1.388782463817126167e-01 1.469998929669487642e-01
-2.799277632083244649e-01 1.073236607371202411e-01 6.953538211759606458e-02
-3.758125233523477160e-01 -1.997371060086955141e-01 1.241206775828987696e-01
-2.779993349676800340e-01 1.543693082710992925e-01 1.796746419140888007e-01
-2.664751000289670713e-01 1.285953722752034845e-01 2.027871984033101094e-01
-3.417139664722380066e-01 -2.452692697532438681e-01 1.649437699412848179e-01
-4.283528352941985418e-01 -1.400367999204767400e-01 1.299783169055770404e-01
-3.691569027582984330e-01 4.985554837341000037e-03 4.531162111501415429e-02
-3.371215435347846290e-01 -1.719815102997015663e-02 2.464823114672179752e-02
-4.061478341827106098e-01 8.312696240350511689e-02 1.298396558508573828e-01
-3.654920245153077674e-01 4.329591898013683549e-02 4.802283477692052827e-02
-3.207509258263330221e-01 5.037447005809825296e-02 3.128265467800243199e-02
-3.531737298561049565e-01 1.312217162206033849e-01 1.951981361025465767e-01
-3.430966151731269509e-01 1.122442636220767759e-01 2.472725053866671741e-01
-4.199998601578529556e-01 -2.134495455305043810e-01 2.759472365813543937e-01
-3.745274446387960032e-01 -1.771734059439594722e-01 3.136979426743310984e-01
-4.608220956395601142e-01 -1.276490344579602476e-01 1.772339249626294078e-01
-4.528990921304597572e-01 -1.459894684899327999e-01 2.548877079787228439e-01
-4.048286802420579811e-01 -1.097470655149444946e-01 3.051193434112294822e-01
-2.561087032063252833e-01 -5.797096516805332750e-02 -1.426093073869360017e-01
-2.523700636314917811e-01 -7.830006861221584791e-02 -9.809450387677183525e-02
-3.043458794171444159e-01 -1.134903617322077229e-01 -5.492255047153053737e-02
-2.990597505857987559e-01 -7.085162177528614436e-02 -2.266371734860447018e-01
-2.313995951892488245e-01 -1.779464512763589967e-01 -2.368554676354099053e-01
-3.739083527524261208e-01 -1.317860452011149208e-01 -9.000878094565337162e-02
-2.906900745750273241e-01 -1.590126579156265485e-01 -4.526313748759959454e-02
-2.401230924150960788e-01 -2.550906189425464210e-01 -2.212429014502984848e-01
-3.991976562913376880e-01 -2.150607046434005465e-01 -1.103040664460780834e-01
-2.863421392427768497e-01 -2.569940237755308221e-01 -1.041305622348187160e-01
-3.299464413275114416e-01 -2.320839017469280285e-01 -7.394591815068102258e-02
-2.889162084342173920e-01 -2.722447426206103249e-01 -1.503036236333910036e-01
-2.451491028625772950e-01 -4.231590533521501496e-01 7.132619561380779127e-02
-1.093834476938086442e-01 -3.514710572482062645e-01 2.584442909613375583e-02
-1.427548650453305534e-01 -4.285895184349434173e-01 2.485514828129676002e-01
-3.491178854092080730e-02 -4.126532666614551870e-01 3.257698323261004614e-03
-6.060638755527741200e-03 -3.123320807474233018e-01 8.029959652978130302e-02
-2.459479050702835790e-01 -4.024714646476586499e-01 1.169366496048975523e-01
-2.388068173504916958e-01 -4.474851208388557766e-01 1.805579378603690277e-01
-1.022580974632471273e-01 2.422717097950333187e-02 -2.767756264784902373e-02
1.382059725783876120e-02 5.064838103429414318e-02 6.191745209332479016e-02
1.110681727349502497e-02 5.502084880383973503e-02 -7.789607080891335772e-03
-9.456480667629126036e-02 -1.035665795110814608e-01 -2.301184080225088940e-02
-7.370009603266225451e-02 -8.643959965150441183e-02 -6.249055196151512975e-02
-2.934289140089889336e-02 3.764576264898621127e-02 -6.889770330205657878e-02
-7.788905688470530719e-02 3.069138565962390916e-02 -6.829498263974433103e-02
3.016230897297116076e-02 -1.744150714462501806e-01 -2.492123058308736913e-03
4.206928804948617540e-01 -1.479537828315364949e-02 4.714311026274300986e-01
1.394051136497150289e-01 7.348074498974990765e-02 4.133913505692478063e-01
4.061710905308252850e-01 -2.062704842839049035e-01 4.704157663171116277e-01
1.572483693075317768e-01 -1.996229715976781116e-01 4.052290619945644323e-01
3.220396561883233089e-01 1.852874718736324811e-02 3.605561858367596351e-01
3.977141834073243398e-01 -1.237269690977494882e-02 4.277826744063180087e-01
3.495059172461814634e-01 -1.030453368328634739e-01 3.251239321437451868e-01
4.121585695346511313e-01 -1.339702611523694853e-01 3.643983577797978990e-01
4.594992571304829521e-01 -2.763580209988790171e-01 4.667354690548643492e-01
3.977895236286820846e-01 -4.835622381968953665e-01 9.239927072563236532e-02
2.253179249617183466e-01 -3.881276472069928873e-01 2.113584297848815907e-01
2.524152488490080670e-01 -4.579033872269726579e-01 3.564700523699879803e-02
1.786408811027026255e-01 -3.627032090907037487e-01 1.659989312018012586e-01
1.005483259534363794e-01 -4.553412678501078670e-01 1.233071787723320212e-01
4.405995194804673831e-01 -4.474819843756978610e-01 1.366830234031719826e-01
3.908976799287188220e-01 -4.795098300900138555e-01 1.479770143613529099e-01
3.866396958970447217e-01 -4.059705398214785155e-01 2.093736961836856758e-01
3.248050646859216295e-01 -4.342371132639480380e-01 2.170664575997857115e-01
-2.191829556510890009e-01 -1.287467144444447431e-01 3.939379967030472995e-01
-1.952946214655700008e-01 9.128149014039504960e-02 3.664995715205176530e-01
-9.370388272070649671e-02 4.371770677366936669e-02 1.912664055068862279e-01
-7.416918320636655890e-03 -3.102113317111380997e-02 2.482503201743082311e-01
2.673476056126794509e-02 -2.842882862897855301e-01 1.209099511547443023e-01
1.014776411093414876e-01 -2.451204557238697845e-01 1.518083572361043909e-01
-4.251397991318530550e-02 1.626813470039898540e-02 1.942074710779294611e-01
2.528049944398264547e-03 -8.753019917382741724e-04 2.235800297126419034e-01
-1.015096816601235297e-01 -5.601378304830768873e-03 1.906729958962348759e-01
-1.500542885393255921e-01 -6.682293591295529467e-02 2.520709484513634080e-01
6.866498277138604125e-03 -1.931593727358203449e-01 4.561084073013602080e-02
-3.781364426044454830e-02 -1.571161046546543372e-01 3.678912099857938739e-02
5.650984774581589709e-02 -1.456011907014947981e-01 8.585013848032413408e-02
4.040077211752082786e-02 -6.557115022526111003e-02 1.311299354934738759e-01
3.787884992078355273e-02 -1.022353786724774921e-01 1.028623899035993050e-01
-8.896669226716233392e-02 -2.467985050031796523e-01 4.449129301015384425e-02
-1.167969747674947600e-01 -1.964244509288337326e-01 5.204552284647548377e-02
-8.131909663054251447e-02 -3.093325184886908663e-01 7.445420070211063168e-02
-1.965708463446297696e-02 -3.137675313695935664e-01 1.065472665396829666e-01
7.217844280359834996e-02 -2.090309042765221559e-01 1.031267815684495937e-01
9.295642486533811644e-02 -1.835296154106622335e-01 1.224859633895167832e-01
-1.468603361273259078e-01 -1.210812682293396954e-02 1.756426529560571326e-01
-1.729202123664839719e-01 -1.631625400237950163e-01 7.769375893714325354e-02
-1.856297717906567057e-01 -1.286794722927789847e-01 1.083515167870122142e-01
-2.133594657373745762e-01 -1.348947269902223134e-01 1.072333866841993638e-01
-2.553711246210382813e-01 -2.382525698156327532e-01 1.730530397319193781e-01
-1.765602035171444373e-01 -3.226441927725314240e-01 1.406873898433206871e-01
-1.237286723923912701e-01 -3.417249106817277227e-01 2.082519017896907187e-01
-2.297176620408503123e-01 -1.939760975952395383e-01 2.987176950553417920e-01
-2.622218189709152880e-01 -2.015524450480400964e-01 2.616990223175579833e-01
4.451481075255304121e-01 -2.012144003398956826e-01 -2.561863271507549417e-02
4.746870317043352938e-01 -2.196923505392573972e-01 -2.449509653248242019e-02
4.763609549622606076e-01 -3.241031884150886722e-01 4.393755554563998078e-03
4.461081642263580171e-01 -2.199244422681963518e-01 -6.751709470668209104e-03
4.507008434721896939e-01 -4.198236956619779692e-01 5.019039009019945694e-03
4.135887357813444187e-01 -4.619680717375099777e-01 1.684325896959302377e-02
3.333580564797541390e-01 -4.333131775274488007e-01 -5.168662036581649771e-02
2.797246345461846806e-01 -3.965703189250477934e-01 -7.360968706612655565e-02
2.618249051846207043e-01 -2.930256176608641017e-01 -1.037029930617333895e-01
2.314367787057425574e-01 -3.515946557651047355e-01 -1.568041733150339623e-01
2.638554771446688374e-01 -2.786613725781006412e-01 -1.608603935036715116e-01
-2.388205146682110258e-01 -4.625608563167623033e-01 3.879594328789902069e-01
-3.521161080173629832e-01 -4.363889119066840516e-01 4.143541446921810145e-01
-3.148740529185937720e-01 -3.685502100043865914e-01 4.479762417157590049e-01
-2.104786694574341255e-01 -3.854126875828787213e-01 4.244269196676259126e-01
-1.036665059274778367e-01 -3.054412207354977871e-01 4.994721001023195717e-01
-7.755078857407293746e-02 -8.231169138658964157e-02 -1.013652936328798826e-01
-1.258630314164785602e-01 -8.980996135863034135e-02 -1.108461452279817794e-01
-4.349598584169360460e-02 -6.292791420234333799e-02 -1.583534930768847881e-01
-4.282425597519596422e-02 -9.832146131765331920e-02 -1.453812498212969928e-01
-4.950286346759218137e-02 -2.703115390678904537e-02 -1.113298297534927733e-01
-7.184152534535383217e-02 -5.606080761705082433e-02 -1.017891139876739709e-01
-8.203072244205558694e-02 -8.320227593057415161e-04 -8.637868170653799360e-02
-1.433258617627871656e-01 -1.253313657050722681e-02 -1.157762754370492975e-01
-9.411248346921513575e-02 1.697430235251148195e-03 -1.311868605120097842e-01
-1.626825728381617042e-01 -3.365551011307255785e-02 -1.684469165631346244e-01
-1.377459851336278462e-01 -4.816209378603423380e-02 -1.960559260986792507e-01
-1.012460603743786935e-01 -4.194616665694942542e-02 -2.209589209056196379e-01
-1.403609995356233098e-01 -2.276432867378463676e-01 -4.641153459367108880e-02
-1.659413206918816941e-01 -1.798679463578019555e-01 -2.515714023422970652e-02
-2.366048252943505625e-01 -2.143851795811801686e-01 -9.724526804586175466e-02
-2.400483405697210471e-01 -1.652008727673238142e-01 -6.356232783927066865e-02
-2.327272963992867427e-01 -1.101560382749457445e-01 -8.518577966066372131e-02
-1.335250790961571843e-01 -1.049637914405781997e-01 -1.354823615971329220e-01
-1.734840417656215716e-01 -1.179463963958362616e-01 -7.842443835338182290e-02
-1.385662893434853327e-01 -1.217801336562797931e-01 -9.040922244467855529e-02
-1.486735986433892209e-01 -1.471205844605021629e-01 -4.838581223983288992e-02
-2.091719993321929094e-01 -1.636719732360759905e-01 -1.724207091924005453e-01
-2.238208234359933546e-01 -1.029561161847610401e-01 -1.422782953390466787e-01
-1.648374509240446983e-01 -9.190491294259039989e-02 -1.639571446811223521e-01
-1.154134279525040052e-01 -1.825952121392154237e-01 -1.538560366018172365e-01
-1.048176991859477158e-01 -1.299694318228646339e-01 -1.472620463936869795e-01
-1.587728120467911119e-01 -1.647662797267428481e-01 -1.914891930939977560e-01
-1.366807581608074362e-01 -1.269315583601687836e-01 -1.856371032458258852e-01
4.659496502108635418e-01 1.046552413577036406e-03 -1.972549059337316835e-01
4.687533313983576200e-01 -1.229647325209591753e-02 -2.455271566084809010e-01
4.896115042479028956e-01 -1.192575682802950038e-01 -2.610241436151967687e-01
4.591202215474766701e-01 -5.735583465510937784e-02 -1.994848108957081867e-01
4.863753958292340029e-01 -1.539419212649418001e-01 -2.416240589692128238e-01
4.857644027324208302e-01 -1.966673059871405227e-01 -1.151054619906131810e-01
4.848904467794611373e-01 -2.033077752320043008e-01 -2.090624152167783467e-01
-2.785936670119156244e-01 4.299209881395347765e-01 -3.319110941454110342e-01
-2.802531821258499867e-01 4.840806096318266416e-01 -3.097702556722894962e-01
-2.475994050738063168e-01 4.674509243415921889e-01 -2.971836299073059573e-01
-2.552364997836226168e-01 4.050099419021614966e-01 -3.794082168264771293e-01
-1.333095758034830436e-01 4.533374651875784478e-01 -4.510762696661725912e-01
4.338191359873546094e-01 3.594689487886782997e-01 -3.999723744529848912e-01
4.366499380054781887e-01 3.646561279341100081e-01 -4.516067183579441369e-01
-3.476297717830107437e-01 -1.851167672378012663e-01 -4.331557267043742443e-01
-2.842243095104035056e-01 -1.967358036491790307e-01 -4.065017008659954079e-01
-4.039665343713587098e-01 -1.350967603924348726e-01 -4.205019288838688363e-01
-2.791607779255262378e-01 -2.426242052982640340e-01 -2.489618638158979658e-01
-3.940039282979604929e-01 -2.276064459106130200e-01 -1.556481373179949834e-01
-3.890104313470904018e-01 -3.406269425412470353e-01 -2.058257653014249344e-01
-3.523635184784815189e-01 -2.796470540936261684e-01 -1.776563821490962092e-01
-4.515378079257814647e-01 -2.412650931543501576e-01 -1.478190443083524652e-01
-4.412663165982589342e-01 -3.200429496243081817e-01 -1.884278942944965229e-01
-3.836642205855333998e-01 -1.023455715658951326e-01 -3.663321374453944457e-01
-3.990546813970594631e-01 -7.040879095718452496e-02 -3.087743212068329579e-01
-2.968648558104909352e-01 -1.501941015857873318e-01 -3.626114088885897813e-01
-3.674142672136589405e-01 -6.883831882229490828e-02 -2.719701394407509909e-01
-3.541803898340388224e-01 -1.221753182216112898e-01 -1.757607503253094949e-01
-3.289147618109271587e-01 -9.300306138715333515e-02 -2.340462501171396703e-01
-2.769528117833987557e-01 -1.393080193852840043e-01 -2.793062416788261171e-01
-3.106553491944251122e-01 -1.251299501760030353e-01 -2.496965778326965535e-01
-2.694936207775150971e-01 -1.534228267948503921e-01 -2.484878630383475506e-01
-3.019693477256557568e-01 -1.257972006994966252e-01 4.231266668399608077e-01
-3.301742981123144682e-01 -6.885005586840449443e-02 4.386526606144653950e-01
-2.297231016305546214e-01 -9.197725656841260200e-02 4.235957340145495298e-01
-2.573363727966304082e-01 -3.925319697562109494e-02 4.299531166902025303e-01
-1.091602168882117169e-02 4.700004688665055386e-01 -4.223982502790641358e-01
1.682086170874542291e-02 4.379729010480314932e-01 -3.669261631644445965e-01
1.417664070221784367e-01 3.782070621591175352e-01 -3.550266065071786548e-01
1.045471851824927301e-01 2.825368310362659161e-02 -1.266554895075746867e-01
1.057981604223153238e-01 5.199562797680458426e-02 -1.401213463302009299e-01
1.189751618223969520e-01 5.226042862138273459e-02 -1.336882740448712137e-01
7.020792689397443997e-02 -3.650259242564832945e-02 -2.096426871919078727e-01
6.392377666564402761e-02 -5.713801612098950988e-02 -1.822372296829342098e-01
1.457319386259005312e-01 -6.846035388179989856e-02 -2.372358211850529031e-01
8.235435570554332230e-02 1.748454741285887862e-02 -1.963930359821157434e-01
1.437297045483153513e-01 3.262105475044276004e-04 -2.019583794426619006e-01
9.199844369293511126e-02 -1.618621996849934352e-01 -1.460984023031383638e-01
1.035647488632881197e-01 -8.269317226716284275e-02 -2.166820626385308757e-01
7.300853156364110752e-02 -1.131143062357274076e-01 -1.746688403154515179e-01
6.803256915080198308e-02 -1.661245351976161355e-01 2.833294349682535448e-02
7.333387512626585170e-02 -1.529536600688932435e-01 6.186811557738443323e-02
7.574232362111903150e-02 -1.292825204742051315e-01 3.522227290446730552e-02
1.485669306059076711e-01 -2.376462112952504591e-01 -1.209326316863407608e-01
2.271854279306101676e-01 -2.378234818314349241e-01 -1.289784974788312222e-01
2.619533581012756240e-01 -1.834711082511285285e-01 -1.830572403111878077e-01
2.345604129757885015e-01 -1.248930762807635431e-01 -2.083455621175142325e-01
2.885146109145616533e-01 -9.808953667860489944e-02 -1.733014331825215582e-01
7.979927954036600268e-02 -1.731743052267126493e-01 7.544896645281179426e-02
3.217337081104695296e-01 -5.496380974017747723e-02 -3.437366499792601782e-02
3.425274957847667112e-01 -3.193129601496704634e-02 -9.817680116394750245e-03
2.485229291318893363e-01 -2.461291131644632035e-01 -9.728449676731897033e-02
3.297208684737260032e-01 -1.030050356796049643e-01 1.527441127769565109e-02
3.247844925658820436e-01 -5.412484113400391900e-02 1.767305219297635177e-02
3.223753422365228660e-01 -1.266526809712607005e-01 2.818749240468623046e-02
2.921303180535779753e-01 -1.211147313844404688e-01 6.585615153546259259e-02
1.876170584174806366e-01 -2.022497648682590465e-01 9.875179747555541676e-02
2.370449974440016483e-01 -1.529896842616285668e-01 9.312038707657827041e-02
1.525656526001777369e-01 -1.751204778021344943e-01 9.053461718797396751e-02
-6.205903862861777975e-02 7.334366428371374980e-02 1.485538532979009951e-01
-3.212333770746325645e-04 7.308121744033305167e-02 1.265132539463441341e-01
9.152982535390263852e-03 2.475177486358422912e-02 1.560076908116293515e-01
4.196481193768070855e-02 1.344820723787495675e-01 1.012717881624820709e-01
1.322672223866913632e-02 -1.637987639970016340e-02 1.723100488661439833e-01
-1.301007619990154213e-02 1.863161401528679734e-02 1.949538697682255128e-01
8.132566667811340008e-03 4.852484185851688864e-04 2.022898984912699927e-01
2.481173701775771789e-01 1.670636165388564576e-01 1.962707461973083878e-01
1.235919761454150195e-01 2.058009141226955774e-01 8.730986655105284211e-02
1.551542937245699028e-01 1.062279672068898867e-01 3.826410827633033862e-01
-8.331758110968520703e-02 2.312720368129932702e-01 1.206485109562027425e-01
-1.683332538200092432e-01 2.279542959747589137e-01 1.759127589432787075e-01
-1.594627422283574625e-01 1.748567576269480228e-01 1.526726790863122130e-01
2.429381814910119286e-01 2.033198215592758595e-01 2.919027215089471383e-01
2.513380544510960268e-01 1.924142180699204840e-01 2.453542065516792492e-01
2.539031636133158298e-01 1.661666389042096847e-01 2.885248768806590869e-01
2.129438265949071818e-01 2.441409125306903960e-01 3.222550975141152962e-01
-5.123297003407391303e-02 3.079677745825662449e-01 8.807321712294677307e-02
2.521852846264187320e-02 3.322023255522703056e-01 8.920589087527798500e-02
3.538328385695752032e-02 3.664838339325069416e-01 1.923278689139874265e-01
1.397198166434694411e-01 3.618227661214373225e-01 3.285643117289661075e-01
1.571232942439579339e-01 2.487764387280216871e-01 4.052693053901305076e-01
1.236136522631331863e-01 1.880417415613346022e-01 4.279720256139446510e-01
-7.039313050217221868e-02 3.281361688813292932e-01 1.547984298998911767e-01
-1.416305521957105795e-01 2.578595005416595698e-01 1.559379635760063110e-01
-1.009954405931744043e-01 3.117224387294639243e-01 1.372213755639369315e-01
1.231262700424934076e-01 3.273670277712059096e-01 3.868316539581399538e-01
7.480596148004241275e-02 2.512224165558556432e-01 4.291103153074690146e-01
1.892250041921493819e-01 -6.033623221200060810e-02 -3.611882927082154526e-01
2.225321590011253015e-01 1.926221248032300437e-02 -3.705836576292212414e-01
8.899327955420012481e-02 -6.376359133440280547e-02 -4.689677084450295519e-01
3.599666853839978975e-01 -5.942975311183987946e-03 -4.066202835699473939e-01
1.641523413179402646e-01 -2.030256378911149406e-01 -4.081257342556279810e-01
1.821645189121812725e-01 -1.163158167383261665e-01 -3.643827561716554975e-01
-1.471277588751086496e-01 -4.503620593946592865e-01 -3.223889975270395336e-01
-2.860417705693613089e-01 -3.266148778499902150e-01 -3.532713012725554047e-01
-2.083836525014594876e-01 -3.454998726644004092e-01 -3.598880562239444858e-01
-1.915717270965423269e-01 -3.045702574956572484e-01 -3.977504578763660925e-01
1.930138555045032844e-01 -4.404896060603322172e-01 3.975915335964710362e-01
2.100853267867288099e-01 -4.690613367688516999e-01 3.367459941440117954e-01
1.461985717937843154e-01 -4.714501773237002036e-01 4.165216489155420532e-01
-1.898770884445186991e-01 -1.235175719035955938e-01 4.459187402187830274e-01
-1.757187922390007206e-01 -1.038763417235294972e-01 4.631554388531605171e-01
-1.087724469295528046e-01 -3.152348092657372702e-01 4.854099511042131443e-01
-1.134122082171316187e-01 -3.055983575017490184e-01 4.737049888841780021e-01
-1.864544029080709153e-01 -2.332167127554502783e-01 3.104176337502669858e-01
-1.913672998079801735e-01 -2.445899667845355951e-01 3.440219450873812645e-01
-1.575805174204434889e-01 -3.371739556988314068e-01 3.912492359790096796e-01
-1.176071421318584387e-01 -3.721287682769468530e-01 3.189345191553655812e-01
-1.237391356115126184e-01 -3.288013013422169117e-01 2.527327255102765902e-01
-1.238859081725315336e-01 -2.184840193864212299e-01 4.245966999110191709e-01
-1.142244660481282759e-01 -2.929798024588474159e-01 4.498032906968828515e-01
3.331451369972138199e-02 -3.317782502596309802e-01 3.989049226068142051e-01
9.925386545285430628e-02 -2.387339433854874515e-01 2.189940151931228096e-01
3.661683368644785830e-02 -1.291157723039231819e-01 2.636888439593798594e-01
-6.771457707727381037e-02 -3.045098851005343388e-01 4.573364390786921474e-01
1.419174352822546725e-01 -2.336215625000718221e-01 3.606820512519012811e-01
1.318946529423772052e-01 -2.998925821273414893e-01 3.689917545578841884e-01
1.477637047516032198e-01 -2.645346694692999878e-01 2.904418004251477781e-01
4.465198012551939155e-01 -1.859121753656536868e-01 -2.587837060714873183e-01
4.460113144787046235e-01 -2.332409577575632054e-01 -2.422987717664376317e-01
3.014147912985702948e-01 -1.963337361440591344e-01 -2.359556443640185019e-01
3.023594359256915887e-01 -2.686398355657652059e-01 -2.167219969601949792e-01
4.729160152996844668e-01 -3.046792000665646816e-01 -2.634250886079271825e-01
2.365738822442705891e-01 -1.690295490269491663e-01 -3.559002791257183662e-01
4.596537180636719455e-01 -1.618021442099236429e-01 -3.217500573581802414e-01
4.645395618334480226e-01 -1.798954854783827439e-01 -3.959508917724318677e-01
2.367021038816339851e-01 -3.499418789409732278e-01 -2.953764831196344920e-01
2.747681043833039571e-01 -3.316015648670372906e-01 -2.442593526600407849e-01
3.626084728184416628e-01 -1.050416692452196959e-01 -4.020694981337521456e-01
3.987773194730760418e-01 -1.376032276535630872e-01 -4.523546154338843883e-01
2.133183457782364123e-01 -3.135512294910087761e-01 -4.492860828551287766e-01
2.358806297030607013e-01 -2.530992879911161952e-01 -4.640113726998117416e-01
1.864216117267392392e-01 -3.079750085162951123e-01 -3.959646595048179063e-01
1.988139736055659912e-01 -2.334467190268845194e-01 -4.220582081711340972e-01
3.627011113671134157e-01 -4.691211582444289596e-01 -8.786121915496872270e-02
4.392375921228315327e-01 -4.713866490272901610e-01 -2.480120341527699418e-02
4.679593029486099898e-01 -4.537672314616936209e-01 -4.111231083091304583e-02
4.927429253541019682e-01 4.926889503938316484e-01 -4.894047168529425673e-01
4.125152612079368009e-01 3.926703748373656100e-01 -3.927731807420014043e-01
4.382944366867706498e-01 4.082587979304432846e-01 -3.322334291197605038e-01
4.303310596029562562e-01 4.221761229939233750e-01 -4.648479782272568195e-01
4.737730133474812866e-01 4.647562285594459275e-01 -3.397406867026763200e-01
1.829844123111663834e-01 2.770103814432369194e-01 -2.000255331135838421e-01
1.449769488877798718e-01 3.276682138343068873e-01 -1.845394269856067138e-01
1.505380970392517226e-01 4.019503936295424351e-01 -3.123522571115812663e-01
1.935609558901147387e-01 2.871229988504989672e-01 -2.985817396026742010e-01
3.477358683012132801e-01 4.313948532174221584e-01 -1.792415316623967858e-01
3.512696108605879441e-01 4.453180537246637649e-01 -2.783918144446783094e-01
3.041142941933748234e-01 4.316940963958314503e-01 -3.377332596583026980e-01
2.417326807933305732e-01 4.616909230438329126e-01 -3.470215726141597234e-01
1.625145984565793955e-01 4.590748680027916251e-01 -3.353957470598666751e-02
1.304210795894864272e-01 4.064994762662424432e-01 -5.887494720488847810e-02
1.166372437121348804e-01 4.517449126269096893e-01 -4.227554470724047969e-02
1.552389859171641462e-01 3.036908916960229798e-01 -3.250812907430946641e-01
1.351223994858115895e-01 3.559778495086179939e-01 -3.124695093356562037e-01
1.190313593399984077e-01 3.353105551972281329e-01 -2.698564921533075367e-01
-1.423949405547072222e-01 -3.495329799780163005e-01 -4.698660334158653584e-01
-4.595764462031174183e-03 -4.079951437795992786e-01 -4.443558384460931099e-01
-1.006446640336769588e-01 -4.549421381533268471e-01 -4.110324204762569322e-01
-4.644335034341863511e-02 -4.680777261421316671e-01 -4.126724548815976501e-01
-3.078948716832131671e-01 -2.687289513046461908e-01 -4.030726804904298244e-01
-2.886028618929143974e-01 -3.026201328625807152e-01 -4.127137456962591822e-01
-3.107229246439468517e-01 -3.117538889636716215e-01 -3.812707411959613268e-01
-3.743666043228789375e-01 -2.331496106330311069e-01 -4.261670695583741342e-01
-4.697048011096048303e-01 -2.364266156444325140e-01 -4.004038753793284222e-01
-3.619139580799731193e-01 -4.297376293822494642e-01 -3.221843296633118969e-01
-3.090672333098253843e-01 -4.183218597852138565e-01 -3.431645360432112879e-01
-3.868843725955572466e-01 -3.490703392070600430e-01 -3.034408303678574614e-01
-3.224811189589708027e-01 -3.406894532905092587e-01 -3.447196936262950651e-01
2.351319747784071656e-01 -3.417759968091836908e-01 -4.633983285924202500e-01
4.074148442246609547e-01 -3.654751434589644798e-01 -2.688725855978116863e-01
4.212937441486752643e-01 -4.216954275775721683e-01 -2.776165438064462365e-01
2.488269263670153664e-01 -3.643018554395671127e-01 -3.369256709591998411e-01
3.182058544052461801e-01 -3.698846482939224245e-01 -2.571031533975097205e-01
3.673941208609597942e-01 -4.272319671525733886e-01 -2.413046167364772399e-01
4.786576908938408592e-01 -4.746019935214926821e-01 -3.889028542467966032e-01
4.216349429334371179e-01 -3.170054426682505366e-01 -4.730874882635347500e-01
4.796273086679199160e-01 -3.175018647877559941e-01 -3.093072225912479878e-01
4.523016625748397246e-01 -3.590573587853366222e-01 -3.690794027065132377e-01
1.066244528914688239e-01 -1.288808772328500218e-01 4.643132377812335121e-01
7.270658846916415452e-02 -1.463471917703657033e-01 4.755489500169738371e-01
4.634748966096026435e-02 -1.503493523814747601e-01 4.251734594087746566e-01
1.123165896587049739e-01 -1.272046349215255612e-01 4.252979747917776665e-01
8.793442707404415526e-02 -1.670885883542838624e-01 3.863679033215207670e-01
4.776831574805445041e-02 -1.076271673837419784e-01 3.597438856253972195e-01
-1.094134625550265139e-02 -1.432710123310064754e-01 4.164908092797706129e-01
-1.661308681478432248e-01 -9.644610729141833705e-02 4.726672636186627918e-01
1.102557523028031145e-01 1.081595529846358927e-02 4.140961148258034408e-01
6.335185632207553097e-02 -1.339302393474559039e-02 3.414359116660512505e-01
4.199451791716737881e-02 -4.025527210275953865e-02 3.215259513189531182e-01
-1.424305816686815274e-01 -1.200163921039024417e-01 4.591033044632478188e-01
1.063937418810189939e-01 1.023452870522143510e-01 4.623713526238671379e-01
1.255340713348004344e-01 4.851301015333875366e-02 4.712877270275139252e-01
1.260903078899470731e-01 7.657517067883010120e-02 4.444551037396092807e-01
-1.666847119848997028e-01 8.583030210488541700e-02 4.612269252125261176e-01
4.417147337320740941e-01 -4.048258185948539478e-01 4.610727691514558413e-01
3.337110150407948672e-01 -4.603699679383398968e-01 4.163753882674092188e-01
2.447870915780676615e-01 -4.353912675225444784e-01 4.543522022918276559e-01
-1.953026874496058551e-01 -1.197768636648675888e-02 4.871486831300599341e-01
-1.656735239001468074e-01 3.923788703389137489e-02 4.766749327950741133e-01
-1.788485136074636217e-01 -2.813992380262431495e-02 4.751136815996410134e-01
-1.444236602770625211e-01 1.397674152465583630e-01 4.757546678242570160e-01
-1.390011540833512305e-01 9.249071570095486472e-02 4.832544975869066395e-01
-4.848334059209212232e-01 1.370777517279934132e-01 -5.000000000000000000e-01
-4.901123051138778774e-01 1.060776401611976671e-01 -5.000000000000000000e-01
-4.236755950444982544e-01 -1.026884263929651875e-02 -5.000000000000000000e-01
-1.425527354238146360e-01 1.314528998083517031e-01 -5.000000000000000000e-01
-1.945825845089928785e-01 1.036586587245178631e-03 -5.000000000000000000e-01
-3.840820377838475852e-01 -3.866910437167193210e-02 -5.000000000000000000e-01
-3.436880249268620680e-01 2.156293146371235647e-01 -5.000000000000000000e-01
-3.903930058202941256e-01 2.105247046697860114e-01 -5.000000000000000000e-01
-5.000000000000000000e-01 -3.048382694190869824e-01 2.998693447929454692e-01
-5.000000000000000000e-01 -3.241208151560912576e-01 3.944381990607933597e-01
-5.000000000000000000e-01 -3.042410953713038935e-01 4.039638209105222422e-01
-5.000000000000000000e-01 -2.506247513191453002e-01 3.087183751880015481e-01
-8.538165602258210307e-02 1.117724819075220921e-01 -5.000000000000000000e-01
-1.805751946123578533e-01 -2.207244582247155917e-02 -5.000000000000000000e-01
-1.296913150865059150e-01 1.352099278830887763e-01 -5.000000000000000000e-01
-5.000000000000000000e-01 2.367544258798709722e-01 -1.250537172931829866e-01
-5.000000000000000000e-01 1.905411215040274386e-01 -2.381802453254070195e-01
-5.000000000000000000e-01 3.426790262956685984e-01 -1.109416370302655497e-01
-5.000000000000000000e-01 3.852278185502099883e-01 -2.923244876595891828e-01
-5.000000000000000000e-01 3.605259007029292251e-01 -1.416738600000094772e-01
-5.000000000000000000e-01 3.871476518141604428e-01 -2.901711507501246179e-01
-5.000000000000000000e-01 1.206598675415994637e-01 -4.592366448660397671e-01
-5.000000000000000000e-01 1.067351330231461615e-01 -3.143897191839956640e-01
-3.955135877795723509e-01 3.147250447231975667e-01 -5.000000000000000000e-01
2.843497153967814994e-01 5.000000000000000000e-01 3.213232031454140158e-01
2.880239752592029800e-01 5.000000000000000000e-01 3.372655792064516711e-01
3.632969881149451519e-01 5.000000000000000000e-01 4.409746510090065685e-01
4.676536736794118521e-01 4.806407729843145127e-01 5.000000000000000000e-01
5.000000000000000000e-01 4.230690631849107763e-01 4.738410947047630994e-01
5.000000000000000000e-01 3.568482478571106120e-01 2.118877937707806802e-01
4.056340667472105310e-01 5.000000000000000000e-01 1.368670717629804356e-01
-8.706410215846316358e-02 5.000000000000000000e-01 3.120385877360765670e-01
1.294690867122494926e-01 5.000000000000000000e-01 4.028372743795277655e-01
-8.812956761280056617e-02 5.000000000000000000e-01 2.841964864298036075e-01
8.090035655880005450e-02 5.000000000000000000e-01 1.559117735940993565e-01
1.880093108810119151e-01 5.000000000000000000e-01 3.412911610198086088e-01
-5.000000000000000000e-01 -1.760533067470427815e-01 7.843884782604150507e-03
-5.000000000000000000e-01 -2.237669067216401519e-01 -6.490700338497691624e-02
-5.000000000000000000e-01 -2.144352245606824525e-01 -9.965112833649668322e-02
-5.000000000000000000e-01 6.410448226341528000e-02 -5.740976256049110799e-02
-5.000000000000000000e-01 5.256922231428548878e-03 -1.511342292192295322e-01
-5.000000000000000000e-01 4.230690631849108319e-01 4.738410947047630994e-01
-4.191068099588761142e-01 3.212416710436697409e-01 5.000000000000000000e-01
-4.872413602962526458e-01 1.413289517983361832e-01 5.000000000000000000e-01
-5.000000000000000000e-01 3.568482478571106120e-01 2.118877937707806802e-01
-5.000000000000000000e-01 1.046861695909382245e-01 4.384879959642567493e-01
-5.000000000000000000e-01 2.045075220319836906e-01 2.091043881019432615e-01
-5.000000000000000000e-01 3.288039768170765709e-01 1.957802119236926597e-01
-5.000000000000000000e-01 4.314990476303083855e-01 -5.220659393422511646e-02
-5.000000000000000000e-01 3.661686295722507145e-01 -1.055815289923909550e-01
-5.000000000000000000e-01 3.471098430754140374e-01 -1.080981260412047229e-01
-5.000000000000000000e-01 3.907181540169438194e-01 -2.323851320902550754e-02
1.266076243014961633e-01 5.000000000000000000e-01 4.175730176924292714e-01
4.889808586017722197e-02 4.761277990004106897e-01 5.000000000000000000e-01
-1.261996837946013916e-01 4.178567629486478197e-01 5.000000000000000000e-01
-2.156230423745064129e-01 5.000000000000000000e-01 4.025718782293541409e-01
-1.481022362223786415e-01 4.300564913997311778e-01 5.000000000000000000e-01
-3.283209398683296087e-01 5.000000000000000000e-01 3.304436781306856474e-01
-3.081253404005175334e-01 5.000000000000000000e-01 3.854093883141848087e-01
-3.198616863953912537e-01 5.000000000000000000e-01 3.872760860664637983e-01
-3.442585735989355800e-01 5.000000000000000000e-01 2.561295368114137605e-01
-3.653934780684749972e-01 5.000000000000000000e-01 4.406108521275868828e-01
-5.000000000000000000e-01 4.910795379288092066e-01 4.908320366776708354e-01
-4.685660632526312819e-01 5.000000000000000000e-01 -5.152374855888286476e-02
-4.037202101811050992e-01 5.000000000000000000e-01 -1.039886323939222951e-01
-4.016324193182347901e-01 5.000000000000000000e-01 -1.225165511170708266e-01
-5.000000000000000000e-01 4.686550791219955547e-01 -3.254164911601760690e-01
-3.236372636614938125e-01 5.000000000000000000e-01 -5.059798099631585694e-02
-3.263656415061138572e-01 5.000000000000000000e-01 -7.691307828045693129e-02
-2.249892337598962400e-01 5.000000000000000000e-01 7.726404501669603686e-02
-2.366716740328234370e-01 5.000000000000000000e-01 1.369698938172402292e-01
-5.000000000000000000e-01 -7.586901262551806746e-03 -2.423929470820617160e-01
-5.000000000000000000e-01 1.060124959205365758e-01 -2.845934208792132158e-02
-5.000000000000000000e-01 1.080818060960575394e-01 1.164586946181937616e-01
-5.000000000000000000e-01 -2.659396025744688030e-01 -2.381605036403186548e-02
-5.000000000000000000e-01 -2.486118436804549969e-01 -2.855217988303032292e-02
-5.000000000000000000e-01 -1.705987151799564783e-01 2.819981955524424322e-01
-5.000000000000000000e-01 -1.133317852337358683e-01 1.811716571201460735e-01
-5.000000000000000000e-01 -1.817213349079485341e-01 1.859741237575909811e-02
-5.000000000000000000e-01 -4.149103966060955773e-01 5.888732093611115381e-02
-5.000000000000000000e-01 -4.257014541930523310e-01 1.662825904689647916e-01
-3.903930058202940701e-01 2.105247046697859836e-01 5.000000000000000000e-01
-3.436880249268620124e-01 2.156293146371235370e-01 5.000000000000000000e-01
-3.694928480551521455e-01 3.253331080052643820e-01 5.000000000000000000e-01
-3.955135877795723509e-01 3.147250447231976223e-01 5.000000000000000000e-01
-5.000000000000000000e-01 3.366043972604790269e-02 4.500456634067726003e-01
-5.000000000000000000e-01 6.989260975258268505e-02 4.557599202222575308e-01
-2.595422067107803210e-01 -5.000000000000000000e-01 -1.748699420013709871e-01
-1.805865258437361343e-01 -5.000000000000000000e-01 -2.156155596030401578e-01
1.116158776502120670e-02 -5.000000000000000000e-01 -3.421058004529679147e-02
-1.180317646950936050e-01 -5.000000000000000000e-01 -2.014181234095885620e-01
-3.236372636614939235e-01 -5.000000000000000000e-01 -5.059798099631589163e-02
-3.263656415061139127e-01 -5.000000000000000000e-01 -7.691307828045684802e-02
-2.249892337598961289e-01 -5.000000000000000000e-01 7.726404501669602298e-02
7.711784822994664779e-03 -5.000000000000000000e-01 -1.476645516272882472e-02
-3.442585735989356355e-01 -5.000000000000000000e-01 2.561295368114137605e-01
-2.366716740328234647e-01 -5.000000000000000000e-01 1.369698938172402569e-01
5.000000000000000000e-01 1.046861695909382106e-01 4.384879959642568048e-01
5.000000000000000000e-01 2.045075220319835796e-01 2.091043881019433170e-01
5.000000000000000000e-01 6.989260975258274056e-02 4.557599202222575308e-01
5.000000000000000000e-01 1.080818060960575255e-01 1.164586946181937338e-01
5.000000000000000000e-01 -1.133317852337358544e-01 1.811716571201460735e-01
5.000000000000000000e-01 -1.705987151799565060e-01 2.819981955524424322e-01
5.000000000000000000e-01 3.366043972604792350e-02 4.500456634067726003e-01
-1.051033055219950316e-02 -5.000000000000000000e-01 -3.554288150306927352e-01
1.187575027908286951e-01 -5.000000000000000000e-01 -2.735492273649089423e-01
1.086591363417150624e-01 -5.000000000000000000e-01 -9.204504124068479953e-02
-2.953038384666836769e-01 4.157589424173113724e-01 5.000000000000000000e-01
-3.659393361062779904e-01 5.000000000000000000e-01 4.573255065516913520e-01
5.000000000000000000e-01 -3.048382694190869269e-01 2.998693447929455802e-01
5.000000000000000000e-01 -4.257014541930523310e-01 1.662825904689648193e-01
5.000000000000000000e-01 -2.506247513191454113e-01 3.087183751880014926e-01
5.000000000000000000e-01 -1.817213349079485063e-01 1.859741237575916056e-02
5.000000000000000000e-01 -2.486118436804549414e-01 -2.855217988303035415e-02
5.000000000000000000e-01 -4.149103966060956328e-01 5.888732093611111218e-02
5.000000000000000000e-01 -2.659396025744687475e-01 -2.381605036403188283e-02
4.115351342371267318e-01 -7.697461092946789041e-02 5.000000000000000000e-01
5.000000000000000000e-01 -3.042410953713038935e-01 4.039638209105222977e-01
4.417572493850298043e-01 -2.772131231510556737e-01 5.000000000000000000e-01
3.916823321199430774e-01 -1.957934155396246212e-01 5.000000000000000000e-01
3.947843580452034540e-01 -7.576279720274578695e-03 5.000000000000000000e-01
5.000000000000000000e-01 -2.237669067216400964e-01 -6.490700338497706889e-02
5.000000000000000000e-01 -1.760533067470426982e-01 7.843884782604105405e-03
5.000000000000000000e-01 3.471098430754142594e-01 -1.080981260412046258e-01
5.000000000000000000e-01 3.907181540169438194e-01 -2.323851320902542428e-02
5.000000000000000000e-01 3.288039768170765709e-01 1.957802119236926319e-01
5.000000000000000000e-01 3.426790262956685429e-01 -1.109416370302655913e-01
5.000000000000000000e-01 1.060124959205365619e-01 -2.845934208792130424e-02
5.000000000000000000e-01 2.367544258798709444e-01 -1.250537172931829866e-01
5.000000000000000000e-01 5.256922231428543674e-03 -1.511342292192294490e-01
5.000000000000000000e-01 -7.586901262551815420e-03 -2.423929470820617160e-01
5.000000000000000000e-01 -2.144352245606825080e-01 -9.965112833649662771e-02
5.000000000000000000e-01 -1.241781754609143085e-01 -2.734367286545070219e-01
5.000000000000000000e-01 -2.219709394541134750e-01 -1.930304473934633946e-01
-2.595422067107804320e-01 5.000000000000000000e-01 -1.748699420013708761e-01
-3.105315911511201676e-01 5.000000000000000000e-01 -2.938926284567872083e-01
-3.624714239820015504e-01 5.000000000000000000e-01 -2.766117913472377898e-01
-3.694928480551521455e-01 3.253331080052643265e-01 -5.000000000000000000e-01
-2.953038384666836769e-01 4.157589424173113724e-01 -5.000000000000000000e-01
-1.481022362223786137e-01 4.300564913997311778e-01 -5.000000000000000000e-01
-1.261996837946014194e-01 4.178567629486478752e-01 -5.000000000000000000e-01
-8.669978649647515356e-02 1.927558187241159016e-01 -5.000000000000000000e-01
5.000000000000000000e-01 1.578175031231890679e-01 -4.943031293647095481e-01
5.000000000000000000e-01 1.206598675415994637e-01 -4.592366448660396561e-01
5.000000000000000000e-01 3.490815068764995255e-01 -4.725884743360677653e-01
5.000000000000000000e-01 1.905411215040274664e-01 -2.381802453254070195e-01
5.000000000000000000e-01 3.852278185502100438e-01 -2.923244876595891828e-01
5.000000000000000000e-01 1.067351330231461476e-01 -3.143897191839957195e-01
-4.016324193182347901e-01 -5.000000000000000000e-01 -1.225165511170708404e-01
-4.037202101811050992e-01 -5.000000000000000000e-01 -1.039886323939223089e-01
-5.000000000000000000e-01 -4.283292465228626944e-01 -8.448356595701386751e-02
-5.000000000000000000e-01 -4.057037367865278243e-01 -1.279905352918775108e-01
-5.000000000000000000e-01 -1.962308280245807224e-01 -3.964752834480360089e-01
-5.000000000000000000e-01 -1.241781754609142807e-01 -2.734367286545070219e-01
-3.441899990319962077e-01 -1.717098827718135934e-01 -5.000000000000000000e-01
-1.806979582664320350e-01 -1.263840437104926662e-01 -5.000000000000000000e-01
-1.706016705364560848e-01 -9.974372403927639352e-02 -5.000000000000000000e-01
-5.000000000000000000e-01 -3.075722619686129811e-01 -2.552677070974773699e-01
-5.000000000000000000e-01 -2.219709394541135028e-01 -1.930304473934633946e-01
-4.236755950444981988e-01 -1.026884263929656038e-02 5.000000000000000000e-01
-3.840820377838475852e-01 -3.866910437167189740e-02 5.000000000000000000e-01
-3.776345276448435095e-01 -2.528446802870107368e-01 5.000000000000000000e-01
-3.441899990319962077e-01 -1.717098827718135934e-01 5.000000000000000000e-01
7.825306570637469150e-02 -5.000000000000000000e-01 6.422889739415879595e-02
2.162324911167351760e-01 -5.000000000000000000e-01 -3.871450803110142863e-03
2.154380514692027238e-01 -5.000000000000000000e-01 -3.436440419548467823e-02
5.000000000000000000e-01 6.410448226341529387e-02 -5.740976256049113574e-02
3.719405148923772830e-01 2.736077429986890075e-01 5.000000000000000000e-01
4.398336760508290144e-01 4.312287286505114281e-01 5.000000000000000000e-01
4.435689543592699624e-01 4.327716259933366838e-01 5.000000000000000000e-01
1.179451687346916577e-01 4.420458132457771860e-01 5.000000000000000000e-01
1.580271291416985024e-01 2.169996728605188829e-01 5.000000000000000000e-01
2.698724213478908007e-01 5.000000000000000000e-01 3.286833563779529288e-01
7.825306570637462211e-02 5.000000000000000000e-01 6.422889739415878207e-02
7.711784822994685595e-03 5.000000000000000000e-01 -1.476645516272885594e-02
5.689416832843127714e-02 -1.255410954319484684e-01 -5.000000000000000000e-01
1.037418656780189075e-01 -9.369333818363496935e-02 -5.000000000000000000e-01
5.729094512147796248e-02 -1.511637879967871467e-01 -5.000000000000000000e-01
1.172565406837146468e-01 -1.418118852391935802e-01 -5.000000000000000000e-01
5.490338682547786509e-02 1.448700738004864985e-01 -5.000000000000000000e-01
1.160792191291239034e-01 1.483724523726329680e-01 -5.000000000000000000e-01
-7.154714875659377860e-03 1.102658761480109079e-01 -5.000000000000000000e-01
1.153106128932414876e-01 2.111461780159938628e-03 -5.000000000000000000e-01
1.456649858092897987e-01 6.015963103609384133e-02 -5.000000000000000000e-01
3.947843580452035650e-01 -7.576279720274558746e-03 -5.000000000000000000e-01
3.719405148923772830e-01 2.736077429986890075e-01 -5.000000000000000000e-01
1.580271291416985024e-01 2.169996728605188274e-01 -5.000000000000000000e-01
-3.105315911511201676e-01 -5.000000000000000000e-01 -2.938926284567872083e-01
-3.624714239820014949e-01 -5.000000000000000000e-01 -2.766117913472378453e-01
-1.224236454840298693e-01 -3.213867984073285333e-01 5.000000000000000000e-01
-8.461829256960129442e-02 -3.248434472850179056e-01 5.000000000000000000e-01
-9.936161169204857369e-02 -2.996316879812475631e-01 5.000000000000000000e-01
-1.109399826660925487e-01 -3.001227011467892947e-01 5.000000000000000000e-01
-3.081253404005177554e-01 -5.000000000000000000e-01 3.854093883141848087e-01
-3.283209398683295532e-01 -5.000000000000000000e-01 3.304436781306861470e-01
-3.198616863953913092e-01 -5.000000000000000000e-01 3.872760860664637983e-01
-1.806979582664320350e-01 -1.263840437104927217e-01 5.000000000000000000e-01
-3.077857295360397760e-01 -3.453343664677831493e-01 5.000000000000000000e-01
-1.591555764681531204e-01 -3.507330471483262047e-01 5.000000000000000000e-01
4.115351342371267873e-01 -7.697461092946787653e-02 -5.000000000000000000e-01
2.100125504336460835e-01 -2.606337761015055654e-01 -5.000000000000000000e-01
3.555476446121048628e-01 -2.174410102252861687e-01 -5.000000000000000000e-01
3.916823321199430774e-01 -1.957934155396245657e-01 -5.000000000000000000e-01
5.000000000000000000e-01 -4.283292465228627499e-01 -8.448356595701385363e-02
5.000000000000000000e-01 -4.878784685471012628e-01 -3.596720808766316890e-02
-3.653934780684749417e-01 -5.000000000000000000e-01 4.406108521275868828e-01
-2.156230423745064129e-01 -5.000000000000000000e-01 4.025718782293540299e-01
-8.812956761280055229e-02 -5.000000000000000000e-01 2.841964864298036630e-01
8.090035655880011001e-02 -5.000000000000000000e-01 1.559117735940993843e-01
-2.924617170948342615e-01 5.000000000000000000e-01 -3.113941769065600718e-01
5.000000000000000000e-01 3.605259007029292251e-01 -1.416738600000095605e-01
5.000000000000000000e-01 3.661686295722507145e-01 -1.055815289923910938e-01
4.039098270889812103e-01 5.000000000000000000e-01 1.235304847210472456e-01
4.742320070184334324e-01 4.902268735824439339e-01 -5.000000000000000000e-01
4.770140490888573059e-01 5.000000000000000000e-01 -4.703542731385155218e-01
4.718380359232643428e-01 4.917805699280955456e-01 -5.000000000000000000e-01
4.676536736794121851e-01 4.806407729843152343e-01 -5.000000000000000000e-01
4.435689543592700179e-01 4.327716259933366838e-01 -5.000000000000000000e-01
5.000000000000000000e-01 4.686550791219954992e-01 -3.254164911601760690e-01
5.000000000000000000e-01 3.871476518141605538e-01 -2.901711507501245624e-01
4.755762464401684930e-01 5.000000000000000000e-01 -3.581721983011326715e-01
4.581499915393406619e-01 5.000000000000000000e-01 -3.415307479793981971e-01
4.398336760508291254e-01 4.312287286505113726e-01 -5.000000000000000000e-01
-1.180317646950935634e-01 5.000000000000000000e-01 -2.014181234095885620e-01
-1.051033055219949969e-02 5.000000000000000000e-01 -3.554288150306927352e-01
-1.805865258437360787e-01 5.000000000000000000e-01 -2.156155596030401578e-01
-3.072986907802807699e-02 5.000000000000000000e-01 -4.145972814700571440e-01
-1.042711229196695566e-01 5.000000000000000000e-01 -4.278996388761264758e-01
-2.326965429922630280e-01 5.000000000000000000e-01 -3.106608337882582616e-01
4.889808586017727055e-02 4.761277990004106897e-01 -5.000000000000000000e-01
3.566820776007450511e-01 5.000000000000000000e-01 -1.220373653891394794e-01
2.162324911167351760e-01 5.000000000000000000e-01 -3.871450803110087352e-03
2.154380514692027515e-01 5.000000000000000000e-01 -3.436440419548459496e-02
1.179451687346916577e-01 4.420458132457771860e-01 -5.000000000000000000e-01
2.365860716707689215e-01 5.000000000000000000e-01 -4.387211333750897779e-01
3.515036583387467495e-01 5.000000000000000000e-01 -2.658167554119630904e-01
2.419453585932731521e-01 5.000000000000000000e-01 -3.430832501325337680e-01
-1.042711229196695566e-01 -5.000000000000000000e-01 -4.278996388761264758e-01
-1.591555764681530927e-01 -3.507330471483262047e-01 -5.000000000000000000e-01
-1.224236454840297444e-01 -3.213867984073284778e-01 -5.000000000000000000e-01
-8.461829256960150258e-02 -3.248434472850177945e-01 -5.000000000000000000e-01
5.097975422111265115e-02 -4.098016776658895965e-01 -5.000000000000000000e-01
-3.072986907802804230e-02 -5.000000000000000000e-01 -4.145972814700571996e-01
-1.109399826660925764e-01 -3.001227011467893502e-01 -5.000000000000000000e-01
-9.936161169204861532e-02 -2.996316879812476186e-01 -5.000000000000000000e-01
2.039560013250225901e-01 -3.374704183333036012e-01 -5.000000000000000000e-01
-2.326965429922630557e-01 -5.000000000000000000e-01 -3.106608337882582616e-01
-5.000000000000000000e-01 -3.130111525045866094e-01 -3.304253987180146845e-01
-5.000000000000000000e-01 -3.220502480128034084e-01 -3.213718814817987934e-01
-3.077857295360398315e-01 -3.453343664677831493e-01 -5.000000000000000000e-01
-3.776345276448435095e-01 -2.528446802870106813e-01 -5.000000000000000000e-01
-3.619155451476316898e-01 -4.859289811791088209e-01 -5.000000000000000000e-01
-5.000000000000000000e-01 -2.413322130976261470e-01 -4.228586730767028845e-01
-5.000000000000000000e-01 -4.646150715167158829e-01 -3.689644471313406893e-01
-5.000000000000000000e-01 -1.970799562299081487e-01 -3.967164828107836438e-01
-2.924617170948342615e-01 -5.000000000000000000e-01 -3.113941769065600162e-01
5.000000000000000000e-01 -4.057037367865278799e-01 -1.279905352918774830e-01
3.566820776007450511e-01 -5.000000000000000000e-01 -1.220373653891395349e-01
4.674373558821926511e-01 -5.000000000000000000e-01 -2.482290452637999495e-02
3.515036583387468050e-01 -5.000000000000000000e-01 -2.658167554119631459e-01
4.581499915393405509e-01 -5.000000000000000000e-01 -3.415307479793981416e-01
2.291282164909388963e-01 -3.722513426940297077e-01 -5.000000000000000000e-01
2.419453585932731521e-01 -5.000000000000000000e-01 -3.430832501325337680e-01
5.000000000000000000e-01 -3.075722619686129811e-01 -2.552677070974773699e-01
5.000000000000000000e-01 -4.646150715167158829e-01 -3.689644471313406893e-01
4.770140490888573059e-01 -5.000000000000000000e-01 -4.703542731385155218e-01
4.230422887575218671e-01 -3.297278612237616313e-01 -5.000000000000000000e-01
5.000000000000000000e-01 -3.220502480128034084e-01 -3.213718814817987934e-01
5.000000000000000000e-01 -3.130111525045866094e-01 -3.304253987180146845e-01
4.398819515803079616e-01 -2.802945147332751019e-01 -5.000000000000000000e-01
4.755762464401684930e-01 -5.000000000000000000e-01 -3.581721983011326715e-01
5.000000000000000000e-01 -1.970799562299081764e-01 -3.967164828107836994e-01
4.056340667472105310e-01 -5.000000000000000000e-01 1.368670717629804079e-01
4.039098270889811548e-01 -5.000000000000000000e-01 1.235304847210473150e-01
2.843497153967814439e-01 -5.000000000000000000e-01 3.213232031454141269e-01
2.698724213478909117e-01 -5.000000000000000000e-01 3.286833563779529288e-01
1.880093108810119429e-01 -5.000000000000000000e-01 3.412911610198085532e-01
1.456649858092897154e-01 6.015963103609375112e-02 5.000000000000000000e-01
1.153106128932414876e-01 2.111461780159959445e-03 5.000000000000000000e-01
1.037418656780189352e-01 -9.369333818363501099e-02 5.000000000000000000e-01
1.172565406837146329e-01 -1.418118852391935525e-01 5.000000000000000000e-01
3.555476446121050293e-01 -2.174410102252860855e-01 5.000000000000000000e-01
2.100125504336460835e-01 -2.606337761015055654e-01 5.000000000000000000e-01
5.097975422111261645e-02 -4.098016776658895965e-01 5.000000000000000000e-01
2.039560013250226178e-01 -3.374704183333036012e-01 5.000000000000000000e-01
5.729094512147792084e-02 -1.511637879967871745e-01 5.000000000000000000e-01
1.160792191291238618e-01 1.483724523726329680e-01 5.000000000000000000e-01
5.000000000000000000e-01 -1.962308280245807501e-01 -3.964752834480360644e-01
-8.706410215846320522e-02 -5.000000000000000000e-01 3.120385877360766225e-01
1.266076243014961078e-01 -5.000000000000000000e-01 4.175730176924293269e-01
1.294690867122494649e-01 -5.000000000000000000e-01 4.028372743795277100e-01
1.187575027908286535e-01 5.000000000000000000e-01 -2.735492273649089423e-01
1.116158776502119802e-02 5.000000000000000000e-01 -3.421058004529681229e-02
1.086591363417150347e-01 5.000000000000000000e-01 -9.204504124068479953e-02
3.632969881149452074e-01 -5.000000000000000000e-01 4.409746510090065130e-01
4.687769737607806464e-01 -5.000000000000000000e-01 4.967488982304427703e-01
4.230422887575218671e-01 -3.297278612237616313e-01 5.000000000000000000e-01
2.320737134432765414e-01 -4.657621704627077364e-01 5.000000000000000000e-01
2.291282164909388963e-01 -3.722513426940297632e-01 5.000000000000000000e-01
2.880239752592029245e-01 -5.000000000000000000e-01 3.372655792064515601e-01
5.000000000000000000e-01 -3.241208151560913686e-01 3.944381990607934152e-01
4.398819515803076841e-01 -2.802945147332755460e-01 5.000000000000000000e-01
-4.848334059209212232e-01 1.370777517279934132e-01 5.000000000000000000e-01
-4.901123051138778774e-01 1.060776401611976949e-01 5.000000000000000000e-01
-1.805751946123578533e-01 -2.207244582247152448e-02 5.000000000000000000e-01
-8.538165602258210307e-02 1.117724819075220921e-01 5.000000000000000000e-01
-1.945825845089927952e-01 1.036586587245125722e-03 5.000000000000000000e-01
-1.425527354238146638e-01 1.314528998083517031e-01 5.000000000000000000e-01
-1.296913150865059150e-01 1.352099278830887763e-01 5.000000000000000000e-01
5.689416832843123550e-02 -1.255410954319484407e-01 5.000000000000000000e-01
-1.706016705364560848e-01 -9.974372403927639352e-02 5.000000000000000000e-01
-7.154714875659412554e-03 1.102658761480109079e-01 5.000000000000000000e-01
5.490338682547775406e-02 1.448700738004864430e-01 5.000000000000000000e-01
-8.669978649647512581e-02 1.927558187241159016e-01 5.000000000000000000e-01
