564 456
40 41
259 265
93 870
598 597
343 344
41 42
52 51
376 377
22 28
103 102
594 599
254 271
365 367
424 947
126 121
388 881
562 917
316 367
77 759
482 399
593 532
391 397
431 433
483 480
167 280
432 434
524 517
531 413
122 128
487 486
654 483
565 405
427 849
272 274
553 436
60 683
542 543
286 208
524 903
545 288
3 5
583 580
635 627
608 609
335 334
638 637
6 689
158 674
641 642
328 331
653 616
404 586
154 151
392 882
185 632
143 815
106 110
430 845
236 714
590 946
6 666
460 873
184 789
427 430
479 477
63 764
441 450
326 765
556 553
311 376
537 539
268 270
83 81
295 260
62 58
342 341
12 57
612 610
544 555
604 606
660 623
392 463
65 68
430 426
368 371
400 403
379 380
583 933
390 883
401 404
485 483
91 98
282 303
230 113
195 829
85 139
61 685
551 549
439 264
563 559
237 129
239 727
263 267
315 313
117 743
420 515
518 529
228 839
9 14
408 397
42 47
176 276
349 347
341 343
433 426
103 700
640 639
112 111
334 340
252 270
457 639
127 126
141 30
138 141
132 735
160 159
355 255
440 442
414 835
182 183
288 201
481 479
38 175
547 546
607 596
580 579
278 277
248 514
71 738
31 665
322 320
353 536
22 207
591 593
447 436
186 315
606 609
388 386
647 646
86 84
177 431
348 349
340 345
178 23
410 409
330 831
487 894
506 498
412 491
193 187
114 797
198 876
152 680
36 325
262 259
95 2
238 725
535 948
554 552
386 559
265 269
516 525
432 37
288 289
344 827
323 804
28 707
614 459
639 632
379 147
269 275
601 605
122 899
92 90
52 282
108 708
294 309
646 648
449 857
644 458
29 191
561 918
294 574
147 146
450 858
247 535
131 732
121 130
196 798
187 75
224 222
195 344
475 478
378 316
484 483
516 515
72 767
64 763
47 36
531 909
519 440
258 256
549 548
21 20
19 504
235 128
634 628
656 387
25 26
572 573
615 614
87 86
106 99
317 319
55 53
290 185
350 352
121 120
339 342
224 212
391 389
431 425
322 375
499 416
215 19
206 199
348 777
209 210
387 396
490 488
239 726
504 508
217 186
276 277
287 286
567 569
630 625
622 621
198 702
508 519
54 20
103 699
652 649
54 56
100 172
385 384
364 361
625 631
161 676
402 473
244 939
181 245
378 381
227 886
429 841
568 398
499 527
193 75
422 429
233 413
452 451
626 609
17 7
496 499
318 758
478 481
220 860
585 464
50 40
359 875
45 599
71 737
31 664
508 509
500 505
581 579
519 518
511 514
461 922
534 912
541 542
613 647
552 551
285 436
107 695
218 117
206 817
56 55
451 505
596 594
614 648
619 955
359 358
626 622
5 9
46 47
345 194
38 43
78 79
216 458
637 631
636 635
408 893
152 149
104 109
426 425
417 834
105 110
114 796
645 612
97 69
560 919
407 411
4 143
88 780
98 70
205 169
274 268
212 213
242 730
494 945
296 292
219 746
186 569
389 111
256 255
61 16
289 23
63 62
569 571
581 582
244 402
311 312
546 444
373 372
425 190
334 417
592 941
647 648
147 819
130 129
377 378
96 136
131 731
454 863
410 411
473 467
173 175
234 716
484 482
643 655
15 3
214 212
428 846
509 511
575 577
14 15
616 614
28 709
306 308
318 319
350 351
48 49
331 337
351 352
248 339
362 361
661 657
81 82
118 229
623 630
624 595
395 394
103 106
446 445
417 418
449 450
136 139
262 215
48 291
169 172
66 196
341 135
213 215
314 153
216 261
532 497
225 840
210 711
120 0
554 112
426 192
78 3
51 49
66 703
612 611
43 45
615 616
88 89
133 240
368 372
125 236
649 650
113 118
132 131
313 292
434 847
154 155
195 830
229 414
187 188
179 184
198 197
464 582
257 252
496 534
365 868
571 564
239 728
504 510
585 584
107 694
628 954
117 744
637 630
621 951
629 626
287 288
178 201
619 617
119 825
419 937
353 354
150 669
285 448
161 678
166 613
404 930
375 378
116 792
590 940
227 888
117 119
448 447
419 420
91 740
441 444
149 681
525 523
242 729
603 622
219 745
142 4
482 481
474 477
609 558
248 250
81 667
115 251
384 296
42 38
250 332
584 586
4 11
24 25
4 950
56 57
323 321
486 464
564 649
57 58
638 598
337 341
114 183
399 581
119 118
157 675
222 884
330 832
123 124
363 371
657 552
455 454
174 175
651 630
489 488
211 852
263 261
218 747
14 688
30 138
258 182
536 913
336 330
495 503
281 165
555 554
576 577
438 643
398 570
196 701
536 949
38 35
151 55
205 786
510 259
27 25
111 104
200 856
330 328
640 633
653 652
284 297
395 393
361 400
578 923
223 466
374 864
425 421
450 859
406 407
421 423
593 944
502 231
513 506
37 168
381 206
424 842
273 264
225 224
572 597
370 462
419 354
529 900
371 808
11 7
291 290
60 686
243 887
321 318
324 323
170 36
324 588
273 542
67 65
538 553
390 389
638 640
77 78
129 125
380 381
133 95
403 364
424 423
530 441
143 144
468 466
87 774
457 456
637 652
517 507
237 718
493 415
191 193
479 480
35 174
352 784
461 462
374 314
172 179
405 567
501 504
351 187
302 294
422 247
185 154
545 546
197 357
568 566
474 113
365 206
216 263
188 430
293 217
60 15
110 101
94 93
161 677
84 85
116 791
486 473
22 109
112 39
336 421
591 531
360 369
453 862
356 255
20 77
165 166
312 185
497 496
498 195
645 659
530 529
257 254
228 227
219 407
282 283
633 626
628 956
283 284
315 316
68 704
597 596
2 121
629 628
83 869
515 526
327 326
79 81
651 652
101 99
134 133
611 615
414 861
358 26
175 170
337 88
407 412
500 231
163 317
160 162
171 177
522 520
0 66
514 516
76 433
304 297
245 247
576 612
209 855
573 457
30 29
124 222
270 276
477 489
249 253
75 73
561 604
355 356
53 54
64 63
3 53
367 366
359 362
221 806
204 753
421 422
411 822
123 126
234 717
308 293
499 498
207 210
602 102
218 219
510 513
521 522
41 34
289 544
292 290
49 154
522 523
464 927
148 16
252 253
65 18
307 305
555 556
285 286
194 513
205 788
589 405
588 589
585 929
620 621
566 650
92 93
459 295
577 659
28 108
642 645
408 478
164 755
200 449
340 194
332 339
284 299
592 415
563 388
494 517
578 925
654 655
158 159
618 589
137 136
178 173
418 420
469 465
521 512
148 150
40 59
272 302
192 193
472 476
443 449
155 311
181 183
58 607
225 226
167 550
145 382
59 50
277 272
229 232
269 268
379 814
533 234
251 256
415 507
383 146
210 712
292 293
184 202
287 443
325 326
357 358
336 335
488 469
584 931
541 444
147 813
390 391
399 396
631 639
377 313
435 434
1 736
438 216
310 259
460 878
21 13
228 226
183 749
280 273
349 781
498 495
572 301
523 524
553 552
505 512
16 55
597 595
660 651
557 558
622 624
512 901
91 90
119 826
380 867
73 72
51 53
451 518
116 793
394 392
157 156
648 653
238 1
120 125
139 138
591 942
594 44
471 468
150 153
161 162
101 785
423 427
240 720
223 222
475 474
308 217
50 596
453 455
399 484
209 854
260 261
233 838
261 262
253 258
188 772
444 203
113 220
68 706
97 95
492 890
368 366
164 679
400 398
583 928
511 265
360 361
214 127
85 13
131 129
331 828
115 795
179 178
503 122
467 465
189 191
230 229
463 580
39 23
271 266
111 393
45 39
526 528
169 748
558 560
163 152
370 365
124 898
540 547
547 443
662 658
578 924
163 682
333 190
397 211
396 395
123 874
324 635
97 98
375 866
490 438
130 132
170 168
418 419
429 428
36 762
148 149
410 823
84 21
443 448
633 608
196 198
485 566
528 936
237 235
144 7
309 260
469 212
145 8
310 304
463 583
561 560
246 850
562 561
241 97
158 557
62 769
18 24
70 71
205 790
617 618
620 623
100 99
650 651
642 647
538 446
403 401
101 179
453 896
87 775
192 74
357 370
427 843
406 820
528 517
47 64
461 872
331 88
26 126
203 204
502 500
79 668
188 346
254 520
539 540
601 600
357 877
559 603
199 705
321 322
579 617
199 67
376 374
395 387
635 634
74 72
354 355
346 351
226 471
134 733
406 895
140 138
172 170
472 468
453 454
557 920
432 431
246 915
153 687
182 256
78 693
87 778
549 543
349 783
252 176
550 544
243 472
305 304
374 812
200 287
527 416
13 52
463 926
338 337
204 257
284 137
90 6
283 141
576 165
298 300
586 587
350 347
58 59
69 68
80 77
214 306
549 641
634 636
382 384
223 885
115 794
146 144
644 649
84 89
656 660
135 134
530 520
157 158
516 356
387 620
139 140
460 461
500 497
29 274
169 168
151 608
247 353
493 494
512 507
0 741
202 201
242 94
325 766
354 335
526 527
120 742
235 234
257 258
409 243
8 48
548 550
592 593
571 570
289 555
603 602
345 343
296 307
108 107
244 934
416 897
375 865
76 74
492 892
18 69
659 660
422 424
17 146
658 551
35 279
156 160
436 479
201 204
241 240
171 181
613 642
34 32
548 167
135 343
275 274
506 515
26 27
543 439
300 303
340 339
82 80
333 336
60 61
398 465
412 220
363 364
295 309
654 656
655 657
167 165
578 373
221 401
364 938
37 171
72 12
241 724
494 904
451 454
255 250
543 537
408 492
413 836
473 472
360 186
233 231
123 359
180 750
239 799
346 782
495 496
266 264
327 768
11 10
299 297
281 279
653 645
33 34
44 43
384 377
562 563
468 227
412 475
45 44
32 74
12 770
624 623
96 95
358 360
329 333
617 620
491 889
132 133
80 760
184 180
189 29
329 189
414 413
661 662
435 844
14 671
575 595
447 446
177 176
477 437
304 137
319 754
428 432
159 164
30 13
442 452
435 327
75 21
372 802
238 722
232 233
322 801
535 536
627 619
265 266
298 299
521 902
320 323
299 300
310 309
383 379
590 592
10 691
83 761
560 606
332 333
347 89
96 98
128 130
266 509
481 397
591 943
562 916
290 457
598 573
105 39
240 721
162 164
636 312
211 285
70 17
661 112
250 249
600 102
260 262
19 501
305 306
604 602
213 488
275 283
100 696
316 320
19 213
587 405
69 70
91 94
142 670
445 442
35 278
135 136
176 174
207 390
467 466
438 439
458 646
149 156
434 325
493 905
386 104
482 486
534 533
566 565
338 329
46 41
537 538
264 263
366 805
23 173
42 43
470 224
301 303
539 440
160 672
603 604
579 396
382 376
12 56
385 381
108 109
480 655
127 122
367 369
221 809
297 310
631 564
109 110
389 393
410 824
659 662
462 871
82 92
142 143
27 305
153 152
433 435
455 230
237 236
208 209
61 684
197 199
456 459
533 908
241 242
73 20
540 538
532 534
246 851
303 302
314 311
1 0
606 605
585 582
625 618
373 811
307 308
574 572
619 952
5 6
86 80
116 368
465 485
610 611
607 605
599 601
89 350
577 662
156 31
586 932
447 445
22 710
518 505
277 33
590 493
79 692
406 821
300 282
563 921
415 906
230 452
63 46
522 251
352 328
491 492
470 469
502 501
342 140
524 525
503 502
547 545
587 581
539 541
658 641
194 506
92 86
380 818
10 690
400 467
584 404
646 644
32 76
269 248
44 575
249 190
489 437
107 106
134 734
202 752
388 879
369 371
657 658
491 891
151 148
2 25
162 163
37 428
144 145
476 475
174 173
71 17
624 638
531 532
48 298
513 514
243 244
67 24
366 320
608 607
335 332
125 1
328 329
166 267
537 439
207 713
159 673
137 96
588 935
656 661
155 150
392 880
327 76
409 411
621 559
460 462
272 33
429 245
556 286
605 62
232 225
246 245
601 64
356 525
306 295
279 278
298 291
478 487
301 302
280 279
527 528
446 540
535 914
10 9
582 580
54 52
627 588
313 312
345 344
363 807
32 33
128 495
99 697
418 334
267 281
573 616
65 66
100 698
5 51
641 643
401 402
142 816
254 203
94 739
2 18
391 208
102 105
474 471
93 779
267 294
236 715
386 394
416 911
565 625
348 776
235 719
437 445
168 171
140 338
220 218
511 510
50 301
226 118
476 409
231 232
321 800
16 15
556 554
373 810
545 544
228 837
589 587
567 568
599 600
611 574
90 85
632 633
598 640
104 105
83 82
197 67
115 114
385 383
644 643
166 610
315 324
127 124
363 221
420 526
618 627
448 853
326 46
211 208
182 181
27 307
485 484
180 751
215 214
503 501
317 756
466 470
362 907
145 155
180 787
318 757
480 490
634 319
551 550
270 271
533 910
31 663
281 280
251 523
557 629
558 157
369 370
348 347
402 403
650 654
632 636
346 773
362 223
417 833
507 497
529 521
372 803
238 723
24 385
423 848
200 202
629 953
470 471
273 271
73 771
317 314
296 291
476 487
568 570
7 8
