759 741
750 671
855 864
771 742
769 907
806 718
954 776
683 876
854 865
916 849
952 781
846 836
809 732
921 784
665 922
698 837
804 720
821 944
883 937
797 690
757 779
681 872
762 839
823 910
932 734
684 877
763 886
764 885
890 945
713 949
917 782
767 874
882 833
700 887
929 829
751 670
795 737
953 777
790 835
942 701
859 813
676 923
685 871
699 888
770 875
902 738
754 778
903 739
753 950
946 728
920 773
906 704
800 729
879 848
824 912
933 828
768 898
880 831
863 705
803 727
675 807
747 878
850 668
856 812
772 715
663 808
786 686
881 832
787 669
746 924
928 827
755 774
789 687
743 873
711 758
793 721
664 811
697 744
820 925
894 911
893 936
861 702
847 838
788 825
915 667
956 775
857 814
896 818
927 897
841 909
913 870
708 947
914 869
926 834
931 830
710 682
904 730
677 761
709 948
853 867
951 783
694 822
891 805
672 810
955 780
707 678
845 719
785 680
679 760
796 689
905 724
792 731
862 817
766 840
765 884
900 819
930 735
693 798
712 756
748 688
794 740
842 908
860 868
752 816
934 716
844 899
791 722
695 745
941 703
858 815
935 733
851 666
940 723
843 717
696 826
919 938
802 725
749 691
852 866
901 706
892 801
918 939
