2.111374746129748847e-01 4.531834344049473495e-01 3.214109753612510167e-01
2.215993281341309684e-01 4.272412124611747464e-01 3.837658982908208061e-01
2.166004094057730478e-01 1.699092928050334739e-01 1.503751453919510983e-01
3.280275964481946804e-01 -3.430134455050278808e-01 9.179127008144662148e-02
4.790598836929421123e-01 -1.702671896625443104e-01 3.228573833402232501e-02
3.664099740875347289e-01 -2.877053212838542318e-01 9.672655208243048641e-02
4.546387879958218581e-01 -2.321848882036368633e-01 2.085806946057791045e-01
4.201736052084885653e-01 -1.318399348835506135e-01 6.069281723744762713e-02
3.354352136818630759e-01 -1.419142689482049691e-01 3.331956800302421362e-02
4.533739824931731777e-01 -2.531022833726366827e-01 6.194320200728750669e-02
4.848032368621627008e-01 -1.963618773252407412e-01 8.358660277559383511e-02
4.650250064127391392e-01 -1.675872200404139867e-01 6.564878348951448672e-02
1.761385771852478355e-01 -4.472528575552954799e-01 -3.021175349036764324e-02
1.652672918808353320e-01 -2.449328399893128949e-01 2.022756389517760267e-01
4.626124675910981421e-01 -3.096635331078067543e-01 6.449748370927348672e-03
3.741876046224666408e-01 -3.871351933758637731e-01 2.988386028906874978e-02
3.180912659635783957e-01 -4.150960954079814802e-01 -4.311700277349343746e-02
4.458304242813780904e-01 -8.757455500417077321e-02 9.033285765741658202e-02
3.221274782788233204e-01 1.836093285478232473e-01 1.499682040020316187e-01
-1.085258385740096865e-01 1.598211219933155236e-01 1.287408854206648356e-01
1.946565279351232802e-01 -3.820130776714487086e-01 2.036321722944006429e-01
1.486639060850420135e-01 -3.204227077160756165e-01 2.210637404290513586e-01
-3.886304453810576764e-01 -3.104662529254656467e-01 -3.994288794468703330e-01
-3.193303462986529784e-01 -2.373807270362613964e-01 -1.663423067405620237e-01
3.141151505820123924e-01 2.103670143870063902e-01 1.283660268802773452e-01
1.934405553516626297e-01 1.844658873390877252e-01 1.091245978584088200e-01
1.461602826851275960e-01 1.973153168742659003e-01 1.088865190593099885e-01
1.361510713706289011e-01 1.541539551914285211e-01 6.863068395385016340e-02
-3.828562751043019241e-01 -3.569046697170184523e-01 -4.500989314623787818e-01
8.028695729460755270e-02 -2.006787310082807918e-01 1.639671752772922653e-01
1.298153092729481539e-01 -1.871002161227168503e-01 1.905097846273083595e-01
3.551079039501847667e-01 -4.781328593906880586e-01 -3.273512728150995144e-01
-4.902097985471120384e-02 -3.897929716985426563e-01 8.256103302161610369e-02
-6.093772078948839904e-02 -2.984864202496096408e-01 4.670772664666200669e-02
-7.144731052404733329e-02 -3.433376688870891091e-01 1.006600889943391232e-02
-2.023262770406656919e-01 -2.368087935365809082e-01 -2.019751339635226031e-02
-2.469571792494932583e-01 -4.405306116636993896e-01 -6.386547916315607476e-02
-2.973378152607555891e-01 -3.434784631578356451e-01 1.664173762242016075e-01
-1.814465020866699863e-01 -2.817426415474497681e-01 -8.231106004703782342e-02
-2.669011288401231807e-01 -2.548783263682016798e-01 -2.361319094303450661e-01
-1.020655732667658140e-02 -3.467294401168974916e-01 -4.723756117679626249e-02
-8.826812760782773437e-02 -3.596762072328577586e-01 -5.150223805254491860e-02
-1.470560328847956011e-01 -3.258497249926100015e-01 -1.006260619462470696e-01
-1.598191066755273726e-01 -2.938044066322263448e-01 -1.323287895382059820e-01
-1.376705463491984527e-01 -2.711453080877012090e-01 -1.669993824013344952e-01
-1.722952722521307600e-01 -3.007143313210199342e-01 -1.788153509081176207e-01
-1.184185559900509943e-01 -4.164612851341287780e-01 -7.696170316613368256e-02
-1.570044065513054865e-01 -4.038660956577735939e-01 -1.142383316247742725e-01
2.209722927112137414e-01 -1.256378254196517108e-01 4.587468421408798930e-02
2.801101769099654248e-01 -1.939281110026738197e-01 2.730302422501492202e-02
6.228054437968361112e-02 -2.719754249252847589e-01 -8.178697154054967444e-02
2.852689748808840409e-01 -2.901377641761727633e-01 7.808634982731146867e-02
2.175637908827377787e-01 -2.747691689710592966e-01 1.136564403812792834e-01
2.752608203348377858e-01 -3.563972989269520442e-01 7.288364409590079862e-02
2.323326270603217059e-01 -3.577807822167202167e-01 9.250106224169213354e-02
2.546746435247191354e-01 -4.011740766054554541e-01 -2.320633956039281492e-02
1.973220115640906547e-01 -4.157930801947984922e-01 -1.805698271148317366e-02
1.513492815491679910e-01 -4.052610924059036890e-01 -6.327926885414192348e-02
1.092513221295148274e-01 -3.802484689343164637e-01 -1.328533745384344600e-01
8.473848551166551779e-02 -3.456900184441871193e-01 -7.803559550808182588e-02
4.155949979035080677e-01 -4.620754054666678101e-01 2.325473212900664235e-02
3.348210489166559278e-01 -4.710763580751780588e-01 -3.388532138596029447e-02
6.014679150786352707e-02 -4.489223412056735363e-01 -1.615917909053138923e-01
-8.536120341075376095e-02 -4.601833204325696536e-01 -1.352928442567214729e-01
-1.469614766328748712e-01 -4.372140607921945477e-01 -1.707943094947618756e-01
3.937617634833338043e-01 2.353530814485893519e-01 1.416116620679714055e-01
4.685115292368446371e-01 3.732431923861845857e-01 2.134696231722811310e-01
3.760421921077177765e-01 2.301936872311078908e-01 1.063853555836666992e-01
4.334026807413762783e-01 2.013288793490000395e-01 1.825390091675307969e-01
3.535200067430446236e-01 1.411965806812210678e-01 1.817149154888645923e-01
4.140819198144748414e-01 -1.259173223095966070e-02 1.629353267617804080e-01
4.675094185437090877e-01 -7.116183268216559610e-02 1.544551188741903613e-01
1.123058498946532952e-01 -4.481019277033207460e-01 7.131221473894945595e-02
1.349996715521371016e-01 -4.130344378106739489e-01 2.143113864822579206e-01
-2.209117945115289527e-02 -4.247877761250262729e-01 1.333770566994661733e-01
9.411404520733146484e-02 -3.767851209688736214e-01 2.341635385834897054e-01
-8.092268086523958515e-02 -4.318500124111520067e-01 1.285204174366156582e-01
2.526702817227045039e-01 -4.297529838974096794e-01 2.627320869446797547e-01
3.744935196671383415e-01 -4.345805124053225832e-01 2.242245139450279312e-01
4.816692829745251592e-01 -3.716853293465012809e-01 3.246847425029991130e-01
3.233642617354675064e-01 -3.280009806116638837e-01 4.557413455452539175e-01
4.682361252774452920e-01 -3.533026611067323630e-01 3.519988922414694077e-01
4.387601639462056502e-01 -3.267419582190524974e-01 3.797286061354102071e-01
4.814650179051499501e-01 -3.513408760153157728e-01 3.783779781584660773e-01
1.966149107474428892e-01 -2.055476346518243791e-01 3.617662811516698662e-01
2.047118534812962243e-01 -1.576458519508241174e-01 3.114186297049613694e-01
3.102530981347259020e-01 -2.396565378546071379e-01 4.519744250328751600e-01
2.956959061245747478e-01 -2.361037074339508990e-01 4.950938497067448596e-01
1.066068067995482177e-01 -1.175993084484298762e-01 4.609310247147493378e-01
1.377340525127126181e-01 -1.876947993635008360e-01 4.507214668838299132e-01
3.807820285681436934e-01 -1.454429773114148672e-01 3.319639924566839539e-01
4.211818726104956112e-01 -1.059374762864352393e-01 3.329070402246929739e-01
3.840360807575131097e-01 -1.914043205512872547e-01 4.068268131992198722e-01
4.353267629452393095e-01 -1.273967089919350038e-01 4.412398477216676884e-01
4.435922701045608152e-01 -6.710331090420090794e-02 4.088101992306086840e-01
2.335524041491099378e-01 9.430392530434136833e-02 2.047259450935073610e-01
2.151021706386971322e-01 6.127206620026452027e-02 2.109924055485654371e-01
2.782289901469363058e-01 9.883195356688079247e-02 2.252770363776060714e-01
2.527247257946265702e-01 9.293897711081192115e-02 2.136449829722570914e-01
-3.937186686211834319e-01 -4.426508998530366279e-01 -2.080449298934387570e-01
-3.707495267971397945e-01 -4.553174306155987616e-01 -1.285163907026998231e-01
-4.098278404175024758e-01 -3.483134414309344007e-01 -2.181119020932615615e-01
-1.616886474570395360e-01 -3.911393543514025128e-01 -2.867813915718483986e-01
-2.122476221648559314e-01 -4.622395261223285479e-01 -2.770871835953103712e-01
-2.750288840764330001e-01 -2.914282679228346606e-01 -3.482279005916772419e-01
-2.745292553859000062e-01 -3.210503384692325879e-01 -3.228573501434615634e-01
-3.210141810481645930e-01 -4.427553877411045669e-01 -3.149859732506190002e-01
-3.318434564930823893e-01 -4.586401240622516307e-01 -4.029131268334297244e-01
-3.392518656543365707e-01 -3.775307117209021346e-01 -4.371968638237248017e-01
-3.367758097718793198e-01 -3.288909771433833895e-01 -3.873687415727803951e-01
-3.337036095761466425e-01 -3.549765700693941484e-01 -3.228951069771441307e-01
-2.653763238118941326e-01 -1.824499813131154058e-01 -3.380615231241960728e-01
-2.648632239930408527e-01 -1.640515647671461352e-01 -2.742431163667986005e-01
-3.879650847820687587e-01 2.783019004303652344e-01 -1.431552272242682944e-01
-4.659315669395285298e-01 -1.662302315843659783e-01 1.602509761930755727e-01
-4.622187577371515421e-01 -1.125139129023080553e-01 1.855082533295085156e-01
2.576867788471451926e-01 2.768684664516122274e-01 -4.769215249529565326e-01
-4.442643422776886841e-01 4.735028961121159341e-01 -1.821554527179649607e-01
-3.488187776825393271e-01 3.980429059562665683e-01 -8.241146215620946680e-02
-3.994393691581549777e-01 4.804121803532645507e-01 -1.079732613603179847e-01
1.792678858553867494e-01 4.330903779902609552e-01 3.127564874817602703e-01
1.462236213128471629e-01 2.576471918043902742e-01 1.869612045054321603e-01
-1.240158020215015866e-01 3.299240238015393456e-01 2.687542818102204856e-01
1.104060009118722901e-01 3.954869115778927302e-01 1.759674614035451959e-02
6.676968616712630755e-02 3.814813383433022786e-01 1.164739728560925183e-02
1.550656647311194347e-01 3.998981550568191379e-01 3.529522597434640585e-01
1.330386392340577872e-01 2.342577584578602323e-01 1.135445709150318255e-01
9.304538430569603280e-02 2.133229001326337471e-01 9.506408154759964091e-02
-8.430490224076063466e-02 3.264425630467022721e-01 3.120690375314604803e-01
1.151354096202136523e-01 3.527589382979964827e-01 3.782611541983274539e-01
7.786533301752147918e-02 3.242652049913930523e-01 3.623783817377050909e-01
1.316061479268739176e-01 2.824818099966792118e-01 4.605737340390530510e-01
1.236483391849134000e-01 2.440409508242680492e-01 4.534976358646805039e-01
1.448637420545214882e-01 1.681945492517026852e-01 4.670926851071227071e-01
1.181227213336853293e-01 1.396098624084507467e-01 4.629301887827633744e-01
8.655030302732737157e-02 1.822726884219067617e-02 4.011060671162370306e-01
1.772478218198419442e-01 -1.231012114729799524e-03 2.396200600283497073e-01
1.651921515903531090e-01 3.693187264497061612e-02 1.729610742520812650e-01
1.345994700498810981e-01 -1.250286138492114341e-01 2.392362226121006186e-01
1.727819835763602374e-01 -9.175867737086249032e-02 2.804737421006536224e-01
1.188603207036714599e-01 -8.099766193591650953e-02 3.371414495362938246e-01
1.208660739487221469e-01 -1.606970595038487160e-01 1.817541765922240371e-01
4.759958580092723546e-01 -1.880994321605709840e-01 1.421653120725927671e-03
4.693166297646779173e-01 -1.409423586546031948e-01 1.072478720533584680e-02
4.302416457170695763e-01 -1.274064897300413446e-01 1.394910918910384490e-02
3.989098747446351290e-01 -1.148701811270095990e-01 -2.107076841727874295e-02
4.510482170189363815e-01 -6.925194861807214275e-02 -1.182186029446318475e-02
4.783722508850313249e-01 -2.892405688083469345e-02 -4.395606373604463157e-02
3.426852883776727032e-01 -3.515440419097359270e-01 -1.596973210464063264e-01
3.696202087436142314e-01 -3.958829244082193166e-01 -2.437319768448736879e-01
4.104773130952283910e-01 -2.733810889850840087e-01 -1.728597992017435747e-01
2.461972055889425914e-01 -3.297997879882624273e-01 -1.522239222699874328e-01
4.465430463264016270e-01 -2.934362711425386738e-01 -2.461855141029216931e-01
4.443326055322205925e-01 -2.620537340586040487e-01 -2.316143111672561150e-01
2.802116145758100085e-01 -2.050949736602605822e-01 -1.508588891028259937e-01
3.297051095959944722e-01 -1.910421470132130373e-01 -1.782594305091305953e-01
3.392253414505285725e-01 -4.377876902560586259e-01 -3.503470201237513515e-01
2.142462076990036268e-01 -4.352134525134096488e-01 -3.824193526631682327e-01
2.183914985833624589e-01 -3.792546301921379537e-01 -4.190644452511398943e-01
3.039191911694625325e-01 -3.876967608416834743e-01 -4.455300339511781282e-01
3.444249235436209755e-01 -4.089748761595440318e-01 -4.113157914337039478e-01
4.629622843989852909e-01 -4.295687287235679386e-01 -4.686131651783806973e-01
3.654887345916156827e-01 -3.831912810108042411e-01 -4.476906505923791690e-01
4.622117610143002819e-01 -2.644180038372337394e-01 -3.190996827076584830e-01
3.304598812306839828e-01 -3.520916785026378393e-01 -4.650651987265978504e-01
-1.760858619798347791e-01 -1.596464736436745968e-01 -1.588674099006503332e-02
-1.527952285350108186e-01 -1.440022085667969909e-01 -3.338391957540600558e-02
-2.057590359665150970e-01 -1.401001097083043045e-01 -3.292918310655608416e-02
-2.988473636503512498e-01 -3.470856266281536207e-01 8.803819443737195827e-02
-4.352274581426155975e-01 -3.890008665220919259e-01 -1.608631080974472910e-03
-3.000331251844027269e-01 -3.688986193051874696e-01 -2.881681082298644114e-02
-3.046812274072588922e-01 -2.984740409980500830e-01 1.306391839248172704e-01
-3.736985863468645364e-01 -3.853089783913302702e-01 -9.111434925483306857e-02
-2.913402544436747288e-01 -2.619891108125650958e-01 -1.123842903696020967e-01
-2.503645865671597637e-01 -2.590225237976717665e-01 -4.471537543548566307e-02
-2.582917498845504478e-01 -2.925364121274197093e-01 -7.460645897583832731e-02
-2.411797227290393419e-01 -2.384700642079723709e-01 7.116371457933520772e-02
-2.726915719359878643e-01 -2.779034783601115333e-01 1.157744903402671277e-01
-3.514689017641476343e-01 -2.557253910771740690e-01 -1.510507071617619990e-01
-3.979372029041510217e-01 -3.146970805547010808e-01 -1.701485090122013544e-01
-4.935983502471393836e-01 -2.740603700453176361e-01 -9.503568046115665191e-02
-3.822065709734616124e-01 -2.123634047380421608e-01 1.566277451756464267e-01
-3.957333103657103002e-01 -1.917778796710135902e-01 1.511187387391848547e-01
-4.319373766569580830e-01 -1.904073935787729821e-01 1.362237284237899082e-01
-4.673985589855023104e-01 -2.635141715629742420e-01 -1.447809643355456866e-01
2.447281067972724156e-01 -1.586579907997866801e-01 -1.870972717142450614e-01
1.470692347905673825e-01 1.630973184079941574e-01 -1.751909194333098885e-01
6.557524178129801873e-02 -4.009906352383805217e-01 2.357555521302064916e-01
1.825566755041080347e-02 -4.752708359187526321e-01 3.305150073346912465e-01
-1.267957831074013608e-01 -2.370172953413786365e-01 2.817508504776731204e-01
-1.367768731853135633e-01 -2.434853840527492486e-01 2.753149635549499430e-01
5.498739781656269976e-02 -3.531314400088998995e-01 2.013640824068889112e-01
2.444855792447379189e-02 -3.988348126159478868e-01 2.289379828633667513e-01
5.889221937214138280e-02 -3.795446180250762747e-01 2.231744219367833015e-01
-8.800063987072512250e-02 4.519613499060681772e-02 3.358921903123323061e-01
-3.394895046557291213e-02 1.051596880991663013e-01 4.671406262497947437e-01
4.604901959014489066e-01 4.453924199990421662e-01 2.049732513360567332e-01
3.856345804602634431e-01 2.752168218456425008e-01 9.089411788653996294e-02
4.505008345773439116e-01 4.513715532682836540e-01 1.061031613450674344e-01
4.241030343376759326e-01 2.413494228027833477e-01 4.407537443922305426e-02
-4.431042305121444813e-01 -1.385746841135026275e-01 -1.756845388748163317e-01
-3.956088211303945834e-01 -2.018369195830597151e-01 -1.572227733777375458e-01
-4.385529233421297524e-01 -2.079772226522428047e-01 -1.375979474140366088e-01
-3.219730418559205165e-01 -1.064078799647749235e-01 3.657843827132689629e-02
-3.669401561170693715e-01 -1.520184909523499273e-01 6.217934195629794270e-02
-4.745575334737403006e-01 -4.666521341484393126e-01 1.253092300973256135e-02
4.719407511738477612e-01 1.776925299978425465e-01 -8.247163094178336373e-02
-4.055312214933433079e-01 -1.740864119929261822e-01 -4.229332665849701578e-01
-4.074327265599426151e-01 -6.361767318237149249e-02 -3.421672524984933350e-01
-4.750180763126798378e-01 -8.629338425434240900e-02 -3.737722235322156750e-01
-4.680967258571841483e-01 -1.205169271557680749e-01 -3.888890263858937879e-01
-4.037091915279256149e-01 2.008264942751108312e-02 -3.583477625366745523e-01
-9.319884177152744364e-02 2.154843286991694473e-01 -3.022385390049916673e-03
-5.469042385253729266e-02 1.973531711338121775e-01 8.476707982870636260e-02
9.987945357324317514e-03 1.620376628038024402e-01 7.438526596193852092e-02
-5.556518680062536714e-02 1.448626193391747696e-01 8.697832569348784570e-02
-5.936527467643298861e-02 4.775896189632506533e-02 1.205903890827492858e-03
1.169208477924068290e-01 1.241467212076775017e-01 -1.022726610738454861e-01
-4.675415188859937121e-01 4.404916123350758883e-01 -2.110861549503754708e-01
-4.146998495919279604e-01 4.514507375507034737e-01 -3.928236503876275099e-01
-4.478558324230497711e-01 3.042695508790435044e-01 -2.179951562574122814e-01
8.363342230621458040e-02 3.591364417068508286e-01 -4.507292766958007069e-01
-4.000573827204748772e-02 4.021575434059457832e-01 -5.910317666224661204e-02
-1.871911680826705143e-02 4.324444018215286567e-01 -1.245647155465798434e-01
-1.435561163090358638e-01 3.051294136527411549e-01 -7.865964731475885707e-02
-2.424284434524375254e-01 4.243852985557378665e-01 1.169311484205519391e-02
-2.935502417735674219e-01 4.021531452078839775e-01 -8.276022529565495167e-02
-2.118210631001083422e-01 4.915525811217984486e-01 -1.965618132010761576e-01
-2.964514140887937743e-01 4.729349992262603664e-01 -1.135261586254587840e-01
-3.670511377529178665e-01 3.647758245491685702e-01 -3.620374514903659108e-02
-4.140311157476925796e-01 2.509649111497030960e-01 -6.569995164677738808e-02
-2.371466733302908525e-01 3.391634827998400992e-01 1.727388420591356721e-01
-2.628308241656829303e-01 4.032181947188599458e-01 7.526400545899764039e-02
-2.431130974459389527e-01 4.210511492961394042e-01 1.374074552022283568e-01
-1.091803512430063738e-01 4.725990880343971523e-01 4.568507946893154426e-01
-2.661637798239537001e-02 4.301020610764697549e-01 3.822842987061876863e-01
1.147053276997056365e-01 4.385106961994416630e-01 3.945357419117440645e-01
7.744494919877058237e-02 3.843839211123908362e-01 4.088433996167523676e-01
3.509236987625954374e-01 3.718921513725862993e-01 4.585296265819747141e-01
4.892276896069346903e-01 3.908911449131545757e-01 4.773082282471343696e-01
2.329134836634710881e-01 1.601885628593130717e-01 4.768656721106487306e-01
3.721944004219637780e-01 1.331223685383935429e-01 3.831558796358811581e-01
4.473457342170950035e-01 4.694083601254319532e-02 4.433081254422951423e-01
-1.626289997650290364e-01 4.190138195584401926e-01 -3.670385764559609965e-01
-9.005299468026457810e-02 4.454896081785357231e-01 -3.973176667359069603e-01
-4.113142079511565852e-01 -3.427261708972987875e-01 3.055149906971992846e-01
-4.661934349674096145e-01 -3.507160560962111484e-01 3.201942029181195637e-01
-3.819214116530038061e-01 -3.092148278613404688e-01 3.833816508625721986e-01
-1.463963170456441532e-01 -9.105810778158170138e-02 2.591374895361605590e-01
-1.682533593193218657e-01 -2.059171204235344388e-01 2.410034501651888705e-01
-1.739678776293820672e-01 -1.573066109901167242e-01 2.876833243193081535e-01
-4.127486508913730812e-01 -8.734176998895268329e-02 1.930715793666445967e-01
-2.567606890763357019e-01 -2.036489202455650793e-01 8.215168428368137266e-02
-2.714078971288251818e-01 -2.055065136197933295e-01 1.188114580436369222e-01
-3.177592086364515178e-01 -1.103540821584491211e-01 7.247246836487331034e-02
-2.870424649934182892e-01 -1.136184097810780391e-01 3.322514835153801416e-01
-4.030582759420027750e-01 -1.616284629575347187e-01 1.683723086715934736e-01
-3.327149054219296076e-01 -1.559632769499516569e-01 7.657538040822496617e-02
-3.474074555148413679e-01 -1.898890398225980547e-01 1.210273189652701920e-01
-7.226127892339057057e-02 8.339585163219873087e-02 1.297771040509981266e-01
6.605248054820966538e-03 9.412821112975996996e-02 7.372048219083160436e-02
-3.438211761249927723e-02 7.935381239553800092e-02 5.303325819488767523e-02
-2.305038285573297180e-02 1.072837602275134999e-01 8.944235120547842921e-02
-8.823290533312333483e-02 9.567888833617074762e-03 3.558933062977229222e-02
-1.548128257525564488e-01 -3.175036624885745062e-02 3.880804623236150386e-02
-1.341090753241015177e-01 6.040132084509320515e-02 1.483500726590957497e-01
-1.652055805194928562e-01 1.062002060086964482e-02 1.159233058630263768e-01
-1.383136486058763603e-01 -1.275320522686582969e-01 6.429870189251483265e-03
-1.844396454737111946e-01 -1.514310175974020456e-01 1.624353627158892366e-01
-1.200355983601189003e-01 -1.102708181338674237e-01 2.015953446892328194e-01
-2.321018211144690035e-01 -1.746710221666366025e-01 9.050491102570282220e-02
-2.323276626787767474e-01 -1.234016405726491988e-01 6.027415127036596376e-02
-1.970320125792928909e-02 -2.102919588447881016e-01 4.311131774711027265e-02
-2.049361794204753173e-01 -9.978952528806744882e-02 1.483163899124949510e-02
6.842434498415614352e-02 -1.841900591194282899e-01 1.328157965110028926e-01
7.072553768545065955e-02 -1.475532360099032769e-01 1.600071923773353499e-01
-2.118321041513860636e-01 -2.139720526211636442e-01 7.298389015297204740e-02
-1.562941844040980355e-01 -2.294223832288670439e-01 3.703221597215700794e-02
-1.875175990896851275e-01 -2.107468540519135958e-01 3.917185559581517519e-03
-1.961721171815307974e-01 -1.839889579943400633e-01 2.988777919793331531e-03
-2.019136274208947757e-01 -1.467661634536844562e-01 6.108776756046343376e-03
-1.761283011934620391e-01 -1.502359750469095534e-01 1.685037580374146651e-03
1.294874564804457673e-01 -1.558214079587556811e-01 9.366853988716795920e-02
1.099335719330367112e-01 -1.417897897782479100e-01 1.372882182107408588e-01
1.452937749329170913e-01 -5.250522756723403212e-02 1.123014676955305102e-01
-3.529419699438983149e-01 1.849056623926664117e-02 -2.303370074393975009e-01
-3.748222668713208638e-01 -7.651335888225285764e-02 -2.492657600532063866e-01
-4.142110207746775852e-01 -1.068797908778587602e-01 -1.745697948190511883e-01
-3.730902864167381927e-01 -1.469927200656238608e-01 -1.621239006385920001e-01
-3.312590823966610198e-01 -1.691002901491455712e-01 -1.740790292760020230e-01
1.536638691861885453e-01 -8.553549985469496852e-02 -8.065045159645965744e-02
1.606001125927224715e-01 -7.389166863248343431e-02 3.698908835908387704e-02
1.477209388793367384e-01 7.158373941766939252e-02 -7.302282502664192432e-02
1.239015953063472841e-01 1.005827514234484132e-01 -6.659563951178347485e-02
-3.275919061340768629e-02 -1.547917139917651674e-01 -8.229831222345430214e-03
4.385511419716209974e-02 1.007791533697214859e-01 7.605548977083263773e-02
1.374686556543497917e-01 6.226776006348160725e-02 -1.490205230755920277e-02
1.207938954841808049e-01 -1.211384445276995729e-02 1.019824468080821889e-01
1.518814264904751743e-01 -9.171998970709467625e-02 6.207355668996986098e-02
1.411325122601173043e-01 -6.339923706335975906e-02 8.748570762028473613e-02
1.183504811818471419e-01 -1.050428518624262203e-01 7.442024646852633818e-02
5.543341855326373163e-02 -1.934024627786395667e-01 -2.030969728484817785e-02
2.093286297509161162e-02 -1.757609600023451180e-01 8.195285413513084954e-03
8.147300514997894705e-02 -1.568370405553805857e-01 4.525473176083898846e-02
9.127835532920947070e-02 6.190450094363228462e-02 9.685030565701707728e-02
9.773616983400087999e-02 1.096913392567438889e-01 6.502656609683715727e-02
7.054166087611865588e-02 1.339116811403446849e-01 5.417066798210483369e-02
1.206652929627411719e-01 1.188221463038501152e-01 2.333848879034323975e-02
1.109075458926212787e-01 1.167751000804106987e-01 -2.357643153723992802e-02
3.973379681672546682e-02 7.348356962837863937e-02 7.770769824507242629e-02
6.049498977488870777e-02 5.448374957471509294e-02 9.601124725129032977e-02
3.499551311213131566e-01 -1.519444456930862386e-01 -2.353998837274743350e-01
3.021714287980246660e-01 -1.433210119585822395e-01 -2.385954850522726545e-01
3.101940190055778035e-01 6.324834682703961430e-02 -2.053284306842689810e-01
4.139763788397647359e-01 -1.973649702365531389e-01 -2.948055700588456673e-01
2.801131421813272127e-01 1.195691507324164876e-01 -2.647421363621125234e-01
3.614009063652273701e-01 1.346841251663801475e-01 -2.918763243538802787e-01
4.393147809058838837e-01 -1.814308068704780508e-01 -3.454463311410665427e-01
4.186032910966031029e-01 -8.218165385023376568e-02 -4.680520109978049681e-01
3.352523188278950239e-01 -1.506913236751770691e-01 -4.604300793631848077e-01
3.789739703539941051e-01 1.553556514094535101e-01 -3.438929000756317800e-01
4.213068298666290956e-01 5.558083129123035648e-02 -4.554922538438643809e-01
4.555989562868195675e-01 8.128395185188551364e-02 -3.906772667608422456e-01
3.036816940367231266e-01 1.172002983900647527e-01 -4.131847908778193412e-01
2.231290319890254781e-01 8.451016443683662116e-02 -3.761966949949503980e-01
-1.806429632168874144e-01 -4.625799096977539770e-01 6.881078241493336634e-02
-1.370840589276971500e-01 -4.803395120014564146e-01 6.841941155117614581e-02
-1.209680096691152923e-01 -4.646049493918029127e-01 1.123981914559323142e-01
-3.837621501150897951e-04 -2.086028644917882757e-01 4.577317039677767374e-01
-1.127497603980504998e-01 -2.343734407382824514e-01 3.396655474649538098e-01
-1.092729240080608927e-01 -2.178973041524609466e-01 4.561190299072601095e-01
5.290033494662274571e-02 -1.032276557152813357e-01 4.590019316723645271e-01
-1.510428094253097597e-01 -1.578744970527929670e-01 3.182796891660546468e-01
-1.422818186150205666e-01 -2.211076316949785736e-01 3.272317896831066220e-01
-2.066194213289015980e-01 -1.149578170429228913e-01 4.346729668581778006e-01
-2.084093112761473687e-01 -1.756903565987463223e-01 3.831863678249894378e-01
-1.712976626155813809e-01 -2.435533195122720485e-01 3.737574084388012308e-01
9.589213758484262107e-02 -8.521129345267325350e-02 4.283890973447367911e-01
1.028359652403012664e-01 -5.650219527647177414e-02 3.883353448611701064e-01
-7.018130768245239848e-02 -7.129054924325228804e-02 3.341444016768733150e-01
-6.192222914762628150e-02 -1.693303478273906065e-02 3.770423955496617352e-01
8.098533589979121927e-02 -4.041926655509080202e-02 4.124940968430578780e-01
6.450669493625645068e-02 -5.702370116089718749e-02 3.686627915429293023e-01
4.031738689513929275e-02 1.067589665724476972e-02 4.101960562091536699e-01
-8.540404198840466365e-03 1.267804281592054688e-02 4.440751175355692748e-01
-1.136810134160385656e-02 8.279072060134163441e-03 3.871513534588186811e-01
4.566416820177612856e-02 -3.312247915428398470e-01 4.751605986594895636e-01
1.479634909598577519e-01 -1.886816180564467316e-01 4.769186498169049604e-01
1.517688588429342011e-01 -1.624335077357151325e-01 4.857956492199387299e-01
1.655006986024788185e-01 -1.774934524159011984e-01 4.886335762625576007e-01
1.063815006268914037e-01 -2.162788179460674309e-01 4.756669613134025809e-01
6.027947426496942790e-02 -2.541466449926916282e-01 4.823289484661249515e-01
3.049478511016319449e-02 -2.417202335626594811e-01 4.760731908838097270e-01
-3.579044289122213507e-01 -1.621393378349072489e-01 3.946828291252733600e-01
-2.842112945920100553e-01 -1.371686489899626438e-01 4.044763507925819290e-01
-2.894956381949776447e-01 -1.235510173639999126e-01 3.699627703860785544e-01
-3.160467692943589868e-01 -7.762205157613968898e-02 3.494874701339161227e-01
2.715855232297539890e-01 4.033252573774656069e-01 -6.214422398737789316e-02
2.092554938207990822e-01 3.917511048707379429e-01 -8.819481173717275135e-02
1.712734961847916793e-01 4.244474728361013471e-01 -5.619933267935543764e-02
1.769717674015649778e-01 3.492142873220291377e-01 -1.587928720625340906e-01
1.041732582416670383e-01 4.123920327883594528e-01 -2.278169636426512490e-01
7.841389143881476176e-02 4.419245279346538657e-01 -1.419229084396741725e-01
1.285546075341799099e-01 4.286687298073934005e-01 -3.668722858989385549e-01
9.955970380428801059e-02 4.230492740156975850e-01 -2.938341689941449397e-01
4.325420681724179706e-01 2.624800278944808829e-01 -2.082766399808914093e-01
4.131027907196632154e-01 2.017658806927427606e-01 -3.411959653607400944e-01
3.960261888267224695e-01 1.822203491414701726e-01 -2.985702215008435023e-01
3.276998263362262409e-01 3.044813889333791157e-01 -3.998850100771769167e-01
2.966930330992577081e-01 3.631355192754794348e-01 -2.367782164231852227e-01
3.500710849335041397e-01 3.845629163382543458e-01 -1.878193427237867530e-01
2.940941139353195899e-01 3.888591719224973597e-01 -3.106276014303537836e-01
4.224955878123177189e-01 3.903694247564029052e-01 -4.754410621625785871e-01
4.376891363381580913e-01 4.790202253411160460e-01 -4.337422341525802860e-01
4.503920865552899500e-01 -1.385972184029765353e-01 -2.871924987509164029e-01
4.845168186349599893e-01 4.328353095046311161e-02 -3.769632893326774759e-01
3.880516906154587442e-01 -5.403601690496778048e-02 -2.109570459034877665e-01
3.766446930055191711e-01 5.479811057445268391e-02 -2.042117105481814077e-01
3.996586157090251668e-01 1.028636387227351429e-01 -2.314587735488884690e-01
4.760205267753136460e-01 1.811777673601667332e-02 -7.881974912098438368e-02
4.779555016976283488e-01 8.508234320686032526e-02 -9.641739895689967199e-02
4.407432268900752237e-01 1.117249779868695753e-01 -1.148124167866436535e-01
4.274936920865534118e-01 -2.967568398414133918e-02 -7.896345407943279604e-02
4.422572030943739407e-01 1.299910378636224412e-03 -8.103149552159671920e-02
4.194680977602737171e-01 4.622636745210932652e-02 -1.430568926398020635e-01
4.309138000470708607e-01 6.520501044593085549e-02 -1.025540587876084681e-01
-1.286387754816729345e-01 -2.428145253405540327e-01 -4.191481569201858659e-01
-1.371748933962637362e-01 -9.780108096712004928e-02 -3.448675282036975376e-01
-1.220197997228933406e-01 -2.750229251396376084e-01 -4.690118392662815938e-01
-2.912367383741795157e-01 -1.534001394963174780e-01 -3.814970732382639285e-01
-3.261904450045634563e-01 -1.324742437589549737e-01 -4.155667649025298060e-01
-3.484093887239325671e-01 -1.046349222662221329e-01 -3.593130204026924179e-01
-1.639488918710086673e-01 -1.481462381547237472e-01 -4.690042064307538006e-01
-2.273909572456559447e-01 -1.491291146576932958e-01 -3.671239617681398837e-01
-1.689783379397702678e-01 -1.513814250708433173e-01 -4.221012612429956845e-01
-1.676095353735634341e-01 -1.221903770559445157e-01 -3.735915668448394067e-01
-1.572382012457634315e-01 -6.324694591329992066e-02 -3.724117139711572433e-01
-3.679803973545807683e-01 2.349558186982452640e-02 -3.625348043941771792e-01
7.393597689403212658e-02 1.739124433719463902e-01 -2.099426378928283543e-01
-1.413218129307092785e-01 6.562956146077132680e-02 -3.663411378338732316e-01
6.661538227349744767e-02 3.614675596286760495e-01 -2.562560334026652287e-01
5.362667814341394446e-02 3.505770277451985550e-01 -4.030421907162433093e-01
-1.800333305544467299e-02 3.865300563292562441e-01 -3.696180493129483935e-01
6.014620414435722928e-02 3.835263987830129784e-01 -3.322216243612117204e-01
6.643192322308946740e-02 1.869984365608286514e-01 -4.711678379406765704e-01
9.854895792912027330e-02 8.996865171457223143e-02 -3.230458018052573266e-01
-4.782353563104585481e-01 4.313606705746552139e-01 -4.823637195835943081e-01
-4.022734236917204775e-01 4.244216432104249703e-01 -4.186476321081661900e-01
-3.891300800749143418e-01 1.056952953372289478e-01 -4.104144060967828689e-01
-2.359293674056095191e-01 4.000185586179714758e-01 -4.147785266255041847e-01
-2.445801304824779532e-01 4.193345658242801921e-01 -4.685302425183692221e-01
-2.741999731050207001e-01 4.273077981575599260e-01 -4.299874488015342222e-01
-4.012885639720488173e-01 2.817154554887034701e-01 -3.113872201782104665e-01
-3.712684952691762685e-01 4.747764708390010413e-01 1.915529363964959819e-01
-4.580138276277075926e-01 4.726536043732693648e-01 5.707697993274660209e-02
-4.785822013634016825e-01 2.548804009362228284e-01 3.080721580860087405e-01
-2.403096173570952454e-01 1.714856980626988936e-01 4.592081449993432041e-01
-2.184667199293625073e-01 -1.101129441987525465e-01 4.723025643485311287e-01
-2.504305176351333539e-01 -9.250819595776542392e-02 4.387347010236162803e-01
-2.782491532524042355e-01 -9.516579368107822012e-02 4.309923236172749639e-01
-2.881045884370295185e-01 -3.858128274896207438e-02 4.258210236839173324e-01
-2.038961866159703651e-01 -3.348350653586697478e-01 3.521385328376277490e-01
-2.774375523661327669e-01 -3.675501759049742967e-01 3.856343494895949076e-01
-1.784475224860570253e-01 -3.733036530132975428e-01 4.284098335902085664e-01
-2.426875082992337174e-01 -4.153452882081351549e-01 4.396100842316251756e-01
-1.624010544736948503e-01 -3.580749255159055844e-01 2.555004078012177993e-01
-8.278621194022936502e-02 -4.141272736117105890e-01 2.382321421120415783e-01
-1.043291240417790616e-01 -4.369039675031707315e-01 4.391729482350800184e-01
-3.033269466334168607e-01 -3.947196240274761792e-01 1.968924224209779583e-01
-3.415831582634876740e-01 -4.134222925172675867e-01 2.621571654939148233e-01
-3.714313442989536362e-02 -4.785889546335979072e-01 3.532201333574631064e-01
-2.131703208438638364e-01 -3.695448871256106216e-01 1.849439821732689615e-01
-2.536045199206110601e-01 -3.931194392835132279e-01 1.699757453082752778e-01
-1.416031494229642029e-01 -4.334265976401924791e-01 1.624571256034590960e-01
-1.858274047839958421e-01 -4.729178414450425638e-01 1.246128363033434383e-01
-1.512606478660382392e-01 -4.723821277891649406e-01 1.362574147119596790e-01
-3.011920528697397681e-01 5.559091733832770971e-02 -2.053606102586979232e-01
-2.794669017074613016e-01 1.287657890660347804e-01 -1.432262239009707006e-01
-1.769855299371511648e-01 4.855903735709432567e-02 -9.939112447027097230e-02
-2.022476629922035918e-01 -1.182353832710941050e-02 -5.680140209856445604e-02
-3.159112465682407667e-01 9.566643657615056529e-02 8.773540881602069630e-02
-3.588696441718454144e-01 -3.502569929855178787e-02 1.389002783905939759e-02
-3.002560445631233810e-01 1.184943753931755189e-01 -1.200026459507270299e-01
-4.057249118103996022e-01 -4.564081024219176358e-02 -1.420440890462806582e-01
-3.308003844357813583e-01 -8.028957226425743887e-02 -3.695147095419348826e-03
-3.035228006806532930e-01 1.168850443085647228e-01 -1.373807498482449430e-01
-3.119953784847807055e-01 8.169699994728774062e-02 -1.255452710037593400e-01
-3.246281746206577945e-01 7.546201737865637638e-02 -1.557112855260071316e-01
-3.970304212515785025e-01 4.275494762284238331e-02 -1.561818009864615053e-01
-4.555782885220550082e-01 -6.382260868179846780e-02 -1.192215459259717558e-01
-4.730048038602160942e-01 -4.516824973606696492e-02 -6.554358735547988202e-02
-4.048833963207779663e-01 1.727540835706469768e-01 9.348334829525226097e-03
-4.099815574094433646e-01 1.909327095358137050e-01 -3.511355820629505353e-02
-4.738767892555963424e-01 1.908316197027028482e-01 -5.914130062850957853e-02
-4.468272122114693712e-01 2.001946308320962653e-01 -5.246307572001955577e-02
-4.352178862244308610e-01 2.180451678612801703e-01 -6.504409611977442218e-02
1.333400808471373600e-01 8.340625851934282964e-02 -9.697261314054139714e-02
1.301618831273343158e-01 -1.131230301462761573e-01 -1.308132905055887363e-01
-7.161072615870800462e-02 -2.110977115875677101e-03 -1.169254041265384431e-01
-7.915928125122231873e-02 1.725395166108507905e-02 -1.373354170059439827e-01
4.225363874668205955e-01 4.709650451622845457e-01 -2.088994955550547705e-01
3.949740852639192501e-01 4.700170466180098594e-01 -2.192453643397772878e-01
3.771888854151846382e-01 4.689505409711419159e-01 -1.954155493394979515e-01
-1.543788412587115411e-01 -9.285804830357891060e-02 -4.872506316904111068e-01
-1.495337088287553851e-01 1.444374647924168420e-01 -4.416309326780044064e-01
-7.243256768235720178e-02 2.297668056936918446e-01 -1.960580653031810394e-01
-1.167341514005531822e-01 3.626754637979827667e-01 -1.728993160435129406e-01
-6.814278557845376838e-02 3.434716624822873321e-01 -2.321134127246292089e-01
-1.878620986252352021e-01 4.015179950296726141e-01 -2.240460026146756933e-01
-1.565843129573148418e-01 2.351468166979298058e-01 -9.714826080132740738e-02
-1.665490662679532941e-01 2.978284457159614540e-01 -1.205283979829416541e-01
-2.592317210672797634e-01 3.257038117749411210e-01 -1.362023830681920178e-01
-1.676936413901721212e-01 3.758603606529948293e-01 -3.258682653628670600e-01
-1.039522423743939744e-01 3.517394616683371389e-01 -3.345546178533159720e-01
-3.138017342233411222e-01 2.644217147385660716e-01 -1.598994174065825891e-01
-3.173824265656819965e-01 2.646180049353023533e-01 -3.085727768030676055e-01
-2.606267364407021669e-01 3.148710405801037893e-01 -3.693139233180564585e-01
-2.914836083643170817e-01 1.467439128553044980e-01 -1.540749355705823831e-01
-3.068342310119356875e-01 1.632986312337223467e-01 -3.708530760967364004e-01
-2.776824806545083457e-01 1.138009807888919478e-01 -2.356204177367321462e-01
-2.014405818973132034e-01 9.027095944527016580e-02 -2.367266098245156825e-01
-2.920470896929769911e-01 1.263352589122188341e-01 -3.428873547097783803e-01
-1.659243100841595875e-01 1.083816119432029768e-01 -3.596635357982294612e-01
-1.436516938679725519e-01 7.810658966225601796e-02 -2.737633695368865139e-01
-1.466925395481644689e-01 9.960253601135224399e-02 -3.172318708343146998e-01
-1.055347104170483857e-01 1.073755875633487511e-01 -2.755704706681130767e-01
-1.840413043943805727e-01 1.712380628945207039e-01 -4.035133359186373614e-01
-2.310803727403394070e-01 1.852623473041034585e-01 -4.112913211623407950e-01
-2.230936866823507447e-01 1.433487537213591623e-01 -1.361299627813205015e-01
-2.583451956868923483e-01 1.387049097687030053e-01 -1.333313232346480248e-01
-2.361745380708263897e-01 1.086478118164326268e-01 -1.695393582780822805e-01
-4.604988147720058267e-01 2.145247851169403142e-01 -3.731092528218073467e-01
-4.748458295331595691e-01 1.301318602512090417e-01 -4.227349120875314448e-01
-4.763790676214603170e-01 2.401520362276151066e-01 3.556556389297328424e-01
-4.593734407254227436e-01 1.420700395020493001e-01 4.174260216244526922e-01
-1.939918525920764358e-01 2.591895530078099363e-01 3.166046019151166901e-01
-2.585100948747457439e-01 2.647798745412642818e-01 3.634292456160913565e-01
-3.140721817264022775e-01 2.894117234071960088e-01 2.985616210701586559e-01
-1.818047286152759401e-01 1.855185870792179226e-01 3.649376523373391024e-01
-2.408505286328826434e-01 1.856318439765564099e-01 4.020884545167631718e-01
-2.386332622461345698e-01 2.973249301892314511e-01 2.256195481855340079e-01
-1.517785873592038814e-01 2.199259683528236586e-01 2.031992321625264997e-01
-2.001883271296945044e-01 2.681148233980571449e-01 2.126965257147047372e-01
-1.767826633254388491e-01 2.616904959851397150e-01 2.523916498076144710e-01
-1.506300022475806355e-01 1.425137301867103468e-01 1.486512659824639482e-01
-3.699379245272420569e-01 1.505138978721271836e-01 1.093621084246500230e-01
-1.508597000123861609e-01 9.100803349178818169e-02 3.182614996883949554e-01
-4.169129259932659592e-01 2.299603537192843050e-01 3.005255518850430962e-01
-3.130589407810550062e-01 7.547764944663684639e-02 1.134409978569364680e-01
-1.990696100588341122e-01 6.048613902630724237e-02 1.467417115401995487e-01
-1.111175284212931186e-01 7.708371219014054088e-02 1.746791305050065524e-01
-1.522689198414209077e-01 5.471766687342077135e-02 1.832444775297449313e-01
-4.356677215175759899e-01 1.580693350101141093e-01 1.843671253425445689e-01
-1.277529558936573717e-01 6.085604922014492546e-02 2.505982761062114372e-01
-1.552322515400977598e-01 2.505725362692669961e-02 2.352299778938834185e-01
-2.872072478512151528e-01 -3.850986807231383986e-03 3.848988676046807833e-01
-3.213365179321018839e-01 -3.943144866254122416e-02 3.562889809876091385e-01
-3.975159457587593148e-01 1.262303820769983820e-01 3.899902774426766694e-01
-3.611404963503523913e-01 1.109288565484595063e-01 8.854200447134132068e-02
-3.302563418709903997e-01 8.910007839321550105e-02 9.703996144679015445e-02
-3.454372513956913138e-01 -3.259161677536719093e-02 1.392552615580769371e-01
-4.146475622581543008e-01 2.132377981805218259e-02 1.815240079805435780e-01
-3.842146996980564944e-01 -4.846554322974721413e-02 2.047636850618977378e-01
-3.941219870156130178e-01 -4.847507145070868023e-02 2.714136124835456743e-01
-4.174925067789183597e-01 -2.598632850662634802e-02 3.497878002969938560e-01
-3.456861760461482080e-01 -5.615189294829454197e-02 3.335421040349152988e-01
-3.067620868443208249e-01 5.754099742755048458e-02 4.100227593384241920e-01
-2.821424936984612830e-01 1.422872615076325453e-01 4.276776098012662342e-01
-3.317144010700533441e-01 1.133925593137740107e-01 4.330200828872782792e-01
-3.574536357165063460e-01 7.308997957755505870e-02 1.201470622460119736e-01
-3.330698661757516832e-01 2.434618327388047079e-02 1.007682217771452560e-01
-3.960220646000513489e-01 4.569837561635980427e-01 2.527803386794521545e-01
-3.807745591108216976e-01 3.630429597061688440e-01 3.057429164435783164e-01
-2.305764652068148512e-01 4.351032792440822083e-01 4.804768255031812707e-01
-2.743927823190808191e-01 3.577042885626707247e-01 4.366457377167137222e-01
-4.040516518037982063e-01 -2.883841507106693069e-01 4.228396393400476461e-01
-4.067932604413567743e-01 -1.838094990956047892e-01 4.535464921532131877e-01
-2.660002026380131057e-01 1.175894583980862523e-02 -7.068467628775004785e-02
-2.859352048638540422e-01 4.061514322916824626e-02 -1.167726900804345741e-01
-2.924463923595517767e-01 3.037256792574785993e-02 -3.259522013336185742e-02
-3.054488886207450959e-01 2.631604988028817677e-02 -8.693012056923488107e-02
-2.938431416800689755e-01 -4.656181599295570323e-02 -3.060079364286009268e-02
-2.448053467873576861e-01 -7.450709797272138391e-02 -4.912881855249291024e-02
-2.251738896357707020e-01 -5.349606345691534925e-02 -6.770784981685903925e-02
-3.221044766622633282e-01 -1.336460959367946344e-01 -1.416979595312722884e-01
-3.445499581259904853e-01 -9.868187261017846712e-02 -9.992604636117684291e-02
-3.327425888055290937e-01 -6.829219874011105418e-02 -5.179151079054113843e-02
-3.495009794672120917e-01 -5.107004616187416079e-02 -8.848805988681179846e-02
-2.193442145815022448e-01 -1.164218601745888038e-01 -6.088346386062062215e-02
-2.190030563751850234e-01 -8.751242338204059945e-02 -9.813304459945912384e-02
-2.426453992168858542e-01 -1.245646748239032375e-01 -9.006867213437937114e-02
-2.270693529063138871e-01 -8.934246854707962593e-02 -1.451681528837222845e-01
-2.594060629548645691e-01 -9.632263558084809552e-02 -2.059266549026000370e-01
-2.891731137711137656e-01 -1.317764300733365729e-02 -2.102964486480864703e-01
-2.890907331957429660e-01 -1.365087634448958753e-01 -2.385382802016078607e-01
-3.121236152516617124e-01 -1.303063514511875465e-01 -1.959545348687130595e-01
-3.344900475141328045e-01 -1.003353156212719449e-01 -2.255963323711768220e-01
1.808820692143208453e-01 -3.532734040007111664e-01 -4.031965868633731187e-01
1.576144269654773944e-01 -3.855571428415668356e-01 -3.463063091325261356e-01
-8.651966524490629917e-02 -2.632214736947112721e-01 -4.042153417540034210e-01
8.077104155119452233e-02 -4.324753613875895741e-01 -3.112847036906490339e-01
-3.839580144336066786e-02 -4.239440077392399031e-01 -3.518137371177680883e-01
-5.732712529627215919e-02 -3.535627238143437823e-01 -4.564192344868230333e-01
-7.955234237906788630e-02 -2.874292259603539179e-01 -4.556221548270039112e-01
1.090546490572028848e-01 1.027018136332193410e-01 -1.185733930266270331e-01
7.151042877505546513e-02 6.227003802505528401e-02 -2.802223502720928572e-01
-2.326551762981378391e-02 7.959123352359434578e-02 -2.660463513203505381e-01
1.117565846133327795e-01 1.158949479140880812e-01 -2.508408131047095146e-01
8.316953798919597685e-02 1.203936197601596370e-01 -2.292355374741598950e-01
1.148113698187529369e-01 1.465804340833101183e-01 -1.879769151144919104e-01
1.154697809748171100e-01 1.358815666076324813e-01 -1.944768589363542466e-01
1.209542370526779098e-01 1.304591396654509461e-01 -1.557635533005360118e-01
3.958506500802728978e-02 -2.092581451694030814e-01 -8.581499773502294925e-02
6.857842169095940132e-02 -1.635454223259935058e-01 -1.289485619140617878e-01
-1.645497328710364068e-02 -1.638766777704582511e-01 -5.157769405570122867e-02
-1.179045394231148930e-01 -2.203125001139830952e-01 -1.732551223329150403e-01
-1.463702041239000606e-01 -1.879251628665045415e-01 -1.177504598901020078e-01
-1.318289181291562029e-01 -1.788931779424583757e-01 -1.940837287437904013e-01
4.877413659728881412e-01 4.717286154403931286e-01 -4.648131170656439881e-01
-1.378391189966325370e-01 -4.048176422560100657e-02 -4.066396821400579675e-01
-1.441084286026930172e-01 -4.032461946667097175e-02 -4.430880438686379819e-01
-1.421537284337574536e-01 6.933538775854995728e-02 -4.022819389924457423e-01
-1.308529798223057594e-01 8.831112706328632378e-02 -4.317784266534402393e-01
-1.166311968255389631e-01 -5.336111399982466919e-02 -4.939791017445485100e-01
3.191167114591835635e-02 1.541205646362757975e-01 -4.767684289204697778e-01
-7.363299964618935656e-02 1.325761947690167752e-01 -4.577269824343729310e-01
8.185524914536199126e-02 1.556469759192956603e-01 -4.540537030919020722e-01
1.015704474832647419e-01 1.117461046044155581e-01 -3.665303164043236528e-01
1.695549497073793599e-01 6.809249193554732515e-02 -4.159479348883514116e-01
1.406549898229410012e-01 5.668204961290776445e-02 -3.660297591635222059e-01
-4.907491226977339083e-01 3.184348669113993835e-01 3.559716170532074009e-01
-4.551083520421345119e-01 4.436111590137702398e-01 2.701662656438832966e-01
-4.674064301522642406e-01 3.229216073596119507e-01 3.151901449713758185e-01
-4.536816656491364230e-01 3.773984361508957996e-01 3.301126915778067605e-01
-1.031692989536012184e-01 -2.586402566910406264e-01 -1.775373172489876916e-01
-7.180933599660790922e-02 -2.112884118122932975e-01 -1.910376210226862048e-01
4.018589435740545224e-02 -2.393423884353228226e-01 -1.386321147263803177e-01
1.054885164041361248e-02 -2.360806515842276410e-01 -1.421174928414521699e-01
5.201458595517920863e-02 -2.113520256807568942e-01 -1.765535558965790064e-01
-1.405025751766257602e-01 -3.303427917278459747e-01 -2.132923077423209690e-01
-1.373482526442562079e-01 -3.679933372826061366e-01 -2.424197949787815221e-01
-1.357682041146042740e-01 -3.955665402281884346e-01 -2.362798609271061501e-01
-1.286169208988894030e-01 -3.734829574631599036e-01 -3.003067683427985690e-01
-1.020266553457402359e-01 -3.250875791595720377e-01 -3.407850226683257211e-01
-6.435786296713331966e-02 -4.042705456706512934e-01 -3.313925061747252099e-01
6.693124294908336935e-02 -4.130520307341561947e-01 -2.293789743125336789e-01
5.559389159202419994e-02 -3.975658842892180189e-01 -2.861589584725235946e-01
1.182812090299417834e-01 -3.583076639899067106e-01 -1.844975793669380859e-01
1.587433523667559909e-01 -3.298319886138971757e-01 -2.182030729443364958e-01
1.377015082051185890e-01 -3.411507935772088995e-01 -2.834795179998009229e-01
-1.200548742774686234e-01 -1.514765493858887535e-01 -5.238600642688224368e-02
-7.497261896447991736e-02 -1.562759837612801850e-01 -6.013464688404732833e-02
-1.059841284651003301e-01 -1.578099040951484455e-01 -8.523036640372842754e-02
-1.423514900192217048e-01 -1.088374271379971142e-01 -6.707766341036661140e-02
-7.533739634654150474e-02 -2.059700247904391185e-02 -1.188992596070210517e-01
-6.242853961543394503e-02 -9.594201880099816060e-02 -1.070893230719342781e-01
-4.641996470259927843e-02 -8.427649722244298647e-02 -1.205946817447733632e-01
1.842889736666679379e-03 -1.060362419887855567e-01 -3.792746818225209426e-01
1.232625236224790116e-01 -5.126564236048011119e-02 -3.638935295632346745e-01
1.320580800162268476e-01 -1.200821046902504491e-01 -4.627873876258724040e-01
-8.383277655165931319e-02 -1.381872940487984536e-01 -3.391330911076257393e-01
-6.669348680119936701e-02 -2.092117271631115105e-01 -3.644063720964464403e-01
-6.435857315761328579e-02 -2.427183876356051595e-01 -3.171456970794279684e-01
-6.234612095661110770e-02 -1.275765615365285766e-01 -2.906952153412211692e-01
-4.378059499467348847e-02 -2.025798694103986275e-01 -2.510227588030278789e-01
7.976357337383757629e-02 -5.700857593740639440e-02 -2.853980239662735063e-01
1.217909419830758844e-01 -2.653167587150412343e-01 -2.884287516434000387e-01
1.542579871217687193e-01 -5.033027489028906593e-02 -4.150722416065129039e-01
1.960102977454241113e-01 -1.902039263411547387e-01 -4.640944038418805540e-01
1.716828857213116011e-01 -2.223028505179258096e-01 -4.408166517745431556e-01
-1.734591555240347013e-02 -1.060900921451806422e-01 -2.916641908203271294e-01
7.835352915382649830e-02 -1.037060513723347122e-01 -2.347894913108285464e-01
1.679202341080171801e-01 -1.996061722093807611e-01 -2.338115036237540800e-01
1.397554542024296576e-01 -2.520095002945046403e-01 -2.411264553846615422e-01
2.204723906129304190e-01 -1.345777876664234762e-01 -4.298021707439436678e-01
1.980407343830406786e-01 -7.586065612132000813e-02 -4.013779411831300270e-01
2.038548904060157041e-01 -1.331791445764117232e-01 -3.618209457239996985e-01
-2.008936325905210513e-02 -1.205736997438967700e-01 -2.335697390159488795e-01
1.218239649914558756e-02 -1.881976780045836184e-01 -2.127157767577157188e-01
1.212736570415643006e-01 -1.724901598079430776e-01 -1.972456254498395900e-01
8.098423069361283810e-02 -1.955660350954962212e-01 -2.058518415271966551e-01
-1.721387995047594377e-01 -5.929961170859993774e-02 -1.187792714541671263e-01
-1.365615935175623630e-01 -7.517968004008182548e-02 -1.128185601120815923e-01
-1.408330813103048640e-01 2.114294284879280131e-02 -1.384643293173550560e-01
-8.769055471337637575e-02 9.746462745496325270e-03 -1.311059326861006014e-01
-1.189678059939459354e-01 -1.137208248947703532e-01 -1.506491897536826052e-01
-9.363534284715820111e-02 -1.035547276904642475e-02 -1.177095067800244255e-01
-1.176256728040953048e-01 -5.354749137781054935e-02 -1.187456587881128983e-01
-8.732269100515210880e-02 -3.478527408061608817e-02 -1.291477637035711168e-01
-6.213392785186108713e-02 2.076687083826657051e-02 -1.558200760992048406e-01
-9.505273663086423463e-02 2.232825096906117593e-02 -2.378377786972478425e-01
-7.462264667024298692e-02 -7.470169223793332591e-02 -2.455659145377050712e-01
-6.703407910419900695e-02 -5.805066986307882981e-02 -1.922624831828286529e-01
-7.131473549007943946e-02 -6.466548202214647545e-02 -1.432346658620295976e-01
-1.473810857331715463e-01 2.949336752242171650e-02 -2.812808150799261386e-01
-1.870301119162642023e-01 2.924025206516609257e-02 -2.552595041114572583e-01
-1.535959198040903750e-01 -6.991490577652317850e-02 -2.864542888757051764e-01
-2.096197102995560613e-01 -8.095479978561494205e-02 -2.211577124552336904e-01
-2.013480251233928098e-01 -9.488116113017212860e-02 -1.655349688940129793e-01
-1.298394861569060754e-01 -1.415559629402600716e-01 -2.127754806188658088e-01
-9.336021159765084398e-02 -9.683935084575256980e-02 -2.670095974245961790e-01
-2.154693897473484721e-01 -1.221729885175786151e-01 -2.476511007141698195e-01
-1.784457245040017570e-01 -1.338474352480532037e-01 -2.188302306602302183e-01
3.586302055122956856e-01 -5.000000000000000000e-01 -3.277747106214564665e-01
3.670436520544479442e-01 -5.000000000000000000e-01 -3.406499495417124601e-01
3.626551787493442203e-01 -5.000000000000000000e-01 -3.198218746585283490e-01
5.000000000000000000e-01 -3.548121612807445535e-01 3.150500796487105681e-01
5.000000000000000000e-01 -3.642026640157383088e-01 3.312689852585684602e-01
5.000000000000000000e-01 -3.707197041707018803e-01 3.240630619759455877e-01
5.000000000000000000e-01 -2.671520930422865980e-01 -9.892728494801991679e-02
5.000000000000000000e-01 -2.543908103232951912e-01 -7.874067341259199937e-02
5.000000000000000000e-01 -2.699015011406645237e-01 -8.809836599338062568e-02
4.172161816421613434e-01 -5.000000000000000000e-01 -4.325926714588044231e-01
2.971021341625364465e-01 -4.072753463600257695e-01 -5.000000000000000000e-01
1.638395305276182101e-01 -4.782639257632265717e-01 -5.000000000000000000e-01
1.565867145771880076e-01 -5.000000000000000000e-01 -3.592205690734038281e-01
4.911184457010043247e-01 -5.000000000000000000e-01 -4.683695337812066595e-01
4.830499798186554394e-01 -4.196554593543299072e-01 -5.000000000000000000e-01
5.000000000000000000e-01 -4.188676539890872630e-01 -4.779936088601370869e-01
3.322674086846122421e-01 -3.435842065270152679e-01 -5.000000000000000000e-01
5.000000000000000000e-01 -3.076898345714855210e-01 -2.287622076285992789e-01
3.967207145067628837e-01 -5.000000000000000000e-01 -2.236348346905221163e-01
5.000000000000000000e-01 -2.830909844656799290e-01 -3.439469452129434446e-01
4.297615225724053523e-01 -5.000000000000000000e-01 5.332331536913463566e-02
3.219037263749591760e-01 -5.000000000000000000e-01 -5.350857567455093167e-02
3.401701300790010984e-01 -5.000000000000000000e-01 -8.618699492298745324e-02
5.000000000000000000e-01 -4.912505794381968882e-01 2.683294277434460778e-02
5.000000000000000000e-01 -2.732195767219733340e-01 -1.907878375111411451e-01
5.000000000000000000e-01 -3.344605732711576906e-01 8.172896979308053728e-03
5.000000000000000000e-01 -1.852722579455395313e-01 1.593133271336437673e-01
5.000000000000000000e-01 -1.814344146580408879e-01 1.274763241344599174e-01
5.000000000000000000e-01 -1.918858960736622710e-01 9.456727783136603671e-02
5.000000000000000000e-01 -3.778344193896834291e-01 3.217370594493298985e-01
4.189891953673111069e-01 -5.000000000000000000e-01 2.183871837427365792e-01
-3.209520175831561684e-01 -5.000000000000000000e-01 -4.073054527226057653e-01
-3.519926000065708438e-01 -5.000000000000000000e-01 -4.023522051866293969e-01
-3.952273122195815724e-01 -5.000000000000000000e-01 -1.296770790156076825e-01
-4.438728571260257549e-01 -5.000000000000000000e-01 -1.949898925384273285e-01
-3.186146767082249642e-01 -5.000000000000000000e-01 -1.297300193005695435e-01
-2.061449329963987442e-01 -5.000000000000000000e-01 -2.207655714264025459e-01
-2.039906277217086172e-01 -5.000000000000000000e-01 -3.053387685308766031e-01
5.000000000000000000e-01 4.465570425037252433e-01 2.334520212396629657e-01
5.000000000000000000e-01 4.647205910175995491e-01 7.820601242193545022e-02
5.000000000000000000e-01 3.614016949985686677e-01 2.855312825337712468e-01
5.000000000000000000e-01 2.415473981981643425e-01 2.692170594550831186e-01
5.000000000000000000e-01 2.115570044407116823e-01 -8.947945721632571958e-03
5.000000000000000000e-01 1.826533789946671593e-01 1.781921448413443243e-01
-5.000000000000000000e-01 -4.188676539890872630e-01 -4.779936088601371424e-01
-2.905264919337164908e-01 -3.713900502431571882e-01 -5.000000000000000000e-01
-3.678375856345021400e-01 -3.317218093279833968e-01 -5.000000000000000000e-01
-5.000000000000000000e-01 -2.830909844656799290e-01 -3.439469452129434446e-01
-5.000000000000000000e-01 -1.098785044327057342e-01 -3.900147937229516693e-01
-5.000000000000000000e-01 -1.138824588345218880e-01 -3.839691848149909825e-01
-3.885336980943563945e-01 -1.679275693235008082e-01 -5.000000000000000000e-01
1.538817380620119968e-01 5.000000000000000000e-01 4.754237071693485084e-01
3.341981583309518167e-02 5.000000000000000000e-01 3.559629937499648733e-01
-9.356012128575810771e-02 4.659533561010462677e-01 5.000000000000000000e-01
-9.327281346628009395e-02 5.000000000000000000e-01 4.386566642801615346e-01
9.180131206664658705e-02 3.578738601755973026e-01 5.000000000000000000e-01
-1.826841462620202097e-02 5.000000000000000000e-01 3.593455110219410109e-01
2.266946992781359305e-01 1.623164872474951170e-01 5.000000000000000000e-01
2.295410595556675315e-01 1.945548804925009423e-01 5.000000000000000000e-01
2.743752808423860490e-01 2.962559214981909106e-01 5.000000000000000000e-01
5.000000000000000000e-01 3.448792261905542778e-01 3.622618778913637705e-01
5.000000000000000000e-01 2.260575535849474460e-01 3.269272332798249803e-01
3.971308530269871961e-01 3.885204604848297993e-01 5.000000000000000000e-01
4.926022768013736397e-01 3.933369586800828377e-01 5.000000000000000000e-01
4.806288845677203492e-01 3.977609203282782002e-01 5.000000000000000000e-01
5.000000000000000000e-01 3.585483139888663295e-01 3.964779551776569377e-01
4.315466728404626640e-01 5.386701908552388174e-02 5.000000000000000000e-01
5.000000000000000000e-01 1.062022565519910033e-01 4.397897239863797214e-01
2.091152386567021182e-01 2.756151723053285596e-01 5.000000000000000000e-01
1.113984520606941392e-01 3.055367876959721452e-01 5.000000000000000000e-01
1.293817150321125986e-01 1.379877440353097784e-01 5.000000000000000000e-01
1.131579017968838419e-01 1.499974822479717140e-01 5.000000000000000000e-01
9.154189873769989771e-02 1.895979007676464323e-01 5.000000000000000000e-01
2.396070339927492132e-01 5.000000000000000000e-01 4.071228743407084294e-01
5.000000000000000000e-01 -1.048533376019205599e-01 1.787684519767201996e-01
5.000000000000000000e-01 -7.527805681183508124e-02 1.703382422954777820e-01
5.000000000000000000e-01 -6.378542739066646317e-02 3.916908554644038531e-01
5.000000000000000000e-01 -1.095308537082435585e-01 1.850307152402225208e-01
2.319542877205928721e-01 5.000000000000000000e-01 2.942991921591071036e-01
1.695365938239251358e-01 5.000000000000000000e-01 2.716419223604948918e-01
-5.000000000000000000e-01 4.758690121159171449e-01 -2.021036428071502911e-01
-4.438728571260256994e-01 5.000000000000000000e-01 -1.949898925384272452e-01
-3.519926000065708438e-01 5.000000000000000000e-01 -4.023522051866293969e-01
-5.000000000000000000e-01 4.699775345868927312e-01 -4.596879892027345149e-01
-5.000000000000000000e-01 4.558307977448900483e-01 -2.184384011591538333e-01
-5.000000000000000000e-01 -3.344605732711576906e-01 8.172896979308046789e-03
-5.000000000000000000e-01 -1.918858960736623265e-01 9.456727783136600896e-02
-5.000000000000000000e-01 -2.699015011406645237e-01 -8.809836599338062568e-02
-5.000000000000000000e-01 -2.543908103232951912e-01 -7.874067341259197161e-02
-5.000000000000000000e-01 -1.972222233977489747e-01 -1.368702530489587788e-02
-5.000000000000000000e-01 -1.795580629806580175e-01 4.761250999548075763e-02
3.064116367500257510e-01 -2.139946179330858844e-01 -5.000000000000000000e-01
3.081465494143664774e-01 -2.723870362341106466e-01 -5.000000000000000000e-01
5.000000000000000000e-01 -1.138824588345219713e-01 -3.839691848149910380e-01
4.306492963944437147e-01 -9.474112918755578372e-02 -5.000000000000000000e-01
5.000000000000000000e-01 -1.098785044327057342e-01 -3.900147937229517803e-01
2.319542877205928721e-01 -5.000000000000000000e-01 2.942991921591071036e-01
3.322674086846122421e-01 -3.435842065270152679e-01 5.000000000000000000e-01
4.830499798186554394e-01 -4.196554593543298517e-01 5.000000000000000000e-01
-2.975491668072979823e-01 -5.000000000000000000e-01 -1.228235476629150058e-01
-2.061126347243694146e-01 -5.000000000000000000e-01 -2.206707314141340415e-01
-5.842092972866189116e-02 -5.000000000000000000e-01 -1.240786875859319210e-01
-1.260204653626133264e-01 -5.000000000000000000e-01 4.786665372923275263e-02
-1.774627874025284102e-01 -5.000000000000000000e-01 7.787126394757534764e-02
1.265183147519284290e-01 -5.000000000000000000e-01 7.316587996382128978e-02
-9.006695370931881717e-02 -5.000000000000000000e-01 9.550419330380525984e-02
7.512026694953465034e-02 -5.000000000000000000e-01 -1.555787005338621354e-01
1.813763979347795263e-01 -5.000000000000000000e-01 -3.360740895781052368e-02
1.695365938239251080e-01 -5.000000000000000000e-01 2.716419223604948918e-01
3.341981583309516779e-02 -5.000000000000000000e-01 3.559629937499649288e-01
6.839096263503705031e-02 -3.383144832243615285e-01 5.000000000000000000e-01
3.081465494143664219e-01 -2.723870362341105911e-01 5.000000000000000000e-01
2.612933372153664058e-01 -2.172137902719272762e-01 5.000000000000000000e-01
1.621901853314213215e-01 -1.862129421451841349e-01 5.000000000000000000e-01
1.602958320625492705e-01 -1.872878229672125250e-01 5.000000000000000000e-01
3.064116367500256954e-01 -2.139946179330859399e-01 5.000000000000000000e-01
4.306492963944437147e-01 -9.474112918755583923e-02 5.000000000000000000e-01
1.319369564318172705e-01 -1.212392343169784170e-01 5.000000000000000000e-01
1.468463266069465201e-01 -1.617977372906922451e-01 5.000000000000000000e-01
-1.773321119891347469e-02 -3.476434952631103914e-01 5.000000000000000000e-01
1.404000507776559381e-01 -1.833880021200995358e-01 5.000000000000000000e-01
-3.601092469108856803e-02 -2.611623280187607699e-01 5.000000000000000000e-01
-5.000000000000000000e-01 -3.076898345714855210e-01 -2.287622076285992789e-01
-5.000000000000000000e-01 -4.912505794381969437e-01 2.683294277434462860e-02
-5.000000000000000000e-01 -2.671520930422865980e-01 -9.892728494801988903e-02
-4.654107329692042661e-01 -5.000000000000000000e-01 -2.281150721883615923e-02
-5.000000000000000000e-01 -2.732195767219733340e-01 -1.907878375111411728e-01
-4.923353361258219762e-01 -5.000000000000000000e-01 3.526511916599727597e-02
2.743752808423862710e-01 2.962559214981911326e-01 -5.000000000000000000e-01
2.091152386567019517e-01 2.756151723053286151e-01 -5.000000000000000000e-01
2.295410595556673927e-01 1.945548804925002484e-01 -5.000000000000000000e-01
-5.000000000000000000e-01 -1.095308537082436140e-01 1.850307152402225208e-01
-5.000000000000000000e-01 -1.048533376019206431e-01 1.787684519767201996e-01
-5.000000000000000000e-01 -1.852722579455395591e-01 1.593133271336437673e-01
-5.000000000000000000e-01 -1.814344146580409434e-01 1.274763241344598619e-01
4.189891953673111624e-01 5.000000000000000000e-01 2.183871837427366069e-01
5.000000000000000000e-01 4.063653341904100436e-01 4.995953137202860384e-01
4.315466728404626084e-01 5.386701908552388868e-02 -5.000000000000000000e-01
5.000000000000000000e-01 9.563150297425844493e-02 -4.049341978807597942e-01
3.971308530269870851e-01 3.885204604848297993e-01 -5.000000000000000000e-01
4.806288845677203492e-01 3.977609203282782557e-01 -5.000000000000000000e-01
2.266946992781358750e-01 1.623164872474952003e-01 -5.000000000000000000e-01
5.000000000000000000e-01 1.996338269597076887e-01 -3.620855134385831953e-01
9.180131206664657317e-02 3.578738601755973026e-01 -5.000000000000000000e-01
1.565867145771880076e-01 5.000000000000000000e-01 -3.592205690734038837e-01
3.586302055122957411e-01 5.000000000000000000e-01 -3.277747106214564110e-01
1.113984520606941531e-01 3.055367876959722007e-01 -5.000000000000000000e-01
4.172161816421613434e-01 5.000000000000000000e-01 -4.325926714588043676e-01
3.670436520544479997e-01 5.000000000000000000e-01 -3.406499495417124046e-01
5.000000000000000000e-01 -1.420285854213536036e-01 -2.452742460662127311e-01
5.000000000000000000e-01 -4.815920953951363659e-02 -6.813029753871695238e-02
5.000000000000000000e-01 -3.382016920917945563e-02 -9.431515783623653504e-02
5.000000000000000000e-01 -8.102287495847065868e-02 -4.569405252807785811e-02
5.000000000000000000e-01 -1.972222233977489747e-01 -1.368702530489586053e-02
5.000000000000000000e-01 1.895478920765786834e-01 -6.374985603135720214e-02
5.000000000000000000e-01 1.304830496428072972e-01 -8.252745356428131673e-02
5.000000000000000000e-01 -1.187701534125789118e-02 -4.254045741976380385e-02
-5.000000000000000000e-01 4.486249546275768441e-01 -4.766199656731386902e-01
-4.917239446053945917e-01 4.142575162664544064e-01 -5.000000000000000000e-01
-3.209520175831561128e-01 5.000000000000000000e-01 -4.073054527226057653e-01
-2.432380674585772617e-01 4.243432183800073254e-01 -5.000000000000000000e-01
-2.616209949264883261e-01 4.016065421650885092e-01 -5.000000000000000000e-01
-4.654107329692042105e-01 5.000000000000000000e-01 -2.281150721883627719e-02
-3.952273122195815169e-01 5.000000000000000000e-01 -1.296770790156077102e-01
-8.236117028296252585e-02 -4.539276578212264601e-02 5.000000000000000000e-01
-7.802882808517666580e-02 -4.887797281844232650e-02 5.000000000000000000e-01
-4.811482929285245541e-02 1.322891277557807777e-01 5.000000000000000000e-01
8.503756026449267591e-03 1.474205813016023214e-01 5.000000000000000000e-01
-1.318143519776381889e-01 -2.202496863931876214e-01 5.000000000000000000e-01
-1.184208304217329172e-01 -2.518784945710420553e-01 5.000000000000000000e-01
-1.974030175270111431e-01 -1.113399916517279487e-01 5.000000000000000000e-01
-1.960703424886683921e-01 -1.094161108526160858e-01 5.000000000000000000e-01
-4.923353361258219762e-01 5.000000000000000000e-01 3.526511916599725516e-02
-3.597664207621629751e-01 5.000000000000000000e-01 1.980013412674977435e-01
-3.186146767082249642e-01 5.000000000000000000e-01 -1.297300193005695435e-01
-1.836392546112645130e-01 5.000000000000000000e-01 1.251612415719012272e-01
-2.975491668072979268e-01 5.000000000000000000e-01 -1.228235476629150058e-01
-1.774627874025283825e-01 5.000000000000000000e-01 7.787126394757531989e-02
-3.878656128894838462e-01 -5.000000000000000000e-01 2.431121682037065412e-01
-2.332275651317900489e-01 -5.000000000000000000e-01 4.576165974278243453e-01
-9.327281346628006620e-02 -5.000000000000000000e-01 4.386566642801615901e-01
-1.468044661693180819e-01 -5.000000000000000000e-01 1.414285845254923957e-01
-1.826841462620195852e-02 -5.000000000000000000e-01 3.593455110219410664e-01
-3.597664207621629751e-01 -5.000000000000000000e-01 1.980013412674977435e-01
-1.836392546112645130e-01 -5.000000000000000000e-01 1.251612415719012272e-01
-1.354963404932776339e-01 -2.961443267782175592e-01 5.000000000000000000e-01
-5.804782009268942555e-02 -3.747175662189887735e-01 5.000000000000000000e-01
-5.000000000000000000e-01 -3.707197041707018803e-01 3.240630619759455877e-01
-5.000000000000000000e-01 -3.548121612807445535e-01 3.150500796487105681e-01
-5.000000000000000000e-01 6.280832532337904395e-02 -3.863862921854798183e-01
-5.000000000000000000e-01 8.235146934133871777e-02 -1.120818560522155449e-01
-5.000000000000000000e-01 -1.404289701156072323e-02 -3.840952981184778681e-01
-5.000000000000000000e-01 -1.085360748983806717e-01 -3.674680010552749954e-01
-5.000000000000000000e-01 -1.420285854213536314e-01 -2.452742460662127311e-01
-5.000000000000000000e-01 -3.382016920917944175e-02 -9.431515783623653504e-02
-5.000000000000000000e-01 -8.102287495847072807e-02 -4.569405252807777484e-02
-5.000000000000000000e-01 -4.815920953951365047e-02 -6.813029753871692462e-02
-5.000000000000000000e-01 2.739067279290106072e-01 -1.991555010915326274e-01
-5.000000000000000000e-01 4.647205910175995491e-01 7.820601242193536695e-02
-5.000000000000000000e-01 1.895478920765786834e-01 -6.374985603135717438e-02
-5.000000000000000000e-01 2.115570044407116823e-01 -8.947945721632516447e-03
5.000000000000000000e-01 -1.085360748983806300e-01 -3.674680010552751064e-01
5.000000000000000000e-01 -1.404289701156104242e-02 -3.840952981184778681e-01
5.000000000000000000e-01 6.280832532337909946e-02 -3.863862921854798738e-01
5.000000000000000000e-01 8.235146934133870389e-02 -1.120818560522156143e-01
5.000000000000000000e-01 2.739067279290106072e-01 -1.991555010915326274e-01
5.000000000000000000e-01 -3.527081574618864401e-01 3.638879287835101173e-01
5.000000000000000000e-01 -1.277008507956517158e-01 4.584153320315556557e-01
3.401701300790010984e-01 5.000000000000000000e-01 -8.618699492298745324e-02
3.967207145067628282e-01 5.000000000000000000e-01 -2.236348346905221440e-01
5.000000000000000000e-01 4.758690121159171449e-01 -2.021036428071503188e-01
1.265183147519284568e-01 5.000000000000000000e-01 7.316587996382130366e-02
1.813763979347795541e-01 5.000000000000000000e-01 -3.360740895781050980e-02
4.297615225724052967e-01 5.000000000000000000e-01 5.332331536913460096e-02
3.219037263749591760e-01 5.000000000000000000e-01 -5.350857567455095248e-02
5.000000000000000000e-01 4.558307977448900483e-01 -2.184384011591538610e-01
-1.354963404932777171e-01 -2.961443267782176147e-01 -5.000000000000000000e-01
-1.318143519776381889e-01 -2.202496863931875937e-01 -5.000000000000000000e-01
-1.184208304217329588e-01 -2.518784945710419998e-01 -5.000000000000000000e-01
-1.974030175270112542e-01 -1.113399916517279348e-01 -5.000000000000000000e-01
-3.105728578656800631e-01 -1.148518871732584629e-01 -5.000000000000000000e-01
-1.260204653626133542e-01 5.000000000000000000e-01 4.786665372923275263e-02
-5.842092972866185646e-02 5.000000000000000000e-01 -1.240786875859319072e-01
-2.061126347243694701e-01 5.000000000000000000e-01 -2.206707314141340970e-01
-2.039906277217085895e-01 5.000000000000000000e-01 -3.053387685308766586e-01
-2.061449329963987165e-01 5.000000000000000000e-01 -2.207655714264024072e-01
-5.000000000000000000e-01 3.223477674454378605e-01 -4.507070129051282681e-01
-4.734104365266891823e-01 1.208399030800299950e-01 -5.000000000000000000e-01
-5.000000000000000000e-01 1.996338269597076887e-01 -3.620855134385831953e-01
-5.000000000000000000e-01 9.563150297425840329e-02 -4.049341978807597942e-01
-3.505164998607425142e-01 1.176948026998992231e-01 -5.000000000000000000e-01
-2.273263491731405128e-01 1.763377873381988814e-01 -5.000000000000000000e-01
-4.988182205979078687e-01 4.076531605604841735e-01 -5.000000000000000000e-01
-5.000000000000000000e-01 1.304830496428073805e-01 -8.252745356428123347e-02
-2.122817787105375775e-01 1.679675560449597205e-01 5.000000000000000000e-01
-9.006695370931881717e-02 5.000000000000000000e-01 9.550419330380530147e-02
-1.468044661693180541e-01 5.000000000000000000e-01 1.414285845254924789e-01
-5.000000000000000000e-01 -1.187701534125794323e-02 -4.254045741976386630e-02
-5.000000000000000000e-01 1.826533789946671593e-01 1.781921448413443243e-01
-5.000000000000000000e-01 -7.527805681183508124e-02 1.703382422954777820e-01
-5.000000000000000000e-01 -6.378542739066640765e-02 3.916908554644038531e-01
-5.000000000000000000e-01 1.062022565519910172e-01 4.397897239863797769e-01
-5.000000000000000000e-01 2.260575535849473905e-01 3.269272332798249803e-01
-5.000000000000000000e-01 2.415473981981642315e-01 2.692170594550830631e-01
7.512026694953467809e-02 5.000000000000000000e-01 -1.555787005338621909e-01
-2.332275651317900766e-01 5.000000000000000000e-01 4.576165974278243453e-01
-3.878656128894837907e-01 5.000000000000000000e-01 2.431121682037065690e-01
-2.432380674585772895e-01 4.243432183800073809e-01 5.000000000000000000e-01
-2.273263491731404851e-01 1.763377873381988814e-01 5.000000000000000000e-01
-2.616209949264883261e-01 4.016065421650885647e-01 5.000000000000000000e-01
-5.000000000000000000e-01 -1.277008507956517158e-01 4.584153320315556557e-01
-5.000000000000000000e-01 -3.527081574618864401e-01 3.638879287835101728e-01
-5.000000000000000000e-01 -3.642026640157383088e-01 3.312689852585685157e-01
-5.804782009268941861e-02 -3.747175662189887180e-01 -5.000000000000000000e-01
-1.773321119891356490e-02 -3.476434952631104469e-01 -5.000000000000000000e-01
-7.234247229932175283e-02 -5.000000000000000000e-01 -3.854911834092730749e-01
9.144503683807964078e-02 -5.000000000000000000e-01 -3.098571629204106004e-01
6.839096263503703643e-02 -3.383144832243615285e-01 -5.000000000000000000e-01
-3.601092469108864436e-02 -2.611623280187608254e-01 -5.000000000000000000e-01
3.626551787493442758e-01 5.000000000000000000e-01 -3.198218746585282934e-01
4.911184457010042692e-01 5.000000000000000000e-01 -4.683695337812067150e-01
5.000000000000000000e-01 4.699775345868926757e-01 -4.596879892027344594e-01
5.000000000000000000e-01 4.486249546275764000e-01 -4.766199656731390233e-01
-1.960703424886685309e-01 -1.094161108526161275e-01 -5.000000000000000000e-01
-2.122817787105375498e-01 1.679675560449597205e-01 -5.000000000000000000e-01
-8.236117028296256748e-02 -4.539276578212265295e-02 -5.000000000000000000e-01
-4.811482929285239296e-02 1.322891277557807777e-01 -5.000000000000000000e-01
9.154189873769988384e-02 1.895979007676464323e-01 -5.000000000000000000e-01
8.503756026449260652e-03 1.474205813016023769e-01 -5.000000000000000000e-01
1.131579017968838002e-01 1.499974822479717695e-01 -5.000000000000000000e-01
-7.802882808517677682e-02 -4.887797281844226405e-02 -5.000000000000000000e-01
-9.356012128575810771e-02 4.659533561010462677e-01 -5.000000000000000000e-01
1.293817150321125986e-01 1.379877440353098339e-01 -5.000000000000000000e-01
-3.505164998607424032e-01 1.176948026998992369e-01 5.000000000000000000e-01
-3.105728578656800631e-01 -1.148518871732584767e-01 5.000000000000000000e-01
9.144503683807964078e-02 5.000000000000000000e-01 -3.098571629204106004e-01
-7.234247229932176670e-02 5.000000000000000000e-01 -3.854911834092731304e-01
-5.000000000000000000e-01 3.448792261905542778e-01 3.622618778913638260e-01
-5.000000000000000000e-01 3.614016949985686677e-01 2.855312825337712468e-01
-5.000000000000000000e-01 4.465570425037251878e-01 2.334520212396629102e-01
-4.751013215127688483e-01 5.000000000000000000e-01 2.732078099197543519e-01
-4.917239446053945917e-01 4.142575162664544619e-01 5.000000000000000000e-01
-4.734104365266891823e-01 1.208399030800299950e-01 5.000000000000000000e-01
-5.000000000000000000e-01 3.585483139888664961e-01 3.964779551776574373e-01
-2.905264919337163798e-01 -3.713900502431571882e-01 5.000000000000000000e-01
-3.678375856345021400e-01 -3.317218093279833968e-01 5.000000000000000000e-01
-3.885336980943563390e-01 -1.679275693235007805e-01 5.000000000000000000e-01
5.000000000000000000e-01 -1.795580629806580175e-01 4.761250999548077845e-02
1.404000507776559104e-01 -1.833880021200995358e-01 -5.000000000000000000e-01
1.468463266069464923e-01 -1.617977372906922451e-01 -5.000000000000000000e-01
1.602958320625495203e-01 -1.872878229672125527e-01 -5.000000000000000000e-01
1.621901853314215713e-01 -1.862129421451841627e-01 -5.000000000000000000e-01
1.319369564318172705e-01 -1.212392343169784170e-01 -5.000000000000000000e-01
2.612933372153662392e-01 -2.172137902719272207e-01 -5.000000000000000000e-01
