504 508
261 257
121 867
216 90
6 7
322 319
347 348
320 394
291 223
68 69
380 381
173 201
70 110
19 599
22 109
6 100
286 742
188 651
436 800
352 837
403 405
359 733
470 469
285 166
310 292
436 438
284 674
184 189
124 384
496 499
375 152
546 543
417 317
39 37
80 637
373 218
28 63
306 167
576 574
573 214
281 282
193 635
433 780
56 447
9 580
437 750
559 561
54 777
114 113
358 727
143 140
365 368
146 145
159 90
453 816
34 91
442 444
230 227
532 896
247 279
579 207
521 518
97 76
91 865
187 189
142 152
283 676
470 92
53 432
332 213
353 890
405 68
503 505
559 519
276 279
579 574
384 124
60 197
539 122
39 249
69 314
63 67
327 331
301 307
357 218
455 453
394 393
164 95
122 376
356 366
416 417
514 872
122 895
307 695
152 657
354 553
0 671
29 65
290 288
377 544
239 757
283 679
312 314
568 567
295 226
73 72
35 4
11 328
439 355
404 397
235 285
116 115
386 384
126 129
165 164
145 142
158 160
360 368
56 33
95 67
148 147
206 708
185 186
237 845
452 813
199 331
445 809
40 667
427 281
490 487
550 912
223 658
203 704
291 244
125 751
407 170
551 10
483 484
122 240
516 517
254 253
451 825
380 439
494 498
382 120
455 832
94 116
253 156
210 87
326 324
41 43
64 629
444 316
20 102
15 628
400 394
19 598
362 367
191 719
88 55
470 7
192 80
107 429
217 564
531 883
112 116
296 175
418 420
374 860
103 7
204 347
517 441
464 465
451 815
438 513
508 254
468 219
205 348
445 165
3 0
196 198
90 212
232 233
161 139
317 350
318 316
131 399
272 137
363 720
265 483
54 776
120 760
157 179
251 665
271 280
542 478
388 387
100 103
193 10
498 418
526 879
70 112
136 135
239 848
116 20
123 662
290 858
447 812
446 448
3 454
155 258
263 398
436 802
335 352
447 449
576 563
29 772
514 513
362 104
580 569
184 191
371 182
543 540
280 40
395 132
101 20
138 406
565 566
211 11
18 16
264 233
406 389
51 14
81 80
325 321
517 555
323 8
301 306
336 199
429 30
23 70
190 184
150 145
365 370
442 195
167 169
267 255
361 372
539 901
459 457
243 387
280 668
329 823
18 608
355 553
41 857
528 523
521 520
69 96
301 437
153 375
222 692
499 501
163 644
294 293
561 563
410 252
489 434
30 427
314 315
501 408
60 414
116 114
162 656
401 399
145 141
156 150
263 493
110 112
153 468
375 744
169 301
224 319
412 413
190 187
550 911
117 224
191 366
534 897
139 684
554 439
16 795
73 62
307 697
134 468
294 503
466 470
505 506
13 151
58 89
335 80
525 342
300 299
49 46
20 19
52 51
42 43
162 646
541 544
45 48
372 729
303 309
73 74
14 99
38 254
29 429
421 229
180 134
385 386
364 363
355 761
397 148
38 122
531 882
520 504
35 117
349 319
430 429
408 410
206 710
455 821
552 82
1 771
534 779
196 197
279 894
338 81
197 198
471 475
571 565
77 170
462 468
346 412
252 84
544 545
26 24
523 349
285 286
257 260
289 686
286 287
345 339
278 537
522 880
490 479
132 136
307 798
450 817
161 163
35 119
217 212
415 416
54 680
66 762
228 229
17 435
206 713
374 754
454 828
268 265
260 261
370 5
468 472
508 510
236 310
575 355
529 527
58 160
450 830
557 378
435 101
12 13
160 424
100 93
147 134
71 70
381 124
463 129
111 109
91 158
265 485
563 569
366 365
378 558
551 204
396 393
420 421
450 445
100 105
93 101
427 0
127 132
470 358
82 335
432 431
149 156
123 664
248 276
147 12
170 174
477 476
239 66
286 746
325 103
481 482
122 39
123 785
6 601
227 231
284 678
570 562
27 584
287 289
219 843
436 301
535 538
551 549
50 51
470 854
324 322
89 86
277 280
81 82
467 130
7 21
173 196
124 763
435 794
249 122
364 372
383 385
358 471
531 444
280 778
37 122
551 910
476 478
335 79
509 257
144 52
167 37
553 583
211 215
208 572
168 290
7 12
302 519
356 357
397 395
503 233
351 78
546 492
379 382
204 551
237 846
452 814
120 553
451 450
453 28
4 130
423 424
115 19
236 737
282 669
13 6
219 285
71 403
222 290
225 227
414 317
234 232
226 228
455 833
497 504
448 311
247 251
481 422
326 325
537 540
482 423
367 362
11 55
460 331
372 731
243 121
155 181
72 107
233 497
444 835
236 468
119 117
307 797
41 659
426 425
171 170
209 207
553 913
354 919
153 221
152 223
299 185
175 176
419 421
468 471
419 500
479 482
490 491
209 574
193 551
282 672
191 371
520 519
451 311
333 873
522 523
54 53
20 94
486 866
544 547
222 374
434 781
451 829
58 59
566 243
296 298
288 693
330 442
347 351
366 364
392 496
14 587
61 68
344 345
264 497
108 110
377 378
348 351
341 313
151 152
40 661
205 204
376 177
182 183
443 95
315 200
49 273
375 286
267 266
21 23
268 267
298 297
328 327
566 568
374 222
216 700
64 453
369 364
373 732
56 449
340 337
413 407
182 524
100 591
270 44
128 232
417 418
31 83
81 336
184 183
410 415
459 458
507 501
118 126
18 609
212 210
8 76
204 206
510 257
311 810
500 498
391 262
123 787
350 341
511 512
121 863
542 543
335 875
256 260
274 140
437 381
362 605
477 491
31 423
298 300
536 541
107 108
569 575
284 54
71 75
388 242
149 148
343 351
575 556
436 796
491 488
39 265
131 135
204 706
24 14
50 143
181 180
468 153
460 353
17 612
582 573
473 475
449 453
452 826
43 139
237 236
242 565
280 278
573 564
65 625
312 458
94 15
473 856
372 730
351 707
245 690
289 841
222 169
36 245
56 58
102 594
276 539
461 236
567 582
220 749
381 66
231 293
553 79
291 784
194 55
467 463
279 666
465 358
10 639
262 255
512 514
184 119
259 504
480 481
238 906
254 510
431 269
27 26
98 94
537 542
93 17
352 460
165 804
199 82
371 370
169 739
109 110
78 653
515 569
364 850
292 711
171 172
54 681
359 373
538 383
172 173
228 230
451 818
486 487
478 265
191 735
353 334
487 488
2 641
355 380
507 408
522 525
261 262
533 908
65 64
77 174
253 258
246 222
37 177
381 125
434 783
57 449
285 290
429 65
222 859
114 115
286 291
167 301
329 702
133 128
433 534
434 281
389 391
354 121
259 181
142 285
193 915
454 819
437 801
40 270
271 775
6 602
533 898
522 342
245 244
157 304
335 874
219 844
120 355
295 294
489 868
362 604
52 13
89 87
317 320
328 329
310 309
9 331
43 48
442 834
124 764
284 53
318 321
373 734
93 589
373 372
446 442
111 613
454 447
118 225
378 562
204 705
17 791
133 178
174 176
563 518
536 899
495 391
5 527
244 142
134 153
429 769
257 578
284 428
302 441
24 25
542 545
171 9
284 682
39 145
192 634
56 57
149 137
256 480
390 415
102 593
579 578
99 21
3 836
85 84
551 552
220 748
422 483
547 379
346 350
357 359
448 442
401 402
18 104
117 118
167 376
398 396
293 308
492 477
390 392
157 154
235 694
453 29
198 194
27 48
138 389
469 467
47 26
260 83
386 536
102 871
105 362
463 464
309 293
523 522
15 435
460 838
535 532
27 25
527 528
229 413
116 108
346 340
25 595
364 728
301 302
339 337
254 268
320 323
331 332
78 652
102 596
284 770
382 383
3 56
43 620
184 356
430 432
191 649
334 460
200 60
537 277
283 782
214 215
465 360
550 917
282 673
553 193
191 372
310 736
25 585
152 375
273 272
303 302
23 22
304 303
513 516
438 308
16 886
431 271
289 689
246 122
13 623
14 588
389 390
165 806
285 696
427 32
339 175
193 914
7 100
454 455
531 888
426 429
33 56
465 466
494 493
486 489
505 502
545 539
113 65
93 611
538 904
12 151
537 534
30 29
33 34
355 382
272 274
222 740
441 301
62 61
505 226
577 578
562 571
363 725
337 202
37 254
453 95
143 144
154 153
344 349
114 618
550 355
174 175
358 369
526 884
41 774
185 184
443 448
506 77
64 113
547 538
425 431
91 640
393 225
231 232
158 486
11 642
241 240
28 57
216 217
257 577
31 62
540 535
36 168
26 586
124 753
121 864
493 495
335 876
344 224
559 555
99 20
315 313
295 296
15 94
456 839
425 269
119 183
213 699
150 37
100 99
318 323
169 698
205 300
342 351
361 364
570 577
581 552
218 236
391 392
502 419
166 305
160 159
188 648
518 506
111 615
191 189
143 12
36 891
353 920
248 247
322 528
484 485
124 381
135 469
539 537
65 626
291 687
123 145
102 99
289 842
192 636
95 94
163 47
305 307
85 86
251 892
43 619
47 51
383 239
109 426
487 159
145 146
456 522
127 128
293 310
1 773
428 281
354 582
550 916
125 66
452 454
13 645
313 200
432 766
233 234
207 210
18 724
535 903
255 253
218 189
291 152
372 359
488 862
287 285
539 909
153 745
258 263
393 418
259 264
135 92
15 165
330 334
102 101
558 177
99 592
75 7
560 570
299 206
361 191
130 129
78 654
79 878
459 522
571 476
14 600
292 712
43 622
139 41
16 529
338 351
210 211
257 252
291 142
196 201
2 822
526 524
509 507
186 299
251 250
371 723
556 554
273 274
278 428
307 310
581 583
55 56
363 362
246 124
576 509
238 120
87 88
380 557
396 395
219 747
367 368
359 364
399 400
434 282
360 365
164 445
178 180
257 496
168 167
433 434
444 443
223 655
312 444
116 94
179 180
289 789
462 463
457 460
549 575
0 1
292 187
515 518
525 526
4 106
548 546
271 275
555 556
281 428
238 756
154 142
195 312
297 511
234 178
138 61
124 765
484 428
275 41
430 30
311 715
94 95
400 8
120 121
240 545
104 103
206 300
93 590
414 411
385 384
403 401
474 220
471 461
17 792
560 508
550 575
321 98
164 630
195 194
496 495
165 631
532 902
93 603
539 536
213 214
299 292
92 7
124 755
6 606
511 515
488 388
44 40
390 416
305 306
103 98
460 885
422 266
336 337
409 407
398 397
86 59
499 416
269 49
286 741
436 799
424 427
204 709
215 213
53 428
352 921
428 433
492 491
3 827
50 46
288 285
290 688
528 530
583 575
39 36
42 431
448 831
361 718
166 154
558 560
32 33
293 299
342 343
95 96
237 219
193 79
102 597
343 344
79 877
85 88
96 97
244 123
331 202
358 726
153 12
162 663
409 410
81 551
186 188
113 617
317 412
446 811
266 256
250 39
423 429
538 533
530 529
512 297
541 538
45 42
534 535
355 66
244 245
524 527
16 887
564 565
13 624
554 557
290 691
152 141
32 3
538 546
327 330
95 64
411 409
233 502
445 805
130 131
404 406
351 185
10 632
162 163
531 889
445 443
437 439
187 647
553 918
438 440
472 470
203 338
246 36
220 221
458 460
87 207
0 670
538 905
162 141
90 643
4 5
489 535
151 144
485 537
345 346
378 379
450 448
161 660
411 412
552 79
188 190
445 808
203 703
461 464
10 80
324 4
238 383
501 500
44 39
38 241
533 532
581 575
574 572
10 192
30 1
437 169
456 840
471 853
45 614
278 534
316 314
235 219
329 333
333 701
311 717
111 115
94 97
374 738
453 448
458 522
425 422
435 870
456 203
395 399
362 18
189 650
474 473
208 209
475 474
282 0
432 53
189 373
290 245
430 768
249 248
370 722
307 235
475 855
193 633
458 881
12 92
74 72
86 83
120 759
340 201
67 69
332 333
362 610
176 228
338 522
198 85
449 195
113 616
377 376
449 446
402 405
521 516
287 788
277 265
201 202
442 334
432 767
378 568
531 529
284 675
74 63
276 277
66 847
522 457
28 29
385 849
442 312
80 638
8 326
270 274
242 216
362 721
36 250
331 335
462 133
572 580
466 106
567 121
134 136
355 803
106 360
17 607
308 440
148 155
473 470
484 479
539 900
498 499
137 255
530 531
283 677
550 549
122 248
345 230
560 561
98 16
46 45
76 75
265 270
304 306
236 462
398 494
367 369
116 113
538 548
387 861
126 127
400 402
265 38
375 743
53 271
445 807
247 893
214 208
34 160
140 146
179 181
472 221
15 793
289 790
139 683
374 246
480 476
561 520
404 137
514 550
257 256
241 562
105 93
548 547
538 907
471 852
289 288
427 160
64 627
20 100
340 341
420 227
311 716
312 315
66 383
52 162
161 685
271 428
468 237
435 869
219 237
49 22
59 31
548 387
42 621
246 376
2 56
66 758
407 408
13 714
359 851
330 824
440 441
455 820
245 786
40 275
140 149
531 458
84 172
125 752
