836 600
863 745
652 754
864 744
653 753
639 818
762 669
638 764
671 587
648 631
903 656
795 659
812 590
844 588
839 909
632 815
752 770
811 603
917 773
838 901
691 620
720 784
729 686
905 655
693 622
827 592
635 733
861 743
830 682
884 891
882 665
642 601
825 677
873 726
920 896
876 850
608 660
906 741
730 689
724 664
713 627
867 749
718 687
701 854
800 769
883 666
874 727
761 670
750 767
700 748
640 624
890 897
607 685
643 714
907 742
822 591
793 857
737 596
738 777
878 852
805 776
704 763
703 765
756 746
649 858
697 614
722 787
734 871
794 684
758 673
862 657
798 599
716 612
915 821
759 747
919 855
712 617
879 892
887 661
634 731
880 893
889 667
702 606
828 593
711 618
845 597
847 679
886 662
829 674
888 668
877 851
912 772
651 859
834 779
824 604
904 658
796 615
881 894
808 681
910 820
865 623
913 846
848 790
707 860
916 833
699 856
875 728
723 786
715 782
609 663
826 594
806 774
799 616
719 690
866 645
739 766
717 781
914 819
921 898
709 816
802 626
807 775
637 849
641 602
813 589
633 814
803 771
751 678
835 778
672 586
692 619
736 598
810 611
755 675
823 605
650 869
757 788
868 646
831 780
885 900
797 613
872 625
840 895
708 630
694 585
721 785
837 899
783 644
647 628
695 595
792 683
918 853
710 629
732 870
801 768
696 584
911 832
705 809
698 621
760 843
706 817
735 688
