4.002630072600279476e-01 -3.775953082953096285e-01 6.795534151072132878e-02
4.658351969751088339e-01 -3.081499826788127727e-01 4.766838624862872187e-02
2.193280091546495059e-01 -4.452040848124849126e-01 -1.126531639952137037e-01
3.449780201641061139e-01 -4.384403930249827774e-01 -1.277145755021925552e-03
-7.510775176597209168e-02 1.644347735692528456e-01 -3.038491757605691901e-01
-9.152573801369143225e-02 1.450029656207790230e-01 -4.410714120485979550e-01
1.383057062459110143e-01 4.640942297650758053e-01 -1.487346621343299535e-01
1.315935368684763018e-01 3.042196135898489473e-01 -7.103149743223635681e-02
9.119965428086559966e-02 1.004794633753155614e-01 -2.205860283916885045e-01
-1.576433701665750919e-01 -2.801314149041417290e-01 -1.902323649966521923e-01
-4.469108120712297905e-01 -3.928242998054114477e-01 -4.034550915827970208e-01
2.987779287548309598e-02 -4.036627627315534927e-01 -1.861906892057713092e-01
5.203283649136076355e-02 3.806413773720946359e-01 6.995900206663077658e-02
7.646587026561030287e-02 4.680320691035995129e-01 1.258487172724512271e-01
4.135363722802514741e-01 4.620754780201977163e-01 6.956124382428717501e-02
4.035593662834351947e-01 1.814967543039743281e-01 -3.336757338691048735e-01
1.339687273219618835e-01 1.831351737506091426e-01 -4.722346344046833844e-01
3.804460490012026574e-01 4.276887041450456728e-01 -4.670701281822455253e-01
1.035621417586925497e-01 3.383142059226299514e-01 -4.754803111228259049e-01
4.694818248332903732e-01 1.921403012150647016e-01 -8.685859349530172802e-02
4.202148008994273654e-01 3.453590418513827198e-01 -1.333312651661051063e-01
1.740067604601691631e-01 2.156664415009981739e-01 1.373088629139193953e-02
2.064423384721825738e-01 1.395103100503745086e-01 1.137389747339925816e-01
1.936471672290117074e-01 1.661156206048718109e-01 4.097511773918344202e-02
4.412238512916809574e-01 3.703638790210350140e-01 1.574696485801476697e-01
4.734840902768500115e-01 3.286808904871229564e-01 1.716118254939585919e-01
4.238474201685973886e-01 3.538197491233144865e-01 1.999903752843814886e-01
4.548264137531831119e-01 3.292826145121997561e-01 1.943735531542574724e-01
3.084590088092814542e-01 -2.083398414627368467e-01 -1.807560247523109787e-01
4.188574662358986456e-01 -1.589161556091979177e-01 -3.526398887833130658e-02
4.063191469871919037e-01 -2.050747175679901724e-01 5.740470517728370192e-02
1.080256445036057167e-01 -1.870473498522530198e-01 -2.709078900052158678e-02
2.850943428100338184e-01 -3.699103024699711417e-01 3.897654453453164303e-02
2.452401803627396182e-01 -3.643226413322738222e-01 1.424085959119205172e-02
2.362608324678656946e-01 -3.719877884788015399e-01 4.733699247313403330e-02
-1.489030942300098581e-01 1.336596287042181863e-01 -2.885740800767975234e-01
-1.823881993249109879e-01 7.791686305915972166e-02 4.238251272010452597e-01
-2.177317766838848256e-01 9.997403382683716505e-03 2.347960180433651955e-01
-8.614536585637844190e-02 -1.157026020078924661e-01 2.378590529024295352e-01
-1.502686230522334576e-01 4.556774191121023936e-03 3.744631938031517393e-01
1.617259612126842605e-01 1.096665488382222442e-01 4.416255297393147927e-01
3.472744662924782677e-01 1.675597232997216302e-01 4.646093334456677382e-01
3.586652618875477150e-01 1.381143470428736475e-01 2.708633330564242936e-01
4.213237547943874395e-01 1.978611404026751064e-01 3.920166878918055486e-01
1.272043122150606220e-01 1.213548676285936545e-01 2.865844631199840897e-01
3.560573638358422444e-01 2.077642297647031289e-01 1.916037137872840246e-01
2.293623160692199181e-01 1.847495939449720903e-01 1.407029233395047096e-01
3.615305101635676865e-01 3.230610992281862659e-01 1.969855352268696791e-01
4.008108004183358886e-01 2.769862062755774068e-01 2.217564676377722366e-01
2.125483439254817197e-01 1.257723664495544458e-01 1.576518468599443779e-01
1.887835345463960979e-01 2.647272216349286222e-01 1.350933377030410776e-01
2.718450065200013199e-01 3.118738606917720868e-01 1.614200324436515510e-01
1.064998962565747165e-01 4.181580523643706471e-01 1.754226501392807391e-01
4.232527853793504047e-01 -1.307037446776754819e-01 3.182378395068063415e-01
4.797181233723788463e-01 -1.240391358445927517e-01 4.562784331158221685e-01
5.205963317039798838e-02 -3.506875856794846036e-01 -1.779949628101660242e-01
2.193036557597266289e-01 -3.482978406987219389e-01 -9.101785605578789629e-02
2.668198628598247302e-01 -2.494659669648560396e-01 -1.907336953463374951e-01
1.269054340420159577e-01 -2.800388167852210231e-01 -3.184322164809426370e-02
9.458588608328775960e-02 -2.237135055725099353e-01 -4.779693374038979092e-02
1.380646443577534903e-02 -1.593949179412614270e-01 -2.184364064525173843e-01
1.260734690226211208e-01 -1.233026466850616343e-01 -7.827484263800064956e-02
1.342005361574455102e-01 -1.575268742928227772e-01 -5.181244639008036196e-02
2.436318644742477002e-01 -1.366217275428536770e-01 -1.581864515552151296e-01
4.678307025620299653e-01 -3.364063540529896312e-02 -1.922237233507473331e-01
4.631312813881799384e-01 -5.451007957356656525e-02 -9.674322882908663324e-02
-4.504401908902370133e-01 -3.834791622582218173e-01 3.522182762832583580e-01
2.102815298034682034e-01 -1.087917795705765495e-01 -1.984571149290950687e-01
1.459608329739911226e-01 -1.034635310013849729e-01 -1.274663990414704462e-01
1.754692779221568855e-01 -9.886270872913553720e-02 -2.118465559067752579e-01
2.090057945696081887e-01 1.391895921753632526e-01 1.807863646118947065e-02
1.524274562702983282e-01 1.047913933207591658e-01 -4.270838372923948384e-02
2.849598651820531292e-01 -8.651805807889684230e-02 -8.656453282515703951e-02
2.069556267439257580e-01 -1.207486030195778076e-01 -1.090000224698849801e-01
2.320331417489725490e-01 -1.223582666497668447e-01 -1.230401874762739045e-01
1.257258398497485830e-01 1.208179379061965486e-01 -1.028397305010372020e-01
1.141013437229849159e-01 1.146644548988641349e-01 -1.913912963105618148e-01
-2.159199853898087496e-01 -1.364523124855129832e-01 -1.341093390229299298e-01
-3.870015212069330413e-01 -1.004471006245305498e-01 -4.810191719124874976e-01
-2.746467209581932578e-01 -4.474952886347050574e-01 -2.313718950486626791e-01
-3.385778618572034548e-01 -3.427668303648469528e-01 -4.528010346287864585e-01
-3.096904181489856800e-01 -2.583084345755985445e-01 -3.450358417244074882e-01
-2.218150300600355840e-01 -3.361218283742090640e-01 -2.906495792705806602e-01
7.080868705422130316e-02 -1.802913679828447024e-01 -3.233128391440318050e-02
-7.124575005660620242e-02 -2.176608810123728532e-01 -1.332490560793558321e-01
1.546422679308957771e-02 -2.382719977207445328e-01 -1.211546087996187432e-01
6.901936740861285002e-02 -2.240885909778823071e-01 -5.287232121235987958e-02
1.956532748710628281e-02 -3.012248973192533374e-01 -9.906291551578802479e-02
3.815046464379311109e-02 -2.890727231182061985e-01 -1.322083043737484476e-01
8.283970064873620587e-02 -2.662563084183459106e-01 -6.672767755313940841e-02
1.554606680493167067e-03 -4.195118529274878827e-01 1.786990018818186005e-02
1.160640927195247946e-01 -4.582544703579746748e-01 1.265935494836755437e-01
3.929347629247455925e-02 3.429050876568456308e-01 -2.989145407281160877e-02
3.382756387308900603e-01 4.838240566644506635e-01 -3.637804812565605395e-01
2.897336045718416075e-01 1.047249670792522319e-01 -2.746128431270580816e-01
3.031781662170253133e-01 -5.110576343136767619e-03 -2.949104195693148522e-01
1.975816089109246609e-01 1.926838976218043717e-02 -2.777034335792661346e-01
1.929480936084451981e-01 9.269395479842046370e-02 -2.635499259178744058e-01
1.638766490225089245e-01 1.592631632480806247e-01 -3.275893650721879991e-01
3.918168310591508274e-01 4.229533493399098010e-01 -4.963210496565716862e-02
1.567724048672113624e-01 3.623008696573872811e-01 -2.697469720735163334e-01
4.135197435467140581e-01 3.845352179004959958e-01 -2.668081189161091160e-01
4.679252577658726819e-01 4.067989421161669616e-01 -1.891078285982915053e-01
1.358048950356695872e-01 2.605653605222652547e-01 -2.967338189535089765e-01
9.482766704595117779e-02 3.757985690909372845e-01 -3.995560091552806670e-01
8.259248802241200837e-02 3.828408687202092264e-01 -3.742131252157002153e-01
-7.534254925800820679e-02 3.047626618884177740e-01 -2.537349133211931340e-01
3.493709825647596245e-01 -9.216043095029126386e-02 -2.790500527474331499e-02
3.461639167152384400e-01 -7.742895315480953500e-02 -5.353397867995968173e-02
2.479158208319309498e-01 1.085055372384166189e-01 8.513413191519109136e-02
2.340310315528981722e-01 1.370783910689728491e-01 4.666771383901598125e-02
4.689750302080374356e-01 1.101126083377757109e-01 1.525509059029332357e-02
2.381619826896047565e-01 1.362541194227883112e-01 1.437912671501313626e-02
4.519050197027656979e-01 3.569009281092378610e-02 -1.374781145116762138e-01
4.452006841829875272e-01 9.912975152830663661e-02 -1.191013311855593088e-01
4.473268886296992153e-01 1.366773227617082698e-01 -8.708178361638446718e-02
3.673046369191416138e-01 1.024431970153671101e-01 -1.580629160309987569e-01
-1.883333206682992200e-01 9.950588401126458926e-02 -2.682486930720651142e-01
-2.081925153395521033e-01 9.644715879818176185e-02 -2.232355426941218524e-01
-2.126637285284461720e-01 1.324861537352187424e-01 -3.170874335304506575e-01
-3.195646200128873238e-01 -4.372320162737015625e-01 1.018832669605249236e-01
-2.141195650427512587e-01 -4.585705800550118894e-01 8.680395848740939113e-02
-1.511680696217518050e-01 -1.203613140130770781e-01 3.482371517530659655e-01
4.527433352314621379e-02 2.679417844247282687e-01 4.797140443737886173e-01
-3.534796365799773299e-01 -2.210814148158239401e-01 4.381536883695144047e-01
-4.740956628473851353e-01 -2.408967220395194231e-01 3.612933616886124244e-01
-1.947750184961880848e-01 1.295407703540085720e-01 -1.901646987906449038e-01
-1.376173637780189196e-01 1.448432976331362476e-01 -1.557412735709223228e-01
-1.968154043505859763e-01 1.466018651550993479e-01 -1.531973267833476038e-01
-1.775081284731540865e-01 1.901415819643859917e-01 -2.164120299563411232e-01
-1.023600461085880653e-01 1.996165382731841798e-01 -2.156333634302483315e-01
-4.200278932389082259e-02 1.872993934491971602e-01 -1.142099504878809207e-01
-7.796937855121102712e-02 1.703480060451033895e-01 -8.071667291016591805e-02
-2.595343001411357653e-01 1.981209689960208853e-01 -1.038001727614429881e-01
-1.850030858832290848e-01 2.770378132933626336e-01 -9.142564684280065496e-03
-4.544514264418367949e-02 2.502429735155978219e-01 -8.966817174060116857e-02
-9.179602420839635957e-02 2.339023794365177600e-01 -4.619644731603886334e-02
8.936771638103661874e-02 7.042035858864759135e-02 1.064031321102922034e-01
7.545636187559254249e-02 -9.983913948990497111e-02 -5.756075159702923189e-02
3.643930692945516192e-01 2.757795970443488454e-01 4.611543330460547430e-01
7.604875688939928546e-02 1.736529943626253791e-01 1.984880947176016486e-01
6.089069318076228282e-02 4.182302579318618041e-01 2.216047466461879556e-01
-1.215589225075420360e-01 3.463722038782740542e-01 2.819258478721617389e-01
1.111330747661619794e-01 3.010785601933264055e-01 1.541385343762419480e-01
7.935223657738230130e-02 3.934207741996176844e-01 1.666318557584540450e-01
1.798892970445253175e-02 2.312478815375648422e-01 3.061126592569522464e-01
4.083428085808162716e-02 2.011953699674333129e-01 2.861664630370571727e-01
-1.125717623714288101e-01 2.178958463191339456e-01 2.290175127642896102e-02
-9.442185389140211882e-02 1.462436438875533429e-01 4.690130723805403801e-02
-4.619248000978501412e-02 1.333544136066562025e-01 1.091588920827183257e-01
-1.840599941649644633e-01 1.012015354991621791e-01 1.485531886035813820e-01
5.033108827701362337e-02 4.177551907523304742e-01 1.390390137306645180e-01
-3.175644842880674668e-02 4.247475146535493740e-01 1.920202794410090785e-01
-1.574559261536445376e-01 3.827215448260329889e-01 5.900430759114808077e-02
-2.400664337929248326e-01 2.205540283568779847e-01 1.315883650945043337e-01
-1.365174097832760614e-01 1.255641729283632213e-01 8.014700692600978948e-02
-1.310084450496739605e-01 1.069826669625485449e-01 1.044570267883241921e-01
-2.520290888988799272e-01 1.645039320140454508e-01 1.274932460376065335e-01
1.236243496950406445e-01 -4.159807885274846573e-01 1.289843969054425832e-01
9.286332223143607678e-02 -4.014578385138412586e-01 1.161105424812314268e-01
1.779705007035030095e-01 -3.331230802090364707e-01 8.570776127832158142e-02
2.865509752040272251e-01 3.877589515228990202e-01 4.456005271486631059e-01
1.330723129834146534e-01 4.564757071437284819e-01 2.921532146727109369e-01
2.684095908314677592e-01 4.351924108167973815e-01 3.742302269788869151e-01
4.264299719582176351e-01 -3.054046598499197268e-02 -3.933732989288896142e-01
4.564188928815821611e-01 5.170841760426810735e-02 -4.413549426404428377e-01
-3.306423514894543114e-01 2.307389664070694235e-01 1.720593585329611153e-01
-3.420371631854743910e-01 6.096782649136024690e-02 2.082045031038070870e-01
-3.013301174116977954e-01 1.368232504593736021e-01 3.842374865613473744e-01
-4.677299933311793168e-01 -1.665732806418472600e-02 2.229638379307471441e-01
-1.909872447947182639e-01 -1.639442577741324070e-01 -1.643180587359918121e-01
-1.607396572725682815e-01 -2.225703426299193155e-01 -1.796060241865266305e-01
-1.124668416041469804e-01 -2.104957223384079645e-01 -1.760593877548858044e-01
-8.408697886856197901e-02 -1.984337689522670534e-01 -1.960271521995735067e-01
-2.374744128267779475e-01 -1.309141492032774856e-01 -1.827732313442688161e-01
-2.569434087249797827e-01 -1.145979063320117647e-01 -2.230652393524398536e-01
-2.436170923752693229e-01 -8.732012027228233664e-02 -1.998646171565908458e-01
-2.411180467129150906e-01 -8.479506625232771655e-02 2.180525701788798010e-01
-2.588093833793059240e-01 1.517299112257846083e-01 -5.203380111546068026e-02
-2.271155980881020553e-01 1.689307844103893064e-01 8.627597840127031181e-02
-2.169904428401239205e-01 1.753966232572647943e-01 4.531181978105529307e-02
-2.032536536251113024e-01 1.337056678499463913e-01 6.560007441513807103e-02
-1.718722571590441117e-01 1.406488159176633446e-01 -4.346799961695454462e-01
-2.144756278461049659e-01 1.515576825715254927e-01 -3.837293653570625351e-01
-2.988382466703019547e-01 1.809796972709813989e-01 -3.738977054292925706e-01
-3.655681179088164923e-01 7.588231880498207127e-02 -3.364036517245226343e-01
-3.937925294420823175e-01 7.942066657536774044e-02 -3.411172336740580513e-01
-4.331619915276801458e-01 1.755616009158086910e-01 -3.105675417087090384e-01
-4.354433805961939741e-01 9.024426979521821268e-02 -3.944908488962126092e-01
-4.220395356129999498e-01 2.842953235660690137e-01 -3.217388743731228740e-01
-3.782600101184563357e-01 1.438945227755780987e-01 -3.565250923282635709e-01
-3.082165710797983849e-01 2.422879562384571694e-01 -4.495129816853502547e-01
-3.831580546710367519e-01 -4.410779983267655302e-01 -4.444758582592545082e-01
-4.609641943518691387e-01 -4.426143622139982470e-01 -2.987897727747454990e-01
5.637540846467031797e-02 -3.305289025590111285e-01 -2.434774480133495012e-01
1.160432315133279463e-01 -2.796393935985262424e-01 -3.572885620212521984e-01
-3.898219759230681092e-02 -2.090473969152679690e-01 -2.136824731106484188e-01
-1.594512351905382624e-03 -2.033149974025261764e-01 -2.190315245489071194e-01
6.057220036887652967e-03 -2.403317651762917062e-01 -2.071563295923501691e-01
-1.715532204223534640e-01 -3.094444825295970536e-01 -2.891786659972160334e-01
5.142005259591112681e-02 -1.740297431920859172e-01 -2.500594777722511819e-01
-9.765189237461097127e-02 -2.109008310633142813e-01 -2.196420011881524970e-01
-1.307227170553101059e-01 -2.320788898811186607e-01 -2.498589477127598768e-01
-2.772063633501941626e-01 -1.628998572338725415e-01 -4.735135267767872636e-01
-4.508548401851889542e-01 -2.008031384914393258e-01 -3.195239509830656854e-01
-3.981139920715706659e-01 -1.304122196924775712e-01 -3.022466549436048089e-01
-4.746481812327006389e-01 -6.843471489638285055e-02 -2.818648232944244159e-01
-2.622609960274521756e-02 -3.109263958739843514e-01 -8.982994101761844485e-02
-1.409980330307400720e-01 -3.003117331102379550e-01 -1.165004173836483164e-01
-9.928874471049915773e-02 -2.460405192031537014e-01 -1.070260534467484120e-01
-2.520883723450273450e-02 -3.282277803017241147e-01 -7.320652278395595181e-02
-4.094967090608096077e-02 -3.633822823098609156e-01 -1.001134234493097630e-01
-3.552861391587654183e-02 -3.677324010355825790e-01 -4.449939730916100539e-02
-8.717435353215605143e-02 -3.986732679804013690e-01 -1.341853675090572129e-01
-1.262947387115480602e-01 -3.469941157017515376e-01 -1.157293230664301759e-01
-5.656298912076944407e-02 -3.711108558219954889e-01 -9.059368026699413101e-02
-5.730541187404909059e-02 -4.014885382697500060e-01 -7.078024575704080362e-03
-7.118008382937290879e-02 -3.640224816505110983e-01 -2.890804888069051920e-02
-3.750465149933225328e-01 3.158328979783169843e-01 -2.402492701173417622e-01
-3.949555674465214383e-01 4.274723793468462874e-01 7.947547548044904542e-02
-1.382833835150439061e-01 4.783936503881078273e-01 -5.296002450738859085e-02
-1.393536043896833887e-01 4.455651936213304021e-01 -4.073041795506744667e-02
-4.474857787144836396e-01 8.156536241163314660e-02 4.673162826859603713e-01
-1.554516620920337877e-01 4.692526597833319713e-01 3.804716889909078303e-01
-1.497588530346306568e-01 5.509010841409662379e-02 -2.677726448788567137e-01
-1.700218210381291839e-01 5.731336854911870532e-02 -2.008865407711711015e-01
-2.475243708403442322e-01 -4.691217614057674457e-02 -1.636792007964916751e-01
-1.878950144465468264e-01 3.701716778013640352e-02 -1.980173086320517473e-01
-2.220609036955457360e-01 -4.347965191595617312e-02 -1.940573219723423504e-01
-1.637493837041102407e-01 -4.365870817442421559e-02 -2.011546427436290141e-01
-1.911390465461018373e-01 -3.030505617643504054e-02 -2.120259039562747139e-01
-2.459845291455760863e-01 7.713701921137504358e-02 -1.609153201620797946e-01
-2.161501130432098294e-01 1.068444871501936788e-01 -1.333888096950137658e-01
-2.080872700704888556e-01 5.952291321726917855e-02 -7.192280379351084774e-02
-2.473503203904947600e-01 1.026625830529463573e-01 -8.364568120404394791e-02
-4.513039455774152109e-01 2.998152877468970856e-01 1.550505042226121288e-01
-3.569470815657451168e-01 3.233386600862770965e-01 -1.461049815193182777e-01
-3.715043285368244685e-01 4.121060359057058808e-01 -5.394848621207719297e-02
-3.035107467301267903e-01 -4.821610102265793674e-01 2.851326914539836221e-01
-4.120844625634118019e-01 -4.467020475644375987e-01 3.690282364408985494e-01
-1.435745978408818901e-01 -1.847410144491917205e-01 3.045732554338232978e-01
-1.093759641165448909e-01 -1.703583422571187944e-01 2.460310998005019734e-01
-7.214084520178545845e-02 -3.662230083717777362e-01 6.145704891710780660e-02
-1.474365769803058501e-01 -4.261208516683837599e-01 1.095307830524044762e-01
-1.313354501146943853e-01 2.628661970732897313e-01 4.111853313955257105e-01
-1.738111578791036727e-01 1.882406835962488201e-01 4.618011918597680898e-01
-3.478497861791954304e-01 2.237770272192245169e-02 4.195311995091774993e-01
-1.057271440189318512e-01 -4.732660399049780364e-02 4.614046855989316076e-01
-1.080437239210485512e-01 -8.109359389525229445e-02 4.015478056392264850e-01
-1.394895224727485672e-01 -8.149713955493036177e-02 3.674603671899843715e-01
-1.414752430715228437e-01 2.340350597094679325e-02 4.264905434191832989e-01
-1.064903736287986097e-01 -1.993648369835341813e-03 4.808419424405044884e-01
-8.777652161571594669e-02 -1.803269175281033421e-01 -8.966971258672307155e-02
-1.431748701568701099e-01 1.042134936794925221e-01 7.829191838103220780e-02
-1.153430462424798603e-01 -9.108636868119693308e-02 1.468472265881400896e-01
1.074756870447897278e-01 -1.395004709173826296e-02 1.243441341546643458e-01
7.252918233311581031e-02 -1.282407839461458532e-01 7.704624745156020416e-02
-3.623517873899805009e-02 -1.393672135428866699e-01 3.190006744782342835e-02
-1.381728855936791567e-01 9.578696316455728721e-02 5.587707253992388323e-02
-1.803240618360945069e-01 6.860870021165624277e-02 5.522107657575390377e-02
4.075591860855584669e-02 -1.432059369332878973e-01 1.790038026212820502e-02
2.354947855848950333e-02 -1.261720005141519496e-01 2.192384414704302495e-02
3.878975053312438970e-02 -9.092725071488866329e-02 1.586151094587995303e-02
-1.357143307397342957e-01 7.512516143397539314e-02 1.103678644233160519e-02
-1.799188060484703811e-01 6.454213648667631031e-02 -3.957688732228618021e-03
3.241880070007007592e-02 -8.429347963281606793e-02 2.703647594794915121e-01
1.003746246466491188e-01 -1.034815223433188797e-01 1.346283789147484367e-01
1.031986058001280182e-01 -5.561755817308244865e-02 1.465499671866876685e-01
5.314496549402435849e-02 -7.488067084581841171e-02 2.050722681590606000e-01
2.407148814947449589e-01 7.618037419609115235e-02 1.942995402017013984e-01
1.110831642246036532e-01 1.079051785376311801e-01 2.723772521035820460e-01
3.101833745750170457e-01 -4.776062566231133871e-02 4.003832389749585330e-01
1.426930665743672000e-01 1.048150352407863362e-01 1.666520737324360957e-01
1.649599892210967256e-01 1.212969457162480641e-01 1.615773973973150535e-01
1.186778871750418934e-01 1.184614669887733840e-01 1.955745581171876024e-01
2.849488101347306124e-01 9.291975970861052203e-02 4.145848457376328233e-01
-5.190303519395852300e-02 -1.365270187955052450e-01 4.111395570836429703e-01
2.842426000177647460e-02 -1.372440267814554193e-01 3.764939503433345491e-01
1.458099169220166691e-01 -2.127093347403291035e-01 4.191734701190736323e-01
-4.021773136754960842e-02 -6.366677902514261689e-02 4.627013365607188788e-01
1.360557880115472740e-01 -8.429928683125857691e-02 4.653956317374986495e-01
3.197501463177481740e-01 -3.200403625409842245e-01 2.803139103945201938e-01
4.317413777453828483e-01 -4.143850864826178482e-01 2.802301751781834382e-01
4.718369654628260523e-01 -4.418334670185085633e-01 4.683644598206573861e-01
4.903107816745746472e-01 -2.186191976109027324e-01 4.470401225225742459e-01
-4.576875881831029003e-01 3.492933993725744757e-01 2.161255653621182438e-01
-2.805353627167827546e-01 4.726531001990003644e-01 3.271157902664002526e-01
-3.956218758565978599e-01 4.676967088195082001e-01 4.053647636424914658e-01
-4.498365655161156718e-01 2.895275448789790818e-01 3.408045343641856739e-01
-4.151857072820600569e-01 4.566476859848888070e-01 4.574339510035685397e-01
-3.713277462628948866e-01 1.942899028278600726e-01 4.417067501237997296e-01
-1.894356082248375706e-01 4.196353612453515569e-01 4.310735020000444617e-01
-4.576304168004599604e-01 1.437322314166024351e-01 -1.799177874768101981e-01
-3.434866765099415242e-01 7.424254644786967838e-02 -1.563775021253624442e-01
-3.279000465966306899e-01 3.854349259124574198e-03 -1.045351851230799239e-01
-2.946526334257953406e-01 -4.292873790363917197e-02 -1.727489958722346342e-01
-3.179230130313930314e-01 -1.003819496884373330e-01 -2.188174627623755419e-01
-3.673879198236654764e-01 -1.507978696973738819e-01 -1.784872304514096009e-01
-3.609139527594467656e-01 -1.212088091813227075e-01 -2.292421337285041327e-01
-4.159209815337445715e-01 2.406294810290995900e-02 -2.753965541514659665e-01
-4.059615375519083913e-01 -7.273824747551164982e-02 -2.693986982943223363e-01
-3.727959222869611788e-01 3.827237666096366953e-02 1.381109325222690254e-01
-3.319976527696005264e-01 4.548029831156936986e-04 8.232398676817383187e-02
-3.298923477934175841e-01 7.683795135834546597e-02 7.329153197692010735e-02
-3.139184391215424919e-01 1.200810163923325680e-01 1.069669818069696882e-01
-3.633073320364808012e-01 1.757495613751991204e-01 1.485985260807291264e-01
-3.295700454239542943e-01 1.279824764979566321e-01 1.390871904637958067e-01
-4.644152690574785969e-01 2.101033626658763420e-01 9.516242123207235837e-02
-3.663212178959289744e-01 -3.257362840077516336e-02 -5.522260250150724803e-02
-3.724088341326536877e-01 1.261325070301806683e-01 -9.144588610481284296e-02
-4.180385891513190288e-01 1.694151893673072062e-01 -1.121988716556539534e-01
3.812877093266807127e-01 -4.623384903945753632e-01 -4.648709888608934526e-01
9.282254534277958880e-02 -1.964640561781222095e-01 -3.637363158988182188e-01
4.235589759695829876e-02 -1.727557227402484186e-01 -2.783406746345424287e-01
1.096926915788943718e-01 -1.295412634592347234e-01 -2.919708733221952901e-01
6.288696024084698688e-02 -1.667753335886886790e-01 -2.960040849637686211e-01
1.659141792733397347e-01 5.033325061301534981e-02 -2.852018963025040876e-01
-3.470569898397589392e-02 -5.592528856179556501e-02 -2.315138858441141423e-01
1.421340074955232402e-01 8.151892773524913038e-02 -2.775475560743296821e-01
2.842438834423839655e-02 7.393611106264200150e-02 -2.788168379078456716e-01
2.206565125335839539e-02 3.788816851102237704e-02 -2.333990373979899779e-01
1.494759011702403162e-01 1.189413251505426899e-01 -3.030020768472867498e-01
6.913494127099617526e-02 1.093551687257311028e-01 -3.210296840226382620e-01
8.039785638470220430e-02 8.946702932429177746e-02 -2.462234435067283123e-01
8.975339595355638633e-02 1.231711683765774890e-01 -3.019594022402110056e-01
1.142672001449794167e-01 1.438795525836591704e-01 -2.816466869241651683e-01
1.055685996061858783e-01 1.127032321824185390e-01 -2.664049381950931994e-01
-2.091195460880761886e-02 -3.732384882259804915e-01 -2.881329162770772112e-01
-1.603632118161889969e-02 -4.135844191856898888e-01 -2.313228075761427360e-01
7.044972058778079665e-03 -4.658028572739960071e-01 -2.346865022765352304e-01
8.160193111180752412e-02 -3.703006912834682640e-01 -4.070064625023498972e-01
-9.488345443987400429e-02 -3.541560423245496136e-01 -2.740494308385154620e-01
-6.399018242965864856e-02 -4.063483714713496120e-01 -2.094498561882996157e-01
-5.869037330095870642e-02 -4.648617973593435204e-01 -2.135792931474349565e-01
6.654549611997458147e-02 -3.194815977789126626e-01 -4.310110256995481892e-01
-1.881207996730803189e-01 -4.334422281337743099e-01 -3.332212288669323952e-01
-2.027304793714771736e-01 -2.556235211234764160e-01 -3.194144076160582157e-01
-1.636865216314615512e-01 -1.867176267957080527e-01 -2.821008902082982051e-01
-2.678854394253802895e-01 -1.360819459441265922e-01 -4.124765035317361495e-01
-2.151132866209063410e-01 -1.155870476142195485e-01 -2.645060307515644249e-01
-1.178859216539172583e-01 -1.586483092430691355e-01 -2.725294805256849306e-01
-5.924836681997232984e-02 -1.315250894466006848e-01 -2.866703019988429135e-01
-2.143900471640446947e-01 -3.306886020212014554e-02 -4.016566023564283605e-01
-2.271861504088171779e-01 -2.373894066402657682e-02 -3.725513409226960393e-01
-1.806555311010290266e-01 -7.208243842666189893e-03 -2.973657764113832314e-01
-1.839966494208736258e-01 -5.636973312227220451e-02 -2.653555468066498002e-01
-1.190754823781939448e-01 -9.365321572402372785e-02 -2.560908361255740395e-01
-3.575130614349973368e-01 -1.285882904636835855e-01 -3.393340972788532195e-01
-3.522532450617112953e-01 -1.143333729196777393e-01 -3.301514588047771981e-01
-1.284864590276923457e-01 -5.465603221253455268e-02 -3.322305280165551711e-01
-7.295186423557029065e-02 -8.316747562798916527e-02 -2.682109021520359127e-01
-3.130568162862555348e-01 -3.746518677286501259e-02 -3.954468970529648741e-01
-1.327129746272747990e-01 -3.845396191024718635e-01 -4.743161248804998453e-01
3.524556176827262077e-02 -3.426223228659021069e-01 -4.726220749988201408e-01
-2.186127839458934241e-01 -4.400040904414563858e-01 -6.864697049077486679e-02
-4.149405357375027248e-01 -3.384691845957776279e-01 7.611239966648369881e-02
-2.729375050746240539e-01 2.961207237559818073e-01 -3.227868552678133662e-01
-3.229906519907604912e-01 3.398679485356853602e-01 -2.503319393691646466e-01
-9.844889245791671462e-02 4.624288329908770034e-01 -2.239779412006316917e-01
-3.656089340631619167e-01 4.474728437468304398e-01 -3.254844845861931679e-01
-1.107470259125890588e-01 3.517113482616343600e-01 -2.862642997736072337e-01
-2.761308413757768698e-01 4.186533837829036764e-01 -4.539721843265869805e-01
3.161955161177196216e-02 4.205987124634459340e-01 -4.122083725316894043e-01
-1.121474263085991269e-01 4.751861903476862770e-01 -4.733196602465568059e-01
-2.033518393414213143e-01 4.530539213131892229e-01 -4.009760596973055979e-01
-1.280872884767201014e-01 3.462666665025010970e-01 -3.421321356481180631e-01
-2.117191994052527448e-01 3.398120122380008934e-01 -3.671458613880213551e-01
-5.501667396370951008e-02 4.098168343675314684e-01 -3.657216284319368405e-01
-1.031241050433840123e-01 3.641132249003896648e-01 -3.210981440785039553e-01
-1.045643815870580251e-01 4.368695932339039523e-01 -3.306446322091887158e-01
-1.232688389597264844e-01 1.890213275993191111e-01 -4.646486407090947290e-01
-1.821108458770177851e-01 1.700226725365818758e-01 -4.842939163935812141e-01
-3.529477157210557658e-01 4.147311793318257389e-01 -4.363974910064035151e-01
-4.269436174996114608e-01 3.626857395653775296e-01 -3.106348280440605625e-01
-4.279477255601473740e-01 -1.604701460880662151e-02 4.638195575713340846e-01
-1.249268870569923001e-01 4.546725849343132286e-01 1.737906117754250690e-01
-2.198873686649631398e-01 -1.868884848436391244e-01 2.621678920882391517e-01
-2.130136384409075379e-01 -2.343439500699906752e-01 2.762450970878912448e-01
-2.440388862879282195e-01 -2.498017960763290746e-01 1.833924712438252669e-01
-2.625510066044729474e-01 -3.157918965621793750e-01 1.803479476760103117e-01
-3.884789112970380431e-01 -3.004370057633442004e-01 1.125233319004852323e-01
-4.298210396363552066e-01 -2.132559080681102615e-01 3.332331671237162007e-01
-3.270541833429952416e-01 -3.575866612896786978e-01 1.371903191761046636e-01
-3.498758128296973191e-01 -4.233297312976060378e-01 3.337034135383573075e-01
-3.080443738470451942e-01 -2.721900121845693410e-01 4.344520364803232115e-01
-2.897269902216195736e-01 -3.385616613393805929e-01 4.266342266284864349e-01
-2.605133878957840987e-01 -3.148873848785899154e-01 4.188161554885395099e-01
-9.571235991832127699e-02 -4.306696626321583898e-01 1.660212328823365002e-01
-3.789270597959070591e-02 -3.888970247268052072e-01 1.297328660842330950e-01
3.895805694104966660e-02 -8.856704396843968763e-02 -5.644349423793237203e-02
-1.993215736850730002e-02 -8.542169588408710101e-02 -9.364669058259549039e-02
-2.632135294262445864e-03 -8.278345519435545419e-02 -3.298125859319982200e-02
-1.906607273423476662e-02 -1.004877937316267927e-01 -4.765720797065986503e-02
-6.709050935969575191e-02 1.610548524142336319e-02 -1.563680643681609195e-01
4.291458402648511486e-03 3.470349655251800391e-02 -1.800470019735707639e-01
-5.116632458615675422e-02 1.223710630486039563e-01 -6.812020613915219236e-02
-6.636517690299750805e-02 1.028533925342085542e-01 -6.203932518348685698e-02
-5.565592338074341894e-02 1.221658297039484309e-01 -3.018441961346584809e-02
-8.862990569473146174e-02 8.713461797701808897e-02 -2.144793013489248307e-02
1.859051019885760853e-02 1.242877828339344487e-01 -1.017473109865457276e-01
4.833401273979571339e-02 9.609287299722102382e-02 -1.563882710401597875e-01
8.495456939570557309e-02 1.070056119506112291e-01 -1.092662822893681884e-01
8.258602364961853404e-02 8.356387737072647204e-02 -1.231396241637869315e-01
1.136751482268534702e-01 9.456941506796713581e-02 -7.089500272087347066e-02
7.926934150650781497e-02 6.255547928141802494e-02 -5.283606458963033270e-02
1.113299934921752610e-01 5.484975060415610282e-02 -9.857766785855937020e-02
6.385068298182673685e-02 -6.480024560614769391e-02 -5.259714960139980772e-02
-1.276417414733203026e-01 -1.343716345849887694e-01 -1.677438368084596954e-01
-1.265735583925149677e-01 -1.291119139313909869e-01 -1.193582054664930614e-01
-1.013857459777045000e-01 -1.570146520202463369e-01 -1.711214036199258104e-01
-8.874371113434897929e-02 -1.573933241262219784e-01 -1.337263268913192749e-01
-6.949346107106840753e-02 -1.253528239128122723e-01 -2.026445005509218966e-01
-1.106423813622481600e-01 -7.541384847438874217e-02 -2.253674555112445410e-01
-1.231229338200350298e-01 -8.717786411527191082e-02 -2.028317681201899370e-01
-1.255101075311780036e-02 -1.090253153776117728e-01 -2.007448476022662409e-01
-5.374905069123814966e-02 -9.852634670970931985e-02 -1.258928387776964974e-01
-5.092725975470728528e-02 -5.982161398558840520e-02 -1.286690686639938852e-01
-3.981017028650598449e-02 -3.143444124592184585e-02 -1.667850770180729081e-01
-9.146085984251678402e-02 -7.434823630246169615e-03 -1.570004626955961435e-01
-1.408197510576559008e-01 -2.259055548330480070e-02 -1.664529262705506940e-01
-1.488593237021308135e-01 1.680793242382349305e-03 -1.715759345953817572e-01
-1.565281656875500971e-01 -2.233983038167566826e-02 -1.846981035259820658e-01
1.225810049647718669e-01 -1.070068685600339409e-01 1.528699571822609571e-01
1.400792706717499947e-01 -1.992582134075431277e-01 6.898329474695166774e-02
1.948415416207021633e-01 -2.718866703680235530e-01 1.084968186774605547e-01
2.444946220312911866e-01 3.387663988804594239e-02 1.862240081422090465e-01
2.887482638786116884e-01 1.535795910747065306e-02 1.226378511847457942e-01
3.143574844097792309e-01 -3.181441050140956239e-01 9.144291572640930732e-02
2.770463851501444585e-01 -2.135115313837024631e-01 3.148188445928242207e-01
4.138993472274555274e-01 -1.043124246401904986e-01 2.878003903528052188e-02
4.453846983596025932e-01 -1.293547956971272672e-01 1.309864187916168210e-01
2.997556722854529676e-01 5.220922523352013872e-02 2.395340039068796223e-01
4.609788216335921063e-01 -9.557236598651112913e-02 2.445866206661352626e-01
2.440620865081043478e-01 -3.169223461639320560e-01 4.135190562524552749e-01
2.756621769361352614e-01 -4.021360527395385076e-01 3.371147927732958682e-01
4.402786380513357134e-01 2.855346119795454385e-01 -3.594534034243667686e-01
-4.760519020762583042e-01 -3.735958121608172477e-03 1.703261558896813910e-02
-4.676356277223023827e-01 -9.040363904579458432e-02 1.942653029719159374e-01
-3.867587109850516569e-01 -5.975281367662288456e-02 -3.539549629248724127e-02
-4.025776558162086349e-01 -2.843079917615793928e-01 9.153534199974809604e-02
-3.755906311855196633e-01 -5.053697451176170086e-02 -1.456646528070299450e-02
-3.539285547720796288e-01 -3.703980323986482553e-02 5.020330924869487177e-02
1.535366185285778617e-01 -2.674564530676454832e-01 -4.365118812214762722e-01
2.941681542124276461e-01 -1.958106098193375666e-01 -4.344243120751743459e-01
1.639612545363871021e-01 -1.803946984059648095e-01 -4.556561313354850484e-01
4.339980200494956697e-01 -1.225403550322336221e-01 -4.518999880267089431e-01
2.390282628195705694e-01 -3.210025249672028291e-01 -3.635128176538652833e-01
2.804366829042154174e-01 -3.763269664257369862e-01 -2.112938873490918246e-01
3.112792923853104354e-01 -2.608506551850432453e-01 -4.177702384297985461e-01
2.563502969061741688e-01 -3.095448977708878391e-01 -2.404726725315041169e-01
4.376907168649303848e-01 -2.352852528780726149e-01 -4.278175592168295127e-01
4.709139586657933862e-01 -3.831371209476341355e-01 -4.554719789799966945e-01
4.530733687462545345e-01 -4.754956917425439689e-01 -2.549570929293549781e-01
4.178364250060177532e-01 -2.608606196439463010e-01 -2.285714859002503929e-01
4.436929679728684461e-01 -4.107423235478833146e-01 -1.947643630540754345e-01
4.785670728484363590e-01 -3.217969927258452212e-01 -1.733028320626933405e-01
-2.101450513922912544e-01 -1.447319614879163663e-01 -4.789102867515128703e-01
-1.217494146828975027e-01 -1.697274439683981728e-01 -3.972540711647722378e-01
-3.844158084928043367e-02 -1.533363679606589980e-01 -4.157019137679885956e-01
-9.029905405351963676e-02 -1.490828210008569021e-01 -3.845157911065706924e-01
-6.260378607537984974e-02 -3.118313808409119980e-01 -4.410653843298582011e-01
-3.015554495663117507e-01 3.375982127375357633e-01 -2.124531560982652612e-01
-2.730508550937030265e-01 2.837661433590947802e-01 -1.165530118073602878e-01
-2.220677130207843186e-01 2.671007187248921610e-01 -2.043826001844362972e-01
-2.398127100229928144e-01 3.186057616127878633e-01 -2.269565702010874486e-01
-1.169947513824704105e-01 3.840302133782881877e-01 -2.371408415960297444e-01
-9.668121281931552069e-02 3.683083824560861030e-01 -2.135258596500797523e-01
-1.153339339004764569e-01 2.613022968673119895e-01 -1.976464875908282293e-01
-2.445593853139152452e-01 3.547032871238803842e-01 -5.792527421117284192e-02
-7.248893215456315986e-02 3.198760387834314045e-01 -1.381651786120923764e-01
-8.562536109490435920e-02 4.175275239182231757e-01 -1.404391250985657091e-01
-2.340233603327788736e-01 4.566844868379644762e-01 -1.660832521621248559e-01
-1.515810204809107387e-01 4.227997901207911080e-01 -8.262995701942422999e-02
-1.415259550101979069e-01 4.745290026979503417e-01 -1.045609471535486473e-01
-1.461410188248850051e-01 4.777937908350113339e-01 -9.011616935268874917e-02
-1.797541454049753351e-01 4.770324155676045619e-01 -1.114471669382202657e-01
-8.370633276827230129e-02 -2.727952781204478483e-01 1.359239068743617884e-01
-4.846926923211106186e-02 -3.343215463996260794e-01 1.771833962300333465e-01
-8.579185547766365882e-02 -2.416701483447997734e-01 2.508692714851293859e-01
1.328402938301451730e-01 -1.906842816881774150e-01 1.540461787638243152e-01
8.885727625817504971e-02 -1.652917553525019845e-01 1.141771130920247040e-01
1.231239290045751944e-01 -1.589512474977780310e-01 1.280215340211855457e-01
1.217118716285635754e-01 -1.869591060578605080e-01 1.185307485789488108e-01
1.146250749180525164e-01 -1.159858887559722523e-01 1.910486552521528103e-01
1.226687732954651888e-01 -1.679084621748108963e-01 2.157983514823947346e-01
7.582137492223937902e-02 -1.607429192172184218e-01 2.798569021397702694e-01
1.023042154016221006e-01 -4.495666944159546485e-01 1.833841197660276423e-01
7.853833926504946716e-02 -4.144455460625057763e-01 1.569250607359289895e-01
9.267070927093418176e-03 -4.055960120080613351e-01 1.601846752716675759e-01
1.210617388154107688e-01 -4.656434326352210107e-01 3.092080001684910928e-01
4.714220255543058458e-02 -3.696814595021744587e-01 1.681337065717297130e-01
-8.027046219649143846e-03 -3.612661022536737820e-01 1.726973790123107200e-01
-5.585365507538821855e-02 -3.416401622757180290e-01 2.153246670630909465e-01
-1.052911203132246148e-01 4.055170320089789004e-02 -3.813366482190772011e-03
-1.068182562426894799e-01 4.627455024826764018e-02 -2.606619585270701644e-02
-6.626732324287362697e-02 -3.557240050120571290e-02 -2.893369180624355205e-02
-5.182939064107700694e-02 -9.037943222881690553e-02 -2.795631729391535869e-02
-1.613463503578394520e-01 3.293776411766697471e-02 -1.514730748648842815e-02
-1.028954953030479236e-01 -2.135356892981948862e-02 -1.110780726972027399e-01
-7.904238147980179041e-02 -5.762050835747526550e-02 -1.031534696619394870e-01
-1.321688044035238541e-01 -4.815516426764306773e-02 -1.386140870230528066e-01
-1.214041060220678037e-01 -9.010938834025891686e-02 -1.230386759400413227e-01
-1.649741409750993815e-01 -1.690608244872587179e-02 -1.350557827202913674e-01
-2.519991747180711505e-01 9.712755111577741837e-03 -8.122285392063383069e-02
-1.698056163098153049e-01 -8.878961971130264197e-03 4.035056511759245457e-02
-2.093877286531568571e-01 -4.600798748086926127e-02 -1.070645192617709351e-01
-2.020088297553126466e-01 -1.022600102240176778e-01 -8.837346692893316424e-02
-1.322393036444233505e-01 -1.244165818001957691e-01 -9.080318018822687576e-02
-1.447680186155002602e-01 -8.583274220894387962e-02 9.562067262701906545e-02
-1.214488264496358660e-01 -1.508046166895261608e-01 -1.727958267284493421e-02
-1.161631158396788238e-01 -1.032258708790747409e-01 9.180673808847565620e-02
-3.565103388659218164e-01 -1.713542607993524813e-01 -1.504958125670155245e-01
-3.855439204681739285e-01 -1.450413839904320379e-01 -1.440941422053458598e-01
-3.889109670997312751e-01 -7.866227637317461940e-02 -5.527841263974024588e-02
-4.153061947786639285e-01 -1.116763631041920724e-01 -1.061262451409966390e-01
-2.586188086321554724e-01 -1.825592062386600656e-01 -1.032730557285507084e-01
-3.395974579403749916e-01 -8.626231529833115752e-02 -1.111640029942639885e-02
-3.511401346983574201e-01 -9.263193533790881062e-02 3.612897833133799086e-02
-2.335679833963759666e-01 -1.378029351067562303e-01 -3.028854324288633021e-02
-2.742813434698748165e-01 -7.942750991791511228e-02 6.826911320393019844e-02
-2.293486564929642368e-01 -7.251579980808368908e-02 5.091365076315367694e-02
-2.635444717927850067e-01 -8.957291103333772653e-02 1.057206308910678925e-02
-1.472699426558178870e-01 -8.833061215125559418e-02 -4.120580063845741825e-01
-1.194811794655837450e-01 -8.293407003313105208e-02 -3.721847914721797546e-01
-1.456728399361824078e-01 9.244932870083125143e-02 -4.429385822383505311e-01
-1.716354197806250759e-01 7.568192840304152277e-03 -4.258346049747829820e-01
-1.486928496444111514e-01 5.390181798959810255e-02 -4.685977822248731384e-01
-3.178630364790406559e-02 1.211683483314362902e-01 -4.200510620209402801e-01
8.491641547353456776e-02 1.147187795529414772e-01 -3.662817847107937563e-01
8.541872047483342612e-02 1.079629843599625161e-01 -4.398902540329588384e-01
9.098056912478130753e-02 8.977187431996681843e-02 -4.049970294044137331e-01
8.119237964392855833e-02 1.223991094638772134e-02 -4.651715007656955225e-01
1.878653858811153710e-02 -4.421056846131427576e-01 4.729211247126168249e-01
-9.034498845525094912e-02 -4.500900990650554268e-01 4.781634004388549131e-01
1.240090177911192804e-01 -2.829921732308205984e-01 4.435441375668200403e-01
7.390891966807414115e-02 -4.111737589097604895e-01 3.631428842368888965e-01
-1.795735192605458219e-01 -3.264796236085898418e-01 4.386264675521239220e-01
6.038988460809024961e-02 -2.294422033108657055e-01 3.724511803889954953e-01
-1.551770609728004291e-01 -4.178679741832147521e-01 3.612239750928775694e-01
-9.162955608883961711e-02 -2.318356222045282466e-01 4.411022695023376627e-01
3.503560343240226527e-02 -3.204992958521724056e-01 3.017223489429399774e-01
-1.857943969485969238e-01 -3.588177540974444857e-01 3.826402790408935939e-01
-8.823829931617188649e-02 -2.682912488794213512e-01 3.007195234395091954e-01
-7.330155079715355848e-02 -3.209794981924669610e-01 2.848542999024427647e-01
-1.921288920613902496e-01 -2.901392646561370969e-01 3.272135998167377546e-01
-1.293702118369304543e-01 -2.435924679770245793e-01 3.310053182200307087e-01
-9.442266813813529613e-02 -3.519215820209753431e-01 2.827904230586009149e-01
-1.780498242154542610e-01 -3.379509952545477480e-01 2.967586877844891613e-01
-1.369178759222128838e-01 -3.745647432486230444e-01 2.754152785430147854e-01
-3.910680913016840177e-01 -2.721742656911954605e-01 -1.043253065314871525e-01
-4.623267402886456767e-01 -2.883055051603304886e-01 -5.598507745957431031e-02
-4.072785514940159834e-01 -2.730137787426971108e-01 -2.964634355818855926e-01
-2.971283913059091231e-01 -3.407987351399895393e-01 -2.428967423958564575e-01
-2.726441798821573337e-01 -4.540420208500987598e-01 -8.611993057730291112e-02
-3.718159155439476060e-01 -2.592141900109150021e-01 8.801848679426851896e-02
-3.346832463791254986e-01 -1.897352561986070940e-01 5.043248868147862107e-02
-3.600755080455200763e-01 -2.390328602903025179e-01 4.557280878267646468e-02
-3.350255895291771036e-01 -2.767569335935207153e-01 1.102237498016917644e-01
-2.250738829728822776e-01 -1.599046729866234751e-01 1.280197904795900843e-01
-2.629975145908659551e-01 -1.398476447756915597e-01 6.718893247283769243e-02
-1.879856401998433735e-01 -1.315898112904184125e-01 9.188995162753578472e-02
-2.003771966225339207e-01 -1.295831759485331913e-01 5.467162654130949817e-02
-1.476857763541369051e-01 -2.065641165403299950e-01 1.277627091395570347e-01
-1.975801130103252423e-01 -1.680610732605299640e-01 -2.416850193981892950e-03
-1.216902051963350134e-01 -3.236811588932039796e-01 -8.784887145972575945e-03
-1.245286672927892607e-01 -3.253844621389941349e-01 7.115711290767812169e-02
-1.636078298099335471e-01 -3.539143687628593105e-01 8.110265690333601230e-02
-1.999141621374233291e-01 -4.014315494114508165e-01 8.162254228036755488e-02
-1.926341857651671652e-01 -3.277832291358184769e-01 1.079926733198954270e-01
-2.548843476931625940e-01 -2.397611843164137724e-01 -9.351527664285304298e-02
-1.441241000569534469e-01 -1.692023874055436361e-01 8.334348759404625051e-02
-1.055554833880865961e-01 -2.542552118811990947e-01 9.857430441629608242e-02
-1.770683914849814078e-01 -2.975740442176846301e-01 -1.157588584137001497e-01
-1.776019157151947081e-01 -3.346359063909754017e-01 -9.097003505499311193e-02
-1.318107142334839776e-01 -1.963082585436659311e-01 -2.744532051583323598e-03
-3.460588834823452586e-01 -2.702999341776929354e-01 -6.677335279256968459e-02
-1.510633278379041877e-01 -1.633910634005315554e-01 1.387529684457910681e-03
-9.857529252251139018e-02 -1.602341668016533660e-01 5.074143749614405674e-02
-9.116368274308923880e-02 -1.873158584792162795e-01 4.095081799393077843e-02
-1.042212370476200689e-01 -2.062952958913516488e-01 1.623805068907510640e-02
-2.095602522782288313e-01 -2.655709900048572880e-01 -1.326187287271107518e-01
-2.856007514834819627e-01 -3.004744042190342634e-01 -1.007649678140018906e-01
-2.244133199454945715e-01 -3.405330119268129008e-01 -7.506299708675753801e-02
-2.876091059725650600e-01 -3.468377592915978247e-01 -8.845267968190599628e-02
5.000000000000000000e-01 3.353722467114460537e-01 2.130072321297748761e-01
5.000000000000000000e-01 3.318074158218812242e-01 1.605681593091385084e-01
4.375513530793587180e-01 5.000000000000000000e-01 2.607500682459572561e-01
4.563263947649782715e-01 5.000000000000000000e-01 1.019963752775137344e-01
5.000000000000000000e-01 4.506977336415770030e-01 9.072694279368059833e-02
4.358824112584053223e-01 5.000000000000000000e-01 -2.901652619280854495e-01
3.104013557008267754e-01 5.000000000000000000e-01 -3.357609807778654809e-01
2.236454996215703761e-01 5.000000000000000000e-01 -1.336307620985800471e-01
3.602730670154516424e-01 5.000000000000000000e-01 -1.644188733770186872e-02
4.867746562912312891e-01 5.000000000000000000e-01 -1.926867284845511508e-01
4.812745868208189726e-01 5.000000000000000000e-01 -2.601887559453704424e-01
5.000000000000000000e-01 3.026188110990311597e-01 1.413976999009056712e-01
5.000000000000000000e-01 3.877521728733112627e-01 -1.753416643759395377e-01
5.000000000000000000e-01 4.375218184568190893e-01 -1.428549824910492760e-01
5.000000000000000000e-01 1.850148341132000496e-01 -9.435221127614974723e-02
5.000000000000000000e-01 1.884445688112424411e-01 -6.681586963369784415e-02
3.685395100483542241e-01 5.000000000000000000e-01 3.343832268319801848e-02
9.273857392847345560e-02 5.000000000000000000e-01 -1.598820042546467146e-01
1.780932050434430869e-01 5.000000000000000000e-01 -1.247353661392157503e-01
3.012872920225010964e-01 5.000000000000000000e-01 -3.717607366700583782e-01
8.932197940806607672e-02 5.000000000000000000e-01 -4.021547321667675590e-01
4.071479550191975383e-02 5.000000000000000000e-01 -2.974336112520604147e-01
6.723384814159646949e-02 5.000000000000000000e-01 -1.838912483012173638e-01
3.329929738083651780e-01 4.371863609511491000e-01 -5.000000000000000000e-01
1.437925663922457187e-01 3.549469743826649815e-01 -5.000000000000000000e-01
1.286540084917755233e-01 3.528010537404376312e-01 -5.000000000000000000e-01
4.337978683665129342e-02 5.000000000000000000e-01 -4.852262016051314131e-01
3.350368350490904312e-01 5.000000000000000000e-01 -4.069164187117086939e-01
3.657762748692177102e-01 5.000000000000000000e-01 -4.906786151942945651e-01
5.000000000000000000e-01 1.763041311346348894e-01 8.180542045409860963e-02
5.000000000000000000e-01 1.798268724108346706e-01 8.809277336631909927e-02
5.000000000000000000e-01 1.944170884901724738e-02 3.344060054121841125e-02
5.000000000000000000e-01 1.472720148989647981e-02 -6.585097410922129135e-02
5.000000000000000000e-01 1.341540877945396337e-01 -1.406678492004019010e-01
5.000000000000000000e-01 1.345084280749877514e-01 -1.406877056948891980e-01
5.000000000000000000e-01 1.407401556137205523e-01 4.125095420056112960e-01
5.000000000000000000e-01 2.035883069314500249e-01 3.999846693009626031e-01
5.000000000000000000e-01 -3.256380213141896185e-04 2.498661365879594198e-01
5.000000000000000000e-01 2.699479774648425034e-01 3.646512699651150990e-01
1.054545007796752754e-01 5.000000000000000000e-01 1.504141605161376516e-01
8.847663341758441047e-02 5.000000000000000000e-01 8.367650672163426395e-02
5.000000000000000000e-01 -8.166739691550982394e-02 -1.052291968203777905e-01
5.000000000000000000e-01 -1.738091815116007965e-02 -5.638335313865331516e-02
5.000000000000000000e-01 -5.427985475081858330e-02 -2.354025402963907942e-01
5.000000000000000000e-01 1.766702318020800799e-01 -3.204105595878039003e-01
5.000000000000000000e-01 -7.171696118216738802e-02 -2.737952417874348066e-01
5.000000000000000000e-01 -7.155707589619250686e-02 -2.747833346402632770e-01
5.000000000000000000e-01 7.663048912315043038e-02 -4.160757349191208654e-01
-5.000000000000000000e-01 -3.995595412938784952e-01 -4.364350907943607694e-01
-5.000000000000000000e-01 -4.757243398877749607e-01 -2.692280498349080009e-01
-3.528690065331370196e-01 -5.000000000000000000e-01 -4.337331035782374666e-01
-4.036836130873039941e-01 -5.000000000000000000e-01 -3.194922867837544644e-01
-3.962201531745949690e-01 -4.855602375705090346e-01 -5.000000000000000000e-01
-2.926389694998802748e-01 -3.654213611399769190e-01 -5.000000000000000000e-01
-3.194870283575712566e-01 -2.822968811788337806e-01 -5.000000000000000000e-01
-5.000000000000000000e-01 -3.400913165821409234e-01 -4.317937739227805105e-01
8.847663341758443822e-02 -5.000000000000000000e-01 8.367650672163427783e-02
1.780932050434430869e-01 -5.000000000000000000e-01 -1.247353661392157642e-01
9.273857392847342784e-02 -5.000000000000000000e-01 -1.598820042546467701e-01
7.394965949521449533e-02 -5.000000000000000000e-01 6.441733211797907865e-02
3.089374693323371779e-01 5.000000000000000000e-01 3.665118360984654378e-01
1.034751618471462103e-01 5.000000000000000000e-01 1.561094654546162641e-01
1.380155296143876775e-01 5.000000000000000000e-01 3.015463272663009286e-01
-5.000000000000000000e-01 1.766702318020801077e-01 -3.204105595878039003e-01
-5.000000000000000000e-01 7.663048912315045813e-02 -4.160757349191208654e-01
-3.431999193848191410e-01 2.168253701317286453e-01 -5.000000000000000000e-01
-5.000000000000000000e-01 2.820395331425599728e-01 -3.565829170408829629e-01
-4.517885047851215585e-01 6.647513593784976083e-02 -5.000000000000000000e-01
-3.724999813244841973e-01 -9.041513066165771106e-02 -5.000000000000000000e-01
-3.660993491451732251e-01 -1.084454776591600722e-01 -5.000000000000000000e-01
-4.705933417986922773e-01 -1.199516578806257561e-01 -5.000000000000000000e-01
-1.442303026760338169e-01 5.000000000000000000e-01 3.791705277859888090e-01
1.021564332381368623e-01 5.000000000000000000e-01 3.492892314808342391e-01
-1.576469515949376413e-02 5.000000000000000000e-01 1.731257096306391963e-01
-1.496046806747224345e-01 5.000000000000000000e-01 3.726556227415310785e-01
2.770877582766010927e-01 1.743324048238869550e-01 5.000000000000000000e-01
1.437925663922457187e-01 3.549469743826649260e-01 5.000000000000000000e-01
1.549453287075771846e-01 1.536666336414833633e-01 5.000000000000000000e-01
1.094292140386090295e-01 2.247485493050542238e-01 5.000000000000000000e-01
1.286540084917755233e-01 3.528010537404375757e-01 5.000000000000000000e-01
1.071571158186724881e-01 3.108319056498477506e-01 5.000000000000000000e-01
-1.043586775082890050e-02 8.035075463147946240e-03 5.000000000000000000e-01
4.504102408320220796e-03 -5.364585362291510173e-02 5.000000000000000000e-01
1.309796095973206342e-01 6.559789587964723334e-02 5.000000000000000000e-01
1.305645246334657672e-01 -5.399319510574901448e-02 5.000000000000000000e-01
5.000000000000000000e-01 -3.797193925878997733e-01 3.034826118056170308e-01
5.000000000000000000e-01 -3.952067387129768461e-01 9.897179776386330619e-02
4.563263947649782160e-01 -5.000000000000000000e-01 1.019963752775137206e-01
4.375513530793587180e-01 -5.000000000000000000e-01 2.607500682459572561e-01
5.000000000000000000e-01 -4.329018832577640197e-01 3.500926962139658816e-01
4.790405429527850312e-01 -2.741823050137153772e-01 5.000000000000000000e-01
5.000000000000000000e-01 -2.179911879607885627e-01 4.402110007153026694e-01
5.000000000000000000e-01 -4.613399681676478847e-01 4.744508818997359989e-01
4.715559375238333462e-01 -4.321344556249438473e-01 5.000000000000000000e-01
5.000000000000000000e-01 -2.205515707412347426e-01 4.328530348265355321e-01
5.000000000000000000e-01 -4.366508219785883993e-01 3.955214001003986013e-01
5.000000000000000000e-01 -1.249231524589566322e-01 4.989067675553438552e-01
4.839753935859386624e-01 -1.280515005388345728e-01 5.000000000000000000e-01
4.654961846197745445e-01 -2.500495616181819813e-01 5.000000000000000000e-01
3.928370523496993449e-01 3.583334176254483472e-01 5.000000000000000000e-01
3.804619118838534209e-01 2.503013696201714100e-01 5.000000000000000000e-01
3.329929738083652335e-01 4.371863609511491000e-01 5.000000000000000000e-01
-3.808535233993627367e-01 4.618469641592982122e-01 5.000000000000000000e-01
-2.410409060455858676e-01 4.060596793687855088e-01 5.000000000000000000e-01
-3.294519350087603549e-01 2.278112390809853283e-01 5.000000000000000000e-01
-4.105532727967874940e-01 4.036565007158486318e-01 5.000000000000000000e-01
-2.649966200622375090e-01 2.315414035668613701e-01 5.000000000000000000e-01
-5.000000000000000000e-01 2.035883069314500526e-01 3.999846693009626031e-01
-5.000000000000000000e-01 1.407401556137206078e-01 4.125095420056112960e-01
-5.000000000000000000e-01 2.699479774648425034e-01 3.646512699651150990e-01
-5.000000000000000000e-01 3.318074158218812797e-01 1.605681593091385084e-01
-5.000000000000000000e-01 3.026188110990311597e-01 1.413976999009056157e-01
-5.000000000000000000e-01 3.353722467114460537e-01 2.130072321297748483e-01
-5.000000000000000000e-01 1.798268724108346150e-01 8.809277336631911315e-02
-5.000000000000000000e-01 -3.256380213142208435e-04 2.498661365879594198e-01
-1.367685834479765161e-01 -5.000000000000000000e-01 -1.103419077866008152e-01
-1.276084916213616194e-01 -5.000000000000000000e-01 -5.127185743302074133e-02
-8.469638211923063986e-02 -5.000000000000000000e-01 -1.936725618807301486e-01
6.723384814159652501e-02 -5.000000000000000000e-01 -1.838912483012173360e-01
-3.036885319151560458e-01 -1.638429516155900378e-01 -5.000000000000000000e-01
-2.958079997650173154e-01 -1.971138621790504974e-01 -5.000000000000000000e-01
-5.000000000000000000e-01 -1.500506216497511647e-01 -3.998600712468846075e-01
-5.000000000000000000e-01 -2.492420281535432103e-01 -3.272683940020507665e-01
-3.712065058247173699e-01 -3.505605942296292910e-02 -5.000000000000000000e-01
-5.000000000000000000e-01 -7.155707589619250686e-02 -2.747833346402632770e-01
-5.000000000000000000e-01 -2.490529500051261724e-01 -3.096421658067652349e-01
-5.000000000000000000e-01 -7.171696118216740190e-02 -2.737952417874348621e-01
-5.000000000000000000e-01 1.345084280749878347e-01 -1.406877056948891147e-01
-5.000000000000000000e-01 1.341540877945395782e-01 -1.406678492004018177e-01
-5.000000000000000000e-01 -5.427985475081856248e-02 -2.354025402963907387e-01
7.394965949521448145e-02 5.000000000000000000e-01 6.441733211797909253e-02
3.934730095811812545e-01 -4.700721297080817651e-01 -5.000000000000000000e-01
3.657762748692177657e-01 -5.000000000000000000e-01 -4.906786151942946206e-01
3.737985169884516790e-01 -4.746523289679239754e-01 -5.000000000000000000e-01
-2.410409060455858121e-01 4.060596793687855088e-01 -5.000000000000000000e-01
-2.649966200622375645e-01 2.315414035668613424e-01 -5.000000000000000000e-01
-1.241131731928045850e-01 4.750576343226440290e-01 -5.000000000000000000e-01
-3.106501550904087333e-03 3.119534139449569032e-01 -5.000000000000000000e-01
-7.191317470341174189e-02 2.200967271581836249e-01 -5.000000000000000000e-01
-1.721344025219656848e-01 1.772837847022986912e-01 -5.000000000000000000e-01
1.071571158186723910e-01 3.108319056498478061e-01 -5.000000000000000000e-01
-1.131824795655577975e-01 4.968571411022815187e-01 -5.000000000000000000e-01
-9.206348908618169902e-02 5.000000000000000000e-01 -2.345666852598958796e-01
-9.653408931657125880e-02 5.000000000000000000e-01 -2.375139598085261872e-01
-2.004745114181438748e-01 5.000000000000000000e-01 -4.097098210485616288e-01
-3.808535233993627367e-01 4.618469641592982677e-01 -5.000000000000000000e-01
-4.105532727967874940e-01 4.036565007158486318e-01 -5.000000000000000000e-01
-3.528690065331370196e-01 5.000000000000000000e-01 -4.337331035782374666e-01
-5.000000000000000000e-01 3.332155613071672295e-01 -3.535819403535434557e-01
-4.036836130873039941e-01 5.000000000000000000e-01 -3.194922867837544644e-01
-5.000000000000000000e-01 4.106449055907663293e-01 -2.721000911443253178e-01
-3.294519350087603549e-01 2.278112390809853005e-01 -5.000000000000000000e-01
-5.000000000000000000e-01 1.850148341132001051e-01 -9.435221127614970560e-02
-5.000000000000000000e-01 3.877521728733112072e-01 -1.753416643759394822e-01
-5.000000000000000000e-01 -6.384448650734361741e-02 4.817106362983116785e-01
-5.000000000000000000e-01 -4.159344252927399399e-02 2.463821139244300740e-01
-4.909549096468824314e-01 5.927421320011858757e-02 5.000000000000000000e-01
-2.816068970587667364e-01 5.000000000000000000e-01 2.986754843477215093e-01
-2.226632565661346985e-01 5.000000000000000000e-01 3.151016252650308269e-01
-1.330674135077564713e-01 5.000000000000000000e-01 1.649690417686954513e-01
-2.084715297887543839e-01 5.000000000000000000e-01 1.132042340866802194e-01
-2.165982877129989381e-01 5.000000000000000000e-01 1.013373627054124371e-01
-2.817913510084911199e-01 5.000000000000000000e-01 2.986768695244023664e-01
-3.411950254948071803e-01 5.000000000000000000e-01 1.119459054526667635e-01
-1.276084916213616471e-01 5.000000000000000000e-01 -5.127185743302076215e-02
-1.583996373854392459e-01 5.000000000000000000e-01 -3.005612421637600742e-02
-5.000000000000000000e-01 -9.510703458731604998e-02 2.168803706572962342e-01
-5.000000000000000000e-01 -2.205515707412347426e-01 4.328530348265354766e-01
-5.000000000000000000e-01 -2.306680101700608054e-01 3.597776950038051869e-01
-3.660993491451732806e-01 -1.084454776591600722e-01 5.000000000000000000e-01
-3.724999813244841973e-01 -9.041513066165773882e-02 5.000000000000000000e-01
-5.000000000000000000e-01 -2.179911879607885627e-01 4.402110007153026139e-01
-2.817913510084911199e-01 -5.000000000000000000e-01 2.986768695244023664e-01
-3.994384099784573650e-01 -5.000000000000000000e-01 3.903477454448580630e-01
-5.000000000000000000e-01 -4.329018832577640197e-01 3.500926962139658816e-01
-3.411950254948071803e-01 -5.000000000000000000e-01 1.119459054526667774e-01
-4.035127212556112730e-01 -5.000000000000000000e-01 7.429538966848632520e-02
-5.000000000000000000e-01 -3.952067387129768461e-01 9.897179776386329231e-02
-5.000000000000000000e-01 -3.797193925878997733e-01 3.034826118056170863e-01
-2.958079997650173709e-01 -1.971138621790505252e-01 5.000000000000000000e-01
-3.194870283575712566e-01 -2.822968811788336696e-01 5.000000000000000000e-01
-3.036885319151561013e-01 -1.638429516155900378e-01 5.000000000000000000e-01
5.000000000000000000e-01 -4.159344252927397317e-02 2.463821139244300740e-01
5.000000000000000000e-01 -9.510703458731604998e-02 2.168803706572962064e-01
5.000000000000000000e-01 -1.117081584767897207e-01 1.626424800077188038e-01
5.000000000000000000e-01 -7.753643476883814722e-03 3.332958381120543906e-02
5.000000000000000000e-01 -2.306680101700607499e-01 3.597776950038051869e-01
5.000000000000000000e-01 -3.092406028070844859e-01 3.742582254759357213e-02
5.000000000000000000e-01 -2.533501113803957594e-01 -6.587444718146770462e-02
5.000000000000000000e-01 -3.043972832472976453e-01 1.188536329345256728e-02
3.925644943502126227e-01 1.123261246103560429e-01 5.000000000000000000e-01
4.022293154624237421e-01 -6.748380624044300613e-02 5.000000000000000000e-01
4.594404555726221973e-01 -9.240512472637001096e-02 5.000000000000000000e-01
5.000000000000000000e-01 -6.384448650734353414e-02 4.817106362983116785e-01
1.733490678020820908e-01 -1.301608320663738827e-01 5.000000000000000000e-01
1.640102204488978754e-01 -2.624718707617874625e-01 5.000000000000000000e-01
2.874185250692903315e-01 -3.267885335164609217e-01 5.000000000000000000e-01
3.737985169884517345e-01 -4.746523289679239754e-01 5.000000000000000000e-01
3.934730095811810879e-01 -4.700721297080817651e-01 5.000000000000000000e-01
3.089374693323371779e-01 -5.000000000000000000e-01 3.665118360984654378e-01
-1.241131731928046267e-01 4.750576343226439735e-01 5.000000000000000000e-01
-3.106501550904080394e-03 3.119534139449568477e-01 5.000000000000000000e-01
-1.721344025219656848e-01 1.772837847022986912e-01 5.000000000000000000e-01
-7.191317470341179741e-02 2.200967271581835971e-01 5.000000000000000000e-01
-3.994384099784573094e-01 5.000000000000000000e-01 3.903477454448580630e-01
-4.085413295252472432e-01 5.000000000000000000e-01 4.719905786544941750e-01
-4.083320928766304148e-01 5.000000000000000000e-01 4.263755941948337291e-01
4.529644774379523731e-01 3.874839580073224932e-01 -5.000000000000000000e-01
3.928370523496993449e-01 3.583334176254484027e-01 -5.000000000000000000e-01
3.393190589316519845e-01 1.711170859378937370e-01 -5.000000000000000000e-01
3.804619118838534209e-01 2.503013696201714100e-01 -5.000000000000000000e-01
2.770877582766011482e-01 1.743324048238869550e-01 -5.000000000000000000e-01
-5.000000000000000000e-01 1.944170884901727167e-02 3.344060054121837655e-02
-5.000000000000000000e-01 1.763041311346348339e-01 8.180542045409865126e-02
-5.000000000000000000e-01 1.884445688112425521e-01 -6.681586963369748333e-02
-5.000000000000000000e-01 1.472720148989675737e-02 -6.585097410922144401e-02
-5.000000000000000000e-01 -7.753643476883770487e-03 3.332958381120539743e-02
-5.000000000000000000e-01 -1.117081584767897484e-01 1.626424800077187760e-01
-5.000000000000000000e-01 -1.738091815116011088e-02 -5.638335313865336373e-02
-5.000000000000000000e-01 -3.092406028070844304e-01 3.742582254759356519e-02
5.000000000000000000e-01 5.879112686672537808e-02 -4.947936024738539551e-01
4.594404555726221417e-01 -9.240512472636998320e-02 -5.000000000000000000e-01
3.925644943502126227e-01 1.123261246103560151e-01 -5.000000000000000000e-01
4.022293154624236866e-01 -6.748380624044299225e-02 -5.000000000000000000e-01
4.839753935859386624e-01 -1.280515005388345451e-01 -5.000000000000000000e-01
5.000000000000000000e-01 -1.500506216497512202e-01 -3.998600712468846075e-01
3.350368350490903757e-01 -5.000000000000000000e-01 -4.069164187117085829e-01
3.012872920225010964e-01 -5.000000000000000000e-01 -3.717607366700583782e-01
3.104013557008267754e-01 -5.000000000000000000e-01 -3.357609807778654809e-01
4.358824112584052668e-01 -5.000000000000000000e-01 -2.901652619280854495e-01
5.000000000000000000e-01 -4.757243398877749607e-01 -2.692280498349079454e-01
5.000000000000000000e-01 -3.995595412938784952e-01 -4.364350907943608804e-01
5.000000000000000000e-01 -2.490529500051261724e-01 -3.096421658067651239e-01
5.000000000000000000e-01 -2.492420281535432103e-01 -3.272683940020507665e-01
5.000000000000000000e-01 -3.400913165821408679e-01 -4.317937739227805105e-01
5.000000000000000000e-01 -4.441820071140011317e-01 -2.193977987366471927e-01
5.000000000000000000e-01 -3.198540380520609183e-01 -2.095920574664896507e-01
5.000000000000000000e-01 -3.943276856158490773e-01 -1.992378599665498295e-01
2.236454996215704039e-01 -5.000000000000000000e-01 -1.336307620985800193e-01
4.071479550191977465e-02 -5.000000000000000000e-01 -2.974336112520604702e-01
8.932197940806607672e-02 -5.000000000000000000e-01 -4.021547321667675035e-01
4.715559375238332906e-01 -4.321344556249438473e-01 -5.000000000000000000e-01
4.812745868208189726e-01 -5.000000000000000000e-01 -2.601887559453704424e-01
3.602730670154515868e-01 -5.000000000000000000e-01 -1.644188733770188954e-02
4.867746562912312891e-01 -5.000000000000000000e-01 -1.926867284845511508e-01
4.790405429527850867e-01 -2.741823050137153217e-01 -5.000000000000000000e-01
4.654961846197744890e-01 -2.500495616181819813e-01 -5.000000000000000000e-01
2.874185250692903870e-01 -3.267885335164610328e-01 -5.000000000000000000e-01
5.000000000000000000e-01 -2.936310714710984038e-01 -1.255130697319908895e-01
5.000000000000000000e-01 -3.261328766894449616e-01 -7.674138980543032673e-02
1.640102204488977922e-01 -2.624718707617874625e-01 -5.000000000000000000e-01
1.733490678020820630e-01 -1.301608320663737994e-01 -5.000000000000000000e-01
3.685395100483541686e-01 -5.000000000000000000e-01 3.343832268319803930e-02
-1.411723523685793347e-01 -3.952456965688330159e-01 -5.000000000000000000e-01
-1.067669453560868564e-01 -2.835614354931557668e-01 -5.000000000000000000e-01
-2.040067920182940808e-01 -1.751488786784483054e-01 -5.000000000000000000e-01
-2.062593651825809227e-01 -1.611761572205510640e-01 -5.000000000000000000e-01
-4.269580617226064745e-01 5.000000000000000000e-01 4.612568989111259232e-01
-5.000000000000000000e-01 3.979288423589437684e-01 4.880809520263101886e-01
-4.035127212556112730e-01 5.000000000000000000e-01 7.429538966848632520e-02
-5.000000000000000000e-01 4.506977336415770030e-01 9.072694279368059833e-02
-5.000000000000000000e-01 4.375218184568190893e-01 -1.428549824910491928e-01
-3.687604820782907078e-01 5.000000000000000000e-01 -8.994598140892678950e-02
-5.000000000000000000e-01 -4.366508219785884548e-01 3.955214001003987678e-01
-4.083320928766303592e-01 -5.000000000000000000e-01 4.263755941948336181e-01
-2.926389694998802193e-01 -3.654213611399769190e-01 5.000000000000000000e-01
-2.537205401668755078e-01 5.000000000000000000e-01 -4.017545816456449814e-01
-3.124099712943790297e-01 5.000000000000000000e-01 -2.760165689809163103e-01
-2.702212840870827915e-01 5.000000000000000000e-01 -1.853679192951299959e-01
-2.722459473896733928e-01 5.000000000000000000e-01 -1.506833291208536374e-01
-8.469638211923061211e-02 5.000000000000000000e-01 -1.936725618807301208e-01
-1.808380715567072250e-01 5.000000000000000000e-01 -1.038566960117550259e-01
-1.367685834479765161e-01 5.000000000000000000e-01 -1.103419077866008152e-01
3.393190589316519290e-01 1.711170859378937092e-01 5.000000000000000000e-01
-3.431999193848191410e-01 2.168253701317286730e-01 5.000000000000000000e-01
-4.517885047851216140e-01 6.647513593784974695e-02 5.000000000000000000e-01
-3.712065058247173144e-01 -3.505605942296290828e-02 5.000000000000000000e-01
-1.330674135077564713e-01 -5.000000000000000000e-01 1.649690417686955346e-01
-1.576469515949371555e-02 -5.000000000000000000e-01 1.731257096306391685e-01
-2.165982877129988826e-01 -5.000000000000000000e-01 1.013373627054123538e-01
-2.084715297887542174e-01 -5.000000000000000000e-01 1.132042340866803859e-01
1.054545007796752337e-01 -5.000000000000000000e-01 1.504141605161377349e-01
1.034751618471461687e-01 -5.000000000000000000e-01 1.561094654546163751e-01
-1.583996373854392459e-01 -5.000000000000000000e-01 -3.005612421637600395e-02
1.380155296143876775e-01 -5.000000000000000000e-01 3.015463272663009842e-01
5.000000000000000000e-01 2.820395331425599728e-01 -3.565829170408829629e-01
5.000000000000000000e-01 3.332155613071672295e-01 -3.535819403535434557e-01
5.000000000000000000e-01 4.106449055907663848e-01 -2.721000911443253178e-01
-5.000000000000000000e-01 -8.166739691550982394e-02 -1.052291968203778044e-01
-9.206348908618172677e-02 -5.000000000000000000e-01 -2.345666852598959073e-01
-9.653408931657127268e-02 -5.000000000000000000e-01 -2.375139598085262427e-01
-2.004745114181439025e-01 -5.000000000000000000e-01 -4.097098210485615732e-01
-2.537205401668754523e-01 -5.000000000000000000e-01 -4.017545816456449814e-01
-3.124099712943790852e-01 -5.000000000000000000e-01 -2.760165689809163658e-01
-2.702212840870827915e-01 -5.000000000000000000e-01 -1.853679192951299959e-01
-1.395174011721374008e-01 3.124812376333717390e-02 -5.000000000000000000e-01
-1.255838294773385377e-01 -5.597373774164698945e-02 -5.000000000000000000e-01
-4.295233237421862416e-02 -7.038462985932217308e-02 -5.000000000000000000e-01
-1.043586775082881724e-02 8.035075463147939301e-03 -5.000000000000000000e-01
4.504102408320234674e-03 -5.364585362291510173e-02 -5.000000000000000000e-01
-1.657689867401788697e-01 7.183405723011988819e-02 -5.000000000000000000e-01
-4.796869303092822501e-02 -2.787221444032459416e-01 -5.000000000000000000e-01
1.094292140386089740e-01 2.247485493050543071e-01 -5.000000000000000000e-01
1.549453287075771568e-01 1.536666336414833356e-01 -5.000000000000000000e-01
1.305645246334658227e-01 -5.399319510574898673e-02 -5.000000000000000000e-01
1.309796095973206342e-01 6.559789587964726110e-02 -5.000000000000000000e-01
7.239237905824361108e-02 -3.285967238677061641e-01 -5.000000000000000000e-01
-1.657689867401788697e-01 7.183405723011988819e-02 5.000000000000000000e-01
-1.395174011721374008e-01 3.124812376333720165e-02 5.000000000000000000e-01
-1.255838294773385377e-01 -5.597373774164702415e-02 5.000000000000000000e-01
-4.295233237421863803e-02 -7.038462985932215921e-02 5.000000000000000000e-01
-2.062593651825808672e-01 -1.611761572205510362e-01 5.000000000000000000e-01
3.636491983559405478e-02 -4.065299101241551250e-01 5.000000000000000000e-01
7.239237905824354169e-02 -3.285967238677062197e-01 5.000000000000000000e-01
-1.282899983757710138e-01 -4.106510752214819759e-01 5.000000000000000000e-01
-1.411723523685792514e-01 -3.952456965688330714e-01 5.000000000000000000e-01
-4.796869303092822501e-02 -2.787221444032459972e-01 5.000000000000000000e-01
-1.067669453560868009e-01 -2.835614354931557668e-01 5.000000000000000000e-01
3.550759577865221506e-02 -4.758683374499310115e-01 5.000000000000000000e-01
1.021564332381368345e-01 -5.000000000000000000e-01 3.492892314808342391e-01
-1.496046806747223235e-01 -5.000000000000000000e-01 3.726556227415311895e-01
-1.442303026760337059e-01 -5.000000000000000000e-01 3.791705277859889200e-01
-2.816068970587667364e-01 -5.000000000000000000e-01 2.986754843477215093e-01
-2.226632565661346708e-01 -5.000000000000000000e-01 3.151016252650308824e-01
-1.120647877480582255e-01 -5.000000000000000000e-01 4.983029564816897627e-01
-2.040067920182940531e-01 -1.751488786784483054e-01 5.000000000000000000e-01
-5.000000000000000000e-01 -3.198540380520608628e-01 -2.095920574664896230e-01
-5.000000000000000000e-01 -2.936310714710982372e-01 -1.255130697319905286e-01
-5.000000000000000000e-01 -2.533501113803958704e-01 -6.587444718146764910e-02
-3.687604820782907633e-01 -5.000000000000000000e-01 -8.994598140892680338e-02
-5.000000000000000000e-01 -4.441820071140010762e-01 -2.193977987366472204e-01
-5.000000000000000000e-01 -3.943276856158491883e-01 -1.992378599665499128e-01
-5.000000000000000000e-01 -3.261328766894449060e-01 -7.674138980543011856e-02
-5.000000000000000000e-01 -3.043972832472976453e-01 1.188536329345251871e-02
-2.722459473896734483e-01 -5.000000000000000000e-01 -1.506833291208536652e-01
-1.808380715567072805e-01 -5.000000000000000000e-01 -1.038566960117550536e-01
3.636491983559405478e-02 -4.065299101241551805e-01 -5.000000000000000000e-01
-1.282899983757709028e-01 -4.106510752214821980e-01 -5.000000000000000000e-01
