625 1249
421 407
871 872
527 1196
598 597
350 1221
94 1179
299 566
938 1047
392 385
384 381
591 594
861 863
686 682
729 909
935 1014
1012 1305
454 1204
927 930
807 1295
1005 849
937 1282
1000 999
1131 1110
309 593
772 354
475 476
1045 512
354 515
1131 1331
239 119
432 434
620 1256
1020 455
59 683
539 533
206 207
280 1233
819 816
579 309
509 510
560 970
520 519
1067 1066
1139 1171
1099 1098
198 59
593 1003
498 765
25 24
1136 1138
106 506
575 576
823 827
308 232
912 1164
1133 1132
151 248
605 604
1169 1171
379 377
653 387
642 643
605 316
674 675
44 508
364 369
186 103
103 105
143 141
675 676
667 672
122 1021
455 264
446 444
486 480
962 1290
726 727
459 234
157 161
136 138
781 779
719 718
180 181
1078 1314
1040 1039
1011 1012
227 750
378 16
169 171
771 505
187 76
584 386
202 204
1043 1049
482 487
246 247
1077 1078
279 280
138 1286
6 5
226 45
652 382
563 304
348 1220
873 875
351 570
869 1258
1122 1321
305 274
571 573
846 512
299 788
342 341
113 1216
914 912
997 946
43 44
173 648
531 1223
551 42
915 913
1113 977
430 426
356 360
119 533
739 1275
641 874
1116 1167
814 573
1013 1011
1022 1016
474 473
1000 1077
740 363
744 742
769 772
622 344
507 506
810 809
567 822
260 256
983 1145
1042 1051
481 489
522 527
820 858
863 1291
1113 1111
13 12
544 545
824 828
803 805
844 843
876 875
1059 502
261 113
107 1182
138 128
264 267
79 487
486 725
71 74
90 87
586 174
82 83
792 279
652 650
720 1267
262 315
374 376
644 645
137 140
1075 1097
695 696
439 218
149 150
242 463
946 1287
93 483
255 253
473 475
485 486
353 150
474 476
245 244
817 815
1068 1071
1120 1081
19 17
542 961
850 848
63 60
1009 1021
1109 1108
241 246
548 546
561 565
581 580
205 409
1153 1151
1163 1164
190 20
314 315
344 343
720 1214
1164 1165
700 127
1176 1139
647 646
454 1203
807 1294
258 47
75 191
389 387
982 981
709 706
411 410
1025 798
983 981
629 569
497 270
177 588
1168 1112
465 466
630 570
903 728
235 269
480 482
27 11
719 727
886 904
635 1262
218 216
251 250
1082 1081
749 755
979 988
954 1318
4 0
783 784
147 686
243 245
790 792
300 407
554 552
425 407
135 1207
436 1230
15 14
835 836
867 868
601 340
18 19
358 353
350 120
437 1231
900 901
380 377
426 344
460 257
587 1240
952 948
519 1194
690 682
81 80
536 1224
613 615
125 123
904 907
14 26
1094 1153
1108 822
934 935
85 86
926 931
939 1050
989 987
785 1288
1085 1329
687 685
322 938
197 412
439 440
881 636
978 977
1022 266
169 170
937 1284
391 399
95 486
771 769
475 478
807 951
232 82
137 110
524 519
70 20
786 784
401 979
1037 1040
405 275
517 516
520 521
239 242
1099 1100
579 576
571 572
949 783
376 778
1052 1061
575 578
882 878
394 386
420 295
896 898
88 87
789 543
1147 1154
380 115
210 192
163 117
570 1212
929 931
331 338
595 39
1006 1007
326 1019
124 130
884 901
1062 1087
187 186
966 970
626 642
966 561
737 738
49 72
589 1300
209 210
708 711
191 192
1032 1037
548 1198
770 771
538 156
793 791
501 503
1073 1074
224 225
1065 1070
556 555
782 781
275 276
1106 1107
211 1185
850 1001
922 1026
1095 1097
811 1237
1107 1108
319 318
672 622
837 838
807 1075
201 219
573 1260
39 40
764 561
582 584
94 92
65 214
633 635
1165 1170
884 891
241 147
375 376
1093 1150
430 428
689 688
1048 1035
1020 1016
1140 1332
153 155
462 236
99 184
923 976
440 742
583 382
685 21
77 430
1062 1310
1036 1038
615 450
1087 1083
508 509
1091 1089
1124 1123
176 301
573 574
876 877
1115 1159
166 372
475 1192
107 1183
799 922
132 50
906 905
957 47
78 79
209 190
90 89
669 668
414 415
112 113
972 971
943 944
975 976
163 689
932 934
453 262
757 753
137 142
1005 1004
1013 1306
976 977
396 402
407 411
100 260
189 188
144 940
766 1023
193 78
1024 1138
1050 1047
462 468
831 1246
773 775
4 35
853 1304
1083 1080
135 1206
1156 1150
838 840
277 278
887 881
406 428
801 549
30 28
144 1180
289 288
422 409
1141 1142
1174 1176
613 614
311 312
449 362
1175 1140
905 907
7 22
938 940
469 461
590 342
937 1283
712 713
960 964
691 690
939 941
472 243
669 671
742 741
233 226
885 906
620 1257
223 441
196 195
1096 1089
57 674
776 361
1102 1169
214 212
806 1027
746 747
129 699
1005 1007
1097 1090
339 1264
779 780
723 211
251 252
262 261
109 842
240 242
72 249
1144 1143
230 85
54 88
842 841
845 846
61 392
1148 1149
306 308
347 346
1128 1325
429 415
609 611
339 341
952 950
1159 1163
326 933
383 384
1143 1155
682 680
661 657
941 940
33 42
933 936
332 338
208 388
635 641
95 102
114 115
646 650
727 724
716 714
837 595
147 148
479 478
1068 1309
450 451
1013 528
759 532
442 447
284 10
741 743
221 219
579 830
956 259
91 1184
222 443
963 972
1084 1082
181 182
855 621
424 663
83 370
262 1217
775 777
247 249
198 207
63 19
21 22
728 701
80 71
881 880
852 853
206 67
1151 1149
920 1136
321 319
361 355
1101 919
37 2
604 607
43 45
84 83
476 458
874 876
915 914
354 352
346 348
918 919
605 608
35 306
616 617
23 188
594 40
987 380
490 477
327 599
900 906
782 505
372 378
1114 1100
165 164
767 498
445 447
416 649
416 420
497 494
785 552
437 1213
907 886
98 488
1039 1042
958 1117
826 1239
797 791
823 929
1028 1032
578 832
852 843
778 777
814 816
260 1187
533 537
888 1273
585 584
811 810
283 282
129 898
553 551
706 730
673 58
434 716
792 1234
216 902
319 320
624 1250
320 321
1161 1166
1091 1101
600 1218
1142 1152
914 916
359 514
385 386
405 401
156 154
984 980
98 478
908 612
55 516
925 930
1170 1106
437 438
788 1228
751 750
205 204
525 523
752 751
108 500
991 996
84 63
865 628
274 303
705 81
246 470
1046 1048
558 556
677 693
809 812
417 208
556 403
788 789
828 825
1118 1317
844 1248
52 195
868 638
494 1065
839 840
810 813
330 325
669 428
404 390
23 24
1154 1116
1002 1299
558 304
985 786
884 883
859 826
502 1046
577 582
899 224
978 517
389 388
1168 1172
1160 1168
194 557
422 421
759 1009
452 443
920 926
555 276
152 151
131 128
355 1041
1158 1099
229 227
1116 1102
547 802
1068 1062
175 27
459 460
1027 1313
756 1061
871 633
1061 1059
112 501
550 1200
1053 1055
318 1298
1043 336
864 859
543 544
824 822
1064 1069
1104 1105
263 117
1127 1125
587 586
835 837
639 633
51 346
285 284
1045 1055
12 800
1144 805
599 596
92 91
868 1259
1121 1322
643 644
763 560
614 617
521 1222
665 662
953 949
425 421
396 394
676 677
994 1103
734 618
159 158
130 131
701 706
406 34
1115 1105
454 456
96 897
1041 1039
173 177
310 591
1082 1330
724 725
866 629
398 295
679 165
983 805
369 88
273 529
185 187
757 758
258 257
645 666
798 796
1078 1079
546 1199
259 258
1111 1112
1122 1121
820 819
812 815
91 121
1144 1145
110 134
1123 1122
882 879
627 626
905 899
897 895
660 659
927 923
282 856
366 361
120 565
638 640
982 975
328 334
693 692
712 705
971 965
351 1211
223 168
524 245
1056 780
705 702
413 414
664 670
774 1030
974 975
198 196
645 656
1060 755
113 503
302 173
760 759
942 1311
381 582
461 462
523 522
1076 1000
1057 758
1062 1065
294 290
830 1245
217 223
16 53
423 291
804 806
484 1195
1095 1098
47 943
546 547
145 203
681 363
745 756
609 603
29 28
1148 997
312 316
52 914
590 589
631 627
94 93
544 967
654 610
806 973
1173 1175
916 1104
623 622
298 8
452 66
1086 1063
116 153
128 127
948 949
967 962
678 679
1010 1009
161 160
758 1053
25 7
431 429
777 694
970 972
1014 1015
549 12
456 1016
294 51
496 6
123 169
833 1243
777 779
1 292
1047 1048
467 473
818 816
260 259
1024 920
2 0
272 535
833 831
1113 1114
13 15
685 673
283 284
795 804
1000 1093
1114 1115
1146 1147
597 596
1169 1167
336 146
316 317
928 924
661 351
918 767
902 908
360 359
511 757
611 615
803 785
1035 1028
714 713
685 686
135 133
5 23
265 328
186 184
629 870
710 715
1009 1011
477 247
801 982
201 200
1053 1054
220 707
268 518
1163 1105
481 482
765 915
784 785
416 389
795 794
589 317
34 64
77 434
368 89
817 818
237 243
989 781
194 52
722 437
588 586
637 887
850 851
269 1197
6 495
548 549
365 693
333 332
20 21
1172 1167
57 168
851 852
1131 1135
634 854
355 356
86 231
654 652
53 54
924 921
106 554
895 894
377 114
440 170
739 732
97 96
754 366
418 417
917 918
894 1271
990 988
928 927
225 1276
455 1205
1067 1091
979 978
1070 1096
950 951
410 412
454 455
159 49
746 748
317 342
168 362
980 277
208 206
1008 1013
179 408
349 294
26 278
37 553
824 1238
216 704
477 479
1049 1050
540 535
780 782
219 220
812 814
813 815
702 81
891 734
766 968
285 286
606 229
890 891
1005 1301
868 872
839 845
691 681
988 379
286 861
457 1008
125 126
956 957
318 32
451 67
945 947
986 985
256 465
436 432
787 101
450 452
192 193
9 337
184 189
491 489
483 485
910 738
753 754
413 197
236 235
862 926
539 538
819 821
745 755
172 744
1129 1126
1149 1141
1119 1118
527 1191
1130 1127
55 164
41 37
292 293
277 393
1152 1151
324 325
1155 1156
992 375
627 628
834 841
894 892
1133 1137
357 358
36 43
668 665
1004 1302
660 661
171 124
390 391
1098 514
179 64
431 199
690 688
1109 1166
1156 1098
146 152
885 900
500 1058
59 678
675 681
735 732
834 36
136 143
760 761
847 500
490 491
739 1280
770 774
69 89
1103 1100
1029 1034
793 794
228 82
695 371
815 287
472 479
1084 1086
564 562
955 1121
281 1210
302 296
855 854
473 1188
325 136
55 275
859 860
586 585
814 1255
995 375
557 558
58 57
528 760
61 62
309 313
328 326
1174 1137
892 893
1130 1326
619 618
783 986
1055 511
320 587
73 72
397 398
187 179
315 1002
116 155
648 653
591 1244
383 90
936 1285
730 728
172 171
848 311
464 465
711 714
458 1193
1043 1044
121 211
194 195
374 162
534 529
830 1241
744 747
583 650
227 228
97 527
764 1107
322 502
1052 756
670 425
316 1208
224 604
373 696
508 512
1026 1112
1091 1092
1138 1173
563 564
999 1296
667 621
809 1253
593 592
323 322
367 365
637 634
1076 1090
1088 1064
273 357
457 932
940 937
876 1263
100 960
610 882
297 571
958 954
134 135
921 923
994 993
1151 1333
352 357
393 395
692 691
91 93
411 412
1006 1003
466 464
731 884
8 180
995 993
626 867
747 748
230 229
1031 772
408 415
667 1209
791 790
952 515
762 763
810 1236
773 778
301 819
255 523
463 472
267 268
566 564
857 856
909 903
969 545
340 602
348 1219
1161 1160
31 32
684 677
363 362
403 398
662 658
53 56
64 65
1080 762
968 966
592 306
418 419
400 401
148 149
1024 1308
699 697
399 405
163 165
22 189
787 1227
994 996
307 29
701 1266
432 438
991 990
236 5
559 924
487 490
1038 513
97 484
640 1261
1106 913
252 98
820 1251
488 491
507 504
322 50
845 499
802 803
550 551
1049 1052
529 528
33 32
115 510
219 222
510 780
861 857
833 646
364 167
456 1226
898 897
1145 1146
337 335
329 331
680 674
100 99
936 600
451 442
66 222
964 963
384 388
683 684
468 467
1123 956
155 156
1135 1110
698 700
256 467
651 588
539 118
120 543
989 992
716 717
181 64
167 166
731 733
257 468
1019 1020
104 1129
9 74
745 142
720 723
857 283
712 719
1060 1057
764 766
268 333
911 1279
254 255
244 241
1074 1076
215 708
73 215
908 900
879 873
916 117
871 869
1119 1120
1143 1148
1162 1161
94 1177
1092 1102
221 729
1163 1162
84 86
103 99
1056 1036
667 666
365 364
1137 1109
708 703
1059 1046
649 653
200 418
56 404
172 170
774 504
383 390
791 1292
1041 1033
711 75
1070 273
153 687
435 436
18 4
538 534
578 341
329 131
800 799
480 1189
397 302
954 1122
366 692
844 847
826 829
866 865
888 624
553 554
1154 1152
1032 934
877 880
608 606
648 642
335 331
888 889
889 625
649 643
62 29
619 620
102 101
339 831
941 936
755 108
574 1202
124 125
715 709
995 992
127 130
616 443
180 178
707 710
751 753
190 191
46 183
493 494
183 188
463 471
537 536
235 234
1087 1088
507 513
1139 1135
647 1242
570 569
42 41
889 880
993 263
548 550
1124 1128
870 866
158 746
13 1235
1 8
644 639
725 713
1023 1081
323 324
655 654
676 448
666 663
658 659
917 919
307 581
109 108
961 962
688 687
678 673
447 368
106 38
167 54
703 702
367 753
843 453
118 48
765 762
436 623
942 1069
150 122
1090 1089
1072 1071
511 509
799 796
537 238
562 560
858 1252
614 607
606 603
955 1319
585 580
252 254
526 265
792 793
296 297
288 293
352 457
577 575
825 826
1045 1058
337 334
209 414
329 330
1134 1023
79 75
105 213
30 33
370 367
60 61
981 786
684 679
1018 933
395 396
474 460
280 1293
953 952
931 821
880 1265
536 520
126 127
159 161
961 965
132 323
721 723
776 775
495 496
506 505
226 228
559 517
1037 1044
1132 824
973 1312
496 497
300 293
11 10
529 530
521 526
78 185
732 709
562 563
1155 1157
594 595
278 395
399 276
78 77
70 73
377 373
921 1111
158 680
513 499
132 133
111 110
124 49
901 909
133 134
353 1040
694 695
735 733
327 264
1026 1025
177 176
997 998
676 683
174 27
1019 1022
419 203
1030 1031
531 530
962 1125
349 818
288 659
875 339
1033 776
1063 1064
576 308
265 266
484 719
459 1225
1085 1088
524 526
1104 1101
1096 1097
16 56
15 11
827 829
381 68
1074 1078
5 46
298 299
1129 1130
601 602
698 126
298 564
860 862
919 768
671 666
602 603
154 147
612 616
664 663
635 636
882 885
1033 1054
139 1181
893 1268
427 426
999 997
210 199
471 240
649 655
150 154
18 114
68 609
162 164
140 225
1014 1018
1025 1027
774 1036
195 197
767 768
1058 1060
1158 1147
829 828
256 1186
800 801
1051 1057
849 842
715 433
789 1232
1092 1094
444 613
1136 1137
596 598
35 36
1133 1131
48 240
68 69
1039 157
980 974
1007 848
514 1095
630 632
670 668
1118 944
929 928
372 373
752 743
922 925
954 957
557 912
761 1281
397 402
769 948
984 985
176 174
836 592
955 958
516 996
119 48
449 448
729 731
1017 1018
489 490
546 795
492 495
803 945
730 732
220 710
441 449
493 496
123 139
483 1190
910 1278
504 770
622 618
821 827
301 303
600 599
896 332
31 33
1042 157
724 485
991 978
342 340
939 330
17 400
787 1327
105 104
324 142
657 351
655 656
1079 1063
519 237
149 146
969 968
408 406
448 442
469 7
1003 1303
480 102
1002 1001
1021 1014
441 439
433 435
721 722
525 518
703 704
42 1201
87 63
164 166
736 737
575 231
80 697
802 804
540 538
1072 1073
1037 935
314 311
740 748
565 567
955 1320
832 831
2 984
555 559
466 481
568 349
566 568
639 638
182 542
610 611
212 76
89 85
1157 1158
175 274
1176 1171
498 24
503 1215
1067 1084
672 671
651 648
111 109
944 492
368 445
898 1270
392 393
122 532
338 129
417 422
976 974
1016 1010
1012 1307
658 664
435 735
1038 1034
458 459
371 162
461 464
285 796
1027 1141
930 305
50 112
470 469
631 423
768 1066
1110 766
345 145
662 1
178 971
3 36
890 619
587 581
754 758
846 841
1086 1088
904 1277
0 3
291 295
270 272
849 851
1174 1173
41 40
998 1297
1124 1323
893 894
303 305
591 592
699 1272
624 625
143 172
184 964
736 1274
107 106
878 886
70 75
429 422
310 321
959 1289
141 140
1004 1003
217 215
313 1006
96 254
360 263
111 233
237 458
499 1247
250 248
607 140
568 823
743 446
958 1316
266 521
492 46
542 541
41 30
1080 1119
25 22
34 665
14 12
656 419
1093 1094
58 204
1104 1103
336 328
1004 836
1126 1127
911 910
1128 1324
617 612
641 640
811 1254
892 896
1159 1160
1170 1169
343 345
631 632
334 525
413 409
968 1315
1015 1008
947 953
65 76
515 950
697 698
737 734
1071 530
682 160
145 221
1126 960
701 704
741 740
116 917
213 212
203 427
632 424
1054 1056
424 660
217 218
878 601
45 749
269 493
350 567
797 798
290 292
862 863
272 540
313 312
1165 1166
148 244
603 230
874 873
733 345
356 358
969 967
933 1044
925 286
387 382
371 374
895 1269
360 773
722 717
101 104
152 335
640 647
253 9
423 420
44 509
347 287
445 444
343 433
984 987
541 8
28 277
347 817
1028 1029
746 1051
427 431
500 501
1073 808
271 269
1029 1030
234 238
253 251
13 10
196 391
832 830
231 232
847 846
534 535
1146 1142
38 39
869 870
300 304
92 1178
651 647
71 72
858 860
250 74
902 903
281 290
60 62
990 378
1150 1153
287 1229
385 383
656 883
947 946
726 718
400 404
965 182
699 700
1034 1035
621 637
761 531
17 379
289 572
1075 1072
1024 1026
297 289
1068 1069
580 577
839 837
238 239
249 248
333 327
532 536
584 583
872 870
271 272
883 879
717 438
1134 1135
986 1157
1162 559
832 833
865 867
1175 1172
307 310
359 357
26 31
67 69
913 763
369 370
636 634
628 630
887 890
410 178
402 403
141 139
1015 932
522 96
1082 1328
1083 1066
694 696
193 185
706 707
394 175
963 183
738 739
488 484
207 205
679 689
199 201
750 749
233 608
446 752
66 202
720 726
200 202
151 160
1031 1033
470 471
494 270
794 797
3 38
271 118
296 291
835 834
