1295 1232
1276 1308
1253 1322
1214 1316
1183 1211
1251 1318
1185 1320
1306 1326
1241 1193
1216 1274
1270 1328
1254 1319
1240 1225
1249 1184
1180 1296
1275 1238
1298 1197
1199 1311
1261 1186
1215 1256
1244 1224
1280 1221
1303 1222
1245 1194
1255 1321
1258 1227
1218 1314
1288 1210
1252 1317
1301 1203
1247 1209
1266 1331
1305 1327
1297 1219
1285 1213
1300 1271
1242 1188
1287 1228
1263 1195
1268 1329
1206 1312
1286 1333
1262 1189
1260 1323
1302 1226
1181 1332
1235 1310
1207 1313
1248 1257
1304 1204
1264 1196
1283 1230
1201 1223
1182 1212
1198 1309
1278 1220
1246 1191
1307 1325
1284 1231
1200 1202
1299 1234
1205 1179
1281 1324
1277 1291
1282 1279
1259 1187
1267 1315
1243 1192
1250 1237
1294 1290
1265 1190
1273 1239
1208 1292
1293 1236
1272 1330
