257 253
42 655
489 490
339 641
450 562
386 372
545 547
545 339
10 13
542 541
111 108
425 681
581 579
399 175
448 754
589 927
199 84
75 74
397 245
338 336
539 766
353 352
130 409
451 299
331 333
483 712
447 830
292 445
385 389
433 434
418 417
13 1
74 466
489 837
445 444
147 152
170 775
118 235
185 186
252 250
502 499
595 920
454 702
209 213
452 778
530 528
294 331
504 508
141 128
304 306
166 782
551 552
145 798
382 835
479 351
13 120
110 653
486 713
9 19
579 844
266 620
580 581
340 349
479 709
172 609
167 164
124 127
538 889
555 132
415 738
224 638
207 389
196 4
233 237
256 227
388 374
143 129
424 679
282 283
99 328
530 749
38 39
285 429
100 610
164 358
263 578
296 30
467 551
541 769
503 276
373 372
498 579
211 205
130 102
383 659
281 757
225 112
82 408
538 592
529 448
462 461
484 33
368 651
436 437
44 65
396 92
420 424
122 617
466 467
32 368
128 72
171 590
246 248
494 493
94 459
518 413
15 16
198 307
407 80
427 440
94 325
576 538
536 62
531 58
306 308
24 28
543 546
447 597
315 313
578 577
100 130
328 332
339 341
65 106
64 66
319 154
210 25
129 128
361 365
602 870
426 956
443 538
135 35
356 290
238 366
453 519
133 134
585 858
384 850
426 427
576 894
450 880
268 262
432 434
189 91
206 212
63 57
226 906
113 168
535 537
298 334
504 303
32 105
334 337
585 848
162 290
40 149
364 365
335 338
520 748
346 347
121 23
135 134
190 179
396 397
376 375
276 261
549 566
408 407
206 204
574 248
594 910
368 105
602 958
368 729
209 212
452 777
588 871
101 603
601 46
205 12
291 862
257 255
106 63
269 273
162 886
142 299
31 133
309 312
156 319
555 557
86 397
161 53
503 578
347 546
564 567
586 522
102 101
479 708
352 113
23 611
228 73
382 381
565 568
581 845
393 390
296 445
39 151
105 106
489 947
403 404
202 200
366 795
407 410
162 161
3 27
471 470
174 178
192 191
176 183
224 637
226 228
177 184
521 522
502 501
595 922
510 418
180 194
366 254
544 447
383 336
598 932
78 77
154 40
291 865
251 903
599 933
113 353
371 827
108 107
23 100
576 841
381 728
356 354
348 350
388 386
570 575
301 421
134 35
313 670
229 116
564 445
377 735
583 857
545 787
247 385
496 456
77 198
455 739
199 198
202 203
357 166
165 693
525 519
590 874
281 625
277 278
251 254
288 287
5 6
163 315
62 56
289 288
35 36
2 8
308 309
319 318
17 938
572 574
304 278
530 751
557 559
594 593
107 241
72 141
374 573
157 634
481 366
563 800
237 433
228 593
122 268
533 888
596 476
562 875
432 433
409 412
589 504
436 439
496 813
21 147
233 229
226 905
539 435
493 494
474 473
507 868
11 12
53 355
1 3
523 524
164 315
591 885
290 360
585 583
403 558
250 397
576 540
303 305
141 799
242 493
585 847
588 142
427 951
395 246
507 455
307 311
578 579
58 375
339 101
488 717
314 671
591 898
79 465
423 422
568 806
159 160
58 733
577 856
42 944
17 37
376 732
417 137
563 803
597 915
229 432
304 505
499 500
221 222
51 41
249 250
232 231
525 584
145 832
516 416
56 55
310 202
279 280
159 623
158 281
280 281
285 594
425 682
428 762
283 286
556 557
50 52
400 393
107 71
349 246
246 570
283 402
159 22
567 446
489 838
212 208
442 440
47 267
192 190
375 487
162 646
185 187
594 912
227 228
430 432
465 467
495 497
452 779
47 618
267 266
530 529
290 783
14 15
38 689
42 43
270 413
279 624
62 439
251 902
43 44
132 121
317 318
99 98
244 674
154 146
531 756
496 724
349 350
360 359
109 106
154 632
393 392
371 373
538 890
289 687
564 550
20 8
569 246
544 597
590 873
459 496
471 472
32 57
491 494
19 20
291 497
495 499
409 556
76 6
99 329
572 370
530 750
520 587
64 97
71 4
519 743
558 559
434 283
191 315
392 386
139 416
562 789
378 725
483 325
116 120
170 877
451 879
194 193
232 20
366 481
166 167
357 643
410 412
569 350
466 468
586 864
390 90
344 825
142 602
165 695
590 876
585 165
51 49
532 940
533 534
568 566
598 924
136 260
161 356
598 527
518 521
311 206
337 298
262 406
58 533
272 277
307 310
112 169
561 559
100 131
204 119
590 589
41 181
582 584
139 137
380 379
359 356
568 805
377 727
585 859
372 34
278 505
90 99
416 417
21 42
541 288
9 308
473 475
554 411
259 462
44 652
225 227
261 259
449 814
33 718
493 496
456 462
463 91
305 128
96 396
571 828
398 8
284 286
100 604
375 54
367 667
489 896
600 937
532 943
242 495
138 414
173 264
314 316
354 353
100 102
144 142
397 395
306 180
443 435
206 126
155 156
557 406
594 911
487 32
465 466
112 364
131 172
543 785
376 734
53 957
197 196
204 309
200 201
384 854
352 642
439 441
306 193
480 481
220 223
499 502
15 460
509 510
365 352
240 143
123 219
425 684
224 339
527 860
602 599
161 936
100 446
293 543
118 18
342 345
226 362
240 480
204 203
602 451
243 241
427 897
567 555
447 810
222 124
235 234
595 923
31 607
115 206
351 909
140 677
300 128
245 249
591 243
279 626
88 86
313 314
63 32
355 354
599 934
69 70
528 752
89 295
89 87
117 115
345 346
576 842
560 261
143 141
484 325
244 676
306 14
341 348
399 396
421 420
388 283
37 192
172 612
341 215
380 207
403 408
437 438
422 421
586 863
593 908
602 952
457 459
452 771
231 437
515 511
449 882
48 278
165 694
492 849
60 17
240 238
595 547
479 478
490 282
278 419
501 259
234 236
16 48
142 507
582 267
112 168
312 206
392 34
553 554
573 571
48 51
122 666
308 310
378 369
33 7
218 101
363 706
592 427
533 948
446 564
323 324
374 371
519 745
78 81
187 179
184 41
157 635
478 594
413 269
483 327
522 505
146 147
564 801
451 881
153 636
527 520
591 945
517 415
323 421
496 459
424 672
29 25
73 305
255 256
444 809
284 285
524 526
566 564
183 64
560 561
598 926
520 453
295 294
358 113
188 5
485 327
119 118
33 730
241 529
397 394
378 336
511 142
446 293
236 113
88 28
362 364
587 929
120 118
238 124
588 930
454 414
504 589
121 567
540 895
444 298
439 440
228 226
440 441
488 731
306 301
467 411
297 295
519 582
93 464
18 19
72 480
67 65
300 299
83 80
532 62
47 665
100 606
362 432
533 761
386 387
335 722
286 569
33 109
415 414
387 388
135 136
227 117
152 21
328 338
442 230
419 420
213 210
529 883
246 345
477 570
455 454
413 453
476 477
376 736
487 486
244 242
597 919
127 72
104 640
128 143
260 264
506 507
14 16
257 258
97 326
156 244
302 167
43 45
31 135
317 319
23 131
396 391
425 686
53 648
438 433
117 258
171 303
151 150
282 829
414 416
428 887
479 366
25 75
587 598
376 726
412 30
452 770
321 302
285 839
492 491
15 78
170 780
447 812
100 293
235 236
171 781
264 265
270 135
292 293
535 533
496 501
155 140
518 453
459 723
591 244
519 744
558 560
49 50
96 92
331 328
324 156
316 321
355 356
325 714
240 742
298 917
478 254
289 541
150 630
399 398
471 463
283 374
475 469
198 200
446 447
567 807
602 954
199 201
570 818
27 86
478 479
564 553
3 0
449 491
239 615
514 417
278 421
425 157
176 189
52 51
563 565
103 30
154 110
12 24
582 585
489 434
317 633
169 168
385 387
449 448
177 40
138 699
21 43
453 454
298 596
446 804
5 0
527 521
485 486
233 232
369 737
33 719
288 313
482 480
599 142
194 306
265 266
537 536
100 605
343 339
32 484
367 668
509 307
86 85
598 928
365 363
192 37
335 721
596 595
601 939
261 272
325 326
17 61
578 582
600 601
432 429
409 405
499 278
507 740
587 931
145 143
148 319
287 688
175 174
179 180
125 139
4 242
470 195
275 270
344 904
268 267
384 498
189 471
129 143
459 325
598 522
271 272
160 622
286 821
299 300
178 197
28 29
7 496
425 685
426 442
105 33
178 67
57 58
207 328
262 132
595 597
214 201
507 587
349 249
505 423
537 489
152 150
375 379
321 301
231 17
28 246
442 443
482 792
451 450
336 661
445 446
579 500
170 314
359 163
125 613
322 301
405 134
402 237
502 503
72 228
427 532
110 680
30 29
121 619
31 608
296 564
140 678
516 517
371 282
429 836
345 29
251 820
126 216
60 59
528 753
17 22
35 209
89 88
154 149
581 586
411 408
138 139
348 251
473 85
146 631
464 459
167 168
151 152
188 185
330 207
273 403
602 953
494 448
178 177
452 772
351 900
224 786
384 291
73 128
526 521
174 183
469 332
183 95
464 472
483 485
305 300
546 545
34 379
324 50
329 328
381 375
74 76
95 93
320 321
242 52
330 329
8 186
382 376
519 746
373 535
125 223
38 315
290 645
406 404
508 142
2 397
377 382
542 773
407 405
31 218
222 217
389 392
564 802
6 202
128 206
367 479
297 248
437 442
474 475
38 163
135 700
495 493
289 313
589 878
144 831
529 591
504 505
299 833
37 174
61 60
523 586
344 339
300 834
579 577
360 287
154 111
358 359
81 82
284 432
600 230
451 872
57 66
157 153
290 162
402 401
373 760
149 148
530 241
597 444
298 247
320 301
258 252
432 227
481 482
490 489
300 788
568 561
160 621
239 104
511 512
255 228
137 123
126 257
592 891
201 83
36 213
247 370
315 320
26 74
244 866
85 26
499 419
328 720
597 298
68 174
193 188
129 511
487 376
57 69
34 54
45 160
292 347
259 456
171 314
430 594
217 216
593 478
563 808
238 239
332 457
246 245
11 245
76 200
298 328
251 819
324 319
508 303
277 276
271 274
307 275
586 419
538 442
212 123
307 306
286 823
531 758
148 39
70 174
396 176
251 569
1 10
83 84
129 125
186 175
115 119
394 395
286 573
380 486
239 793
46 230
203 205
482 794
461 460
363 765
575 822
450 590
512 513
264 266
298 297
181 194
322 422
535 534
513 514
538 539
571 824
22 59
584 580
278 586
539 540
458 333
270 418
150 690
313 317
316 322
146 656
283 397
302 171
532 759
567 568
356 113
269 524
298 445
305 312
336 380
91 474
549 458
478 255
55 66
379 378
418 413
92 475
128 127
429 430
411 410
226 593
548 595
348 253
173 696
422 424
289 692
552 568
401 233
587 867
219 218
568 496
210 211
228 907
241 242
72 796
419 500
447 816
305 302
263 268
537 949
554 558
538 764
574 575
402 400
415 506
565 566
350 252
290 647
336 383
53 763
143 145
519 266
547 826
498 492
190 19
225 362
591 683
453 701
226 225
485 487
170 774
542 290
514 516
593 914
316 171
75 410
424 675
229 235
183 197
294 89
515 517
286 252
548 546
180 191
419 861
367 669
583 577
61 62
98 96
145 797
31 101
427 955
315 319
337 338
91 92
101 343
156 154
398 397
391 394
275 84
488 487
138 703
104 221
499 52
564 549
424 156
68 56
597 811
271 273
144 299
220 125
37 38
544 543
547 548
262 265
48 499
54 534
97 98
32 488
541 768
600 942
580 523
126 127
128 512
383 658
145 741
432 431
171 450
517 506
168 305
381 428
186 187
544 899
462 460
368 488
113 164
505 509
169 627
197 71
274 304
275 274
290 357
522 586
70 68
532 536
550 549
24 27
303 171
327 330
346 343
529 755
221 339
162 784
357 358
243 154
328 331
390 391
266 697
561 263
400 399
133 101
53 443
438 436
435 431
289 691
577 853
404 405
210 342
216 212
305 114
351 901
458 457
492 851
576 893
256 284
212 214
587 507
476 575
57 280
370 663
10 11
565 459
314 170
423 504
442 427
341 340
246 87
589 925
260 269
584 846
96 95
577 579
342 340
552 560
187 9
520 747
287 163
366 791
484 711
452 541
579 852
143 144
136 173
318 155
195 193
114 227
158 159
464 463
173 698
188 189
391 90
468 469
125 104
216 215
83 36
587 869
219 220
452 776
46 38
515 516
240 614
420 323
460 470
168 114
526 525
477 548
551 550
169 705
184 196
62 436
508 512
69 65
82 79
241 111
65 650
326 327
67 108
136 413
450 299
95 97
479 707
578 276
351 594
455 520
153 155
191 190
468 85
522 510
356 230
533 531
205 208
223 222
140 153
421 49
215 217
61 532
595 921
554 551
38 37
375 57
332 333
304 307
589 522
37 177
592 892
26 0
583 843
311 212
185 5
450 790
542 767
71 109
377 376
383 657
369 372
116 117
472 182
137 135
435 361
263 817
366 478
334 916
337 662
368 649
175 176
540 430
94 7
244 243
211 214
428 533
491 815
73 300
426 941
77 306
412 553
108 65
63 64
45 44
80 75
277 523
111 654
297 298
72 240
347 477
299 303
298 476
54 55
571 572
122 47
93 94
103 102
328 330
84 81
513 311
79 461
125 639
532 950
528 946
318 673
340 208
158 59
251 344
397 401
490 840
383 660
443 442
182 183
129 515
57 279
125 616
123 135
387 370
500 497
17 46
4 7
166 704
181 195
250 116
351 913
254 253
1 2
556 553
87 394
182 196
441 489
361 353
591 884
333 294
228 478
585 582
577 578
334 335
346 103
172 265
601 935
589 588
364 363
484 710
67 40
18 234
487 715
488 716
209 101
280 158
226 629
574 246
431 361
300 628
577 855
596 918
355 644
286 283
369 664
