911 874
801 905
755 773
715 764
716 763
658 895
816 731
641 943
761 676
824 863
892 769
795 955
707 952
659 912
817 833
615 942
894 778
917 844
923 860
859 686
664 865
667 891
720 906
918 845
805 788
797 784
830 732
856 879
614 937
746 635
825 928
603 625
947 673
909 872
857 953
738 688
747 636
855 880
868 691
921 846
841 780
714 706
896 670
800 629
697 653
638 759
604 626
806 834
700 944
903 931
750 783
743 680
694 946
787 756
897 692
919 848
609 652
611 649
703 689
618 749
836 877
712 765
698 656
809 908
721 914
915 843
660 849
934 768
665 753
669 958
613 935
617 832
729 646
710 642
713 766
754 782
608 621
814 781
724 704
748 634
639 938
793 941
888 684
902 930
730 647
637 757
723 705
811 708
702 630
695 954
818 924
740 687
851 875
853 881
837 775
883 772
884 771
726 889
842 774
839 876
727 945
810 794
762 683
711 644
620 654
899 734
728 898
612 650
900 870
893 776
666 831
913 873
640 940
821 927
785 733
742 936
890 770
901 871
662 854
838 671
791 956
803 628
737 866
802 907
887 682
808 627
822 864
948 677
792 957
751 767
719 643
718 645
828 861
949 678
725 885
812 709
606 622
605 624
722 910
813 790
744 681
904 929
804 796
760 674
717 648
701 631
741 886
829 679
882 779
739 633
840 672
607 623
696 655
815 789
661 850
827 675
619 798
663 862
826 932
823 878
819 926
820 925
699 690
786 758
920 847
745 632
807 799
610 651
616 939
916 852
