-8.406006136190827260e-02 -6.949675715607273041e-02 -9.326112350482215763e-02
-3.112911442946351276e-02 -6.296597577149200264e-02 -1.449642124063947046e-01
-2.735556358767056440e-02 4.159452773532657313e-03 -1.577328996379432913e-01
-8.634350158685122345e-02 -6.940919555753762016e-02 -1.284043147608498470e-01
-3.157137184520616424e-01 1.908789673917478114e-01 9.744490622186713358e-02
-5.109497946290725984e-02 -1.178372221052599242e-02 -7.118039164849400413e-02
-4.476549561890014184e-02 -8.920874989118636467e-02 -6.805266775299807780e-02
-3.601455306412037483e-01 1.452531920758155515e-01 7.158009668027912054e-02
1.691521965527097854e-02 1.175865549530359516e-01 -1.231464948309058810e-01
4.908046091763733354e-02 1.359023630708112440e-01 -5.799129824249929510e-02
-2.613720818096115089e-02 -9.959508897640557967e-02 -1.579841180022523439e-01
-2.424764622686727267e-02 -1.153264354564491612e-01 -1.794642326079665950e-01
-5.079344146370039920e-02 -1.447248722829752865e-01 -1.547794820309873476e-01
4.955793034556401147e-03 -9.582326002219403172e-02 -1.379683786330449524e-01
-1.395523563472520490e-01 -2.040006401591330093e-02 9.664070183095932465e-02
-1.840402165228704756e-01 -3.700549957099622672e-02 1.027964701686927967e-01
-1.685273982763991207e-01 -2.330730183211839751e-02 1.368950667949927757e-01
3.619880523375539755e-02 3.785826271703560120e-01 -9.995010901334132336e-02
1.071452427711548916e-01 1.066925409153493542e-01 -8.655064557847921836e-02
7.743023653789123106e-02 1.302928364958635399e-01 -5.924469237594941901e-02
1.007593407340036940e-01 1.388065707084192302e-01 -1.001845953746017259e-01
-8.608390629607981515e-02 4.619150982033189412e-01 9.941517037893812803e-02
-9.294221535966834535e-02 4.296740528819502081e-01 -9.218929146293375343e-02
-3.392288944236547255e-01 -4.599616357497596231e-01 -3.721679009576734504e-02
-1.197043890577407788e-01 -1.441206897942591825e-01 -1.619809520109336265e-01
-1.250267041093605647e-01 -2.155307803901448938e-01 -1.512669221564614253e-01
-1.216285887628217044e-01 -7.709642777863263963e-02 -8.719861021118124889e-02
-1.254493804399876011e-01 -9.052096807866033545e-02 -1.484963952410862653e-01
-1.471142171498906193e-01 -1.496366955182631409e-01 -2.132394372788734838e-01
-1.616998584907536063e-01 -2.022736260035823130e-01 -1.960661923558819075e-01
-2.369284150811863388e-01 -2.447288175299416613e-01 -1.780970095324447000e-01
-7.085216724813445111e-02 -4.424800051806853096e-01 -8.789680497192536857e-02
-3.803704988823879418e-01 3.360091810271588209e-01 -1.258018486130933755e-01
-4.397132767205177428e-01 2.521959851260765495e-01 2.883129503818061823e-02
-2.302598498088450629e-01 1.792114205623793199e-01 -3.654802907455894645e-01
-6.673204473962510153e-02 -3.075515265913365548e-01 -4.386854591657803060e-02
-5.830262129499595020e-02 -2.612941199381359492e-01 -5.833332591904165365e-02
5.931208159120730100e-02 2.948863659807309245e-01 8.316975820831185029e-03
9.298447572927143190e-02 3.684380908827628587e-01 3.352619178027556324e-02
1.763491709217416409e-02 4.003505413639649180e-01 1.053523568290434809e-01
-1.560487063769748772e-01 3.255920035571969184e-01 1.439615957375637301e-01
-1.545188714600113644e-01 1.457386536656274101e-01 1.653481443099381054e-01
-1.299801820224782689e-01 4.745468279777327880e-01 6.115054635803696820e-02
-1.393300117282689210e-01 4.796492987709619071e-01 4.854711050498633496e-02
-1.767711719520748126e-01 4.743420138168180644e-01 1.884350682942809163e-02
-1.495322728309050053e-01 4.787056420086939212e-01 9.836320220339403800e-03
1.238688499071328580e-01 3.903808636529407794e-01 -5.912559916828617756e-02
-4.379775922904235452e-01 -4.823032966977828240e-01 2.473353188653401591e-01
-1.984759654677930862e-01 -2.755596312608060705e-02 2.211184712632269234e-01
-1.253297001336979299e-01 1.449203721243335907e-01 2.465920196624140914e-01
-1.483066011162160192e-01 1.683879743701568454e-01 2.670136255387688395e-01
-1.758325853681461104e-01 1.299482275377884244e-01 2.299069073949274455e-01
-2.270837665731212651e-01 1.266830604863457832e-01 2.757228641283421822e-01
4.431069276222407982e-01 4.309829963924522445e-01 -1.648807880962307737e-01
-1.801866972703365377e-01 2.450952820430850887e-01 -3.093997780688598764e-01
-1.609378446113496619e-01 2.621374179598598975e-01 -2.367261924202304080e-01
-9.334762275529713549e-02 2.779979361612644473e-01 -2.341195204973731681e-01
-2.229907347758542380e-01 3.787612297789402782e-01 -1.999578899027413259e-01
-2.357981035247503354e-01 4.196717025599290829e-01 -3.008531832071060785e-01
-9.428259429213863008e-02 4.212848731189222096e-01 -1.197360262767333955e-01
-3.590724549071962202e-02 3.846113830158788272e-01 -1.320238822919309329e-01
-4.277922876659758650e-04 3.803420292379572354e-01 -2.132089715461090440e-01
1.080884215590363281e-02 3.272833924364263458e-01 -3.063661453326016471e-01
-2.757216247799422759e-01 3.127761040742471632e-01 -1.190334599782894576e-01
-2.316494500059636530e-01 2.377102857460753338e-01 -1.235086095582640098e-01
-2.537616145578522331e-01 3.879964979069751019e-01 4.798289964246478523e-02
-1.847827242860241304e-01 2.953227570243782130e-01 -1.705548996113538662e-01
-2.213444691741441317e-01 3.250517065723412813e-01 1.005262662762961556e-01
-1.142204376215409517e-01 2.890810749147061931e-01 -1.500855677525238241e-01
-1.333090318273717767e-01 3.864232649128419572e-01 -1.597020074950396273e-01
-1.021284585050458854e-01 3.198616471114987259e-01 -1.304437345697668782e-01
-3.268178321974563039e-01 2.545307262187019304e-01 7.909711555268628125e-02
3.489118243067932945e-01 -3.563950180230473497e-01 -9.412459874852185937e-02
3.914354253676695650e-01 -2.015516011387303852e-01 1.364287727173169040e-02
-1.296598994307356922e-01 -1.139098580419547757e-01 -7.876871443312209731e-02
-1.326284360359253345e-01 -2.009003613707014135e-01 -9.550173691045660274e-02
-6.701357948481134752e-02 -1.163606768240483952e-01 -5.569672313447937562e-02
-6.246771438132752569e-02 -1.035649092481041172e-01 3.287470325211420963e-02
-1.416244237471273593e-01 -1.043504784227852061e-01 4.439338402748500834e-02
-1.834148754174199925e-01 -1.103758303233094151e-01 4.831744239743424735e-02
-1.057413547285313005e-01 -2.416266743864363964e-01 -6.043466032368111085e-02
-1.229182135053087654e-01 -1.568991927165436506e-01 5.922939166333236055e-02
-1.522248910230219743e-01 -1.720015013679558891e-01 4.631481235217495968e-02
-7.301969204329446239e-02 -2.378223662069731403e-01 -2.283092991846634792e-02
-8.012533265288457329e-02 -1.933255387383707169e-01 5.502755238156599449e-02
-1.794359497690838912e-01 -4.170215701652118384e-02 -1.004009801870246466e-01
-1.707349015374327594e-01 -7.024380469133613414e-02 -1.521678918437239791e-01
-1.680804509892484533e-01 -1.054690959356312796e-01 -2.651757803734211549e-01
-1.916929647110166557e-01 -1.119614497786102780e-01 -2.016504481092930012e-01
-2.334170635521689019e-01 -1.107551922652819792e-01 -2.219652696504494649e-01
-2.477325963937926923e-01 1.117415052005326787e-01 -2.384867302216314988e-01
-1.798785676023761382e-01 4.171907754353842979e-02 -6.088343610451552035e-02
-1.828285486166295881e-01 4.719105460539492480e-02 -9.744109377803483740e-02
-2.872004078157037732e-01 1.045991959213203037e-01 3.696031947643469567e-03
-3.852157077062017265e-01 1.001984045143677615e-01 1.125703114055535796e-02
-2.640840408972535691e-01 1.481039641594895095e-01 -1.157915433787613663e-01
-2.352490766132115940e-01 8.947780689609641236e-02 -1.407962619618016997e-01
-2.878959530362538710e-01 1.518575829056087179e-01 -1.585657323947146646e-01
-2.904421956215766931e-01 1.169663951009423247e-01 -1.733386861774165455e-01
-3.130270625775831150e-01 7.152455183348239987e-02 -2.186831089676708195e-01
-2.674080704758467486e-01 -4.609277581580231153e-01 -1.200375002681735442e-01
-7.927247875723024417e-02 -4.190606563493162184e-01 -1.729585804833282392e-01
-1.985173819789260163e-01 -3.681323166662200386e-01 -1.710639663657992915e-01
-2.084199842908888434e-01 -3.117062038954176439e-01 -2.111369275742221718e-01
1.399287623829987837e-01 -4.469295574715543840e-01 -1.784040714029683783e-01
-3.711763309405831102e-01 3.249914218677552036e-01 -1.702992851897078275e-02
-3.202987026068564447e-01 3.230266409553006479e-01 1.294421851687347497e-02
-3.292071982311970402e-01 2.936170391577964667e-01 7.708669374176296829e-02
-2.725268916704608468e-01 3.461549831994456539e-01 9.416074478240567258e-02
-3.452254740580211201e-01 2.688851657163411901e-01 4.657947778629408647e-02
-2.142710457655641054e-01 4.751817403631655723e-01 2.798575175852735519e-01
-3.100251304058908031e-01 4.137484810752835585e-01 2.073664941732734635e-01
4.190543256666235394e-01 3.866147333228369537e-02 -1.177840272601833049e-01
2.973437842286020261e-01 1.161298855780768524e-01 1.692483339123823649e-02
2.652914042330055677e-01 -9.361829386314986234e-02 -7.026042543401053719e-02
1.671784027338625578e-01 -1.312909831170702424e-01 -1.235954093473100035e-01
1.452088837126698784e-01 -7.309783502888607398e-02 -1.552978893756251921e-01
2.046529042063524595e-01 -1.203223491860008904e-01 -1.771415374371869966e-01
1.490434289881569785e-01 -5.201097183949120878e-02 -1.185695791164958768e-01
1.396687867454683984e-01 -1.146372911187979599e-01 -9.138141352382656013e-02
1.434598221845527211e-01 -8.028999109924039868e-02 -1.261697555799267956e-01
-3.788938170256463955e-01 -4.145568967214008360e-01 -2.151332968539917262e-03
-4.561350063702086510e-01 -4.528585967753287478e-01 2.139650967006625215e-01
4.227124639936178513e-02 -3.804494559540212983e-01 -2.030677470364947862e-02
1.919147233754086856e-01 -3.439958501792457213e-01 -1.839767465304175398e-01
1.347652368450134308e-01 -4.629839451424634378e-01 -5.994997190243639418e-02
1.761516298143886994e-01 -2.487570451691058782e-01 -1.702395612423969751e-01
2.480285137955170471e-01 -3.158390061442826746e-01 -1.530127792459103353e-01
3.066196341798713143e-01 -2.947660509328153822e-01 2.303554520641871994e-02
2.763448580988673853e-01 -3.661090778142928048e-01 9.879985509944495814e-02
-2.357089196109241891e-01 -3.781235441538718933e-01 -1.048407915251606259e-01
-2.932470987551208941e-01 -4.589828648384831067e-01 -3.760131078783261055e-02
-3.480334583207520538e-01 -3.970210489395801234e-01 2.789792276885063455e-02
-1.213402609557925893e-01 -3.570564199895314150e-01 -9.745935403170005729e-02
-9.759576726401235358e-02 -3.296130527110319730e-01 -4.596158456101281237e-02
-2.905093757009599709e-02 -3.869663765181117765e-01 1.796331778733556081e-02
-1.640217756732757215e-01 -4.034333137457256635e-01 1.355124365845266632e-01
8.531664476421445265e-02 -4.051244120545939298e-01 7.634099063179880518e-02
1.071831925165912802e-01 -4.689379431795411279e-01 1.364228221197084367e-01
1.201193081206533703e-01 -4.291114525669323942e-01 9.870757542253287553e-02
-4.295271713625582743e-02 3.883664598139163204e-01 4.597560542397103323e-01
3.941002571415154199e-01 -3.361747965067173327e-01 3.391540991139460615e-03
3.969246785144061040e-01 -3.168464956599448268e-01 2.767807387393941276e-01
3.837677570621071399e-01 -3.870218213694626153e-01 1.085214038343095821e-01
4.273365033545422631e-01 -3.508469947225571484e-01 2.136549925903405700e-01
4.507259239763370950e-01 -4.613566481499574712e-01 1.058833923448595921e-01
-9.974096782937248717e-02 4.614675588894713854e-01 1.969716217683373793e-01
-6.540500577460567344e-02 4.494823266251704030e-01 1.536443067040439148e-01
-6.230927481712581102e-03 3.868848924413764712e-01 1.694887295506465053e-01
-8.188042373501748517e-02 3.640412760722103180e-01 1.768020155890382694e-01
8.254019172785386285e-04 4.452357089579587202e-01 1.409840197878977075e-01
-6.085851416674987677e-03 4.212352305594871948e-01 1.254039966461137356e-01
-3.943108971530483869e-02 4.373396994745825106e-01 1.282434648442607739e-01
-3.117128651929602229e-02 4.289092081313252702e-01 4.184353323092180332e-01
-1.477391998451970667e-01 3.723772856532363562e-01 2.367735402623503127e-01
-4.155136144110239960e-02 3.633013047417776309e-01 4.084735446471632891e-01
-9.365275916437328096e-02 3.151133068093340261e-01 3.124324582472448597e-01
-9.250429081198539849e-02 4.763856251311341383e-01 4.106779805059971311e-01
-1.553270699237856156e-01 4.389084386716975983e-01 -1.345034782774191806e-01
-1.256197154972716057e-01 4.666514994689200946e-01 -9.156546326823578053e-02
-1.511141711714246716e-01 4.807645698691701552e-01 -2.924987277488706738e-02
3.999946990051298501e-01 4.354998353896684105e-01 -4.461923417997373797e-02
4.603375082032715726e-01 4.466652545754132286e-01 9.072830784390646663e-02
2.296219783337167808e-01 2.983316552335464888e-01 1.591190288552905840e-01
2.857899025485970412e-01 1.606426891580903515e-01 1.276210689556282474e-01
-4.346376341635356244e-01 -4.615000500414328521e-01 4.357298137535988714e-01
3.879486267118011367e-01 1.338281546071366790e-01 1.624425589218193855e-01
3.233228777419213107e-01 1.246598113188399498e-01 1.378373144677569329e-01
3.179368121910242095e-01 6.364896954710699828e-02 7.380094250002673661e-02
4.729123116021640150e-01 -3.594408607902124797e-02 6.866517737130874502e-04
3.081276496051781333e-01 2.114941392818647237e-01 4.966513857773210971e-01
2.743732198087109331e-01 1.157569752322402945e-04 2.795576339403354482e-01
-2.702076227838329237e-01 -4.746039781385041900e-01 3.642246413696523244e-02
-1.693199094578153596e-01 -4.499150215222288973e-01 1.279846171926874998e-01
-9.174043587381607023e-02 2.422206273545548239e-01 -8.986827171075889575e-02
-3.818942032091078576e-02 1.260499534268302302e-01 -1.134706095145768534e-01
-1.112489310754256333e-01 9.946607762921144680e-02 -1.109314096751168321e-01
-1.598087125436621625e-01 2.489144383342990208e-01 1.057504732979401008e-01
-2.017618722936752318e-01 2.676058733521177735e-01 6.877693008055718593e-02
4.929429183407074699e-02 1.216171778099883610e-01 -1.507986480160184578e-02
4.157228854382565009e-02 1.134949189193333041e-01 3.292212133124093609e-02
-1.090414338592699817e-01 1.120913746772194131e-01 1.111397761779993609e-01
-2.496164826669564074e-01 1.547489143148756408e-01 3.855743833348464905e-02
-2.343509385564128411e-01 2.089619518935761644e-01 -2.928926350090697850e-02
-1.916580477245761471e-01 1.666817435756447752e-01 1.103091890852890278e-01
-2.231429927500095528e-02 9.042272970236887863e-02 -5.608485282935832955e-02
-4.150412403897303648e-03 1.229265511498504465e-01 -7.864707529625333815e-02
3.105778279236826728e-02 1.142761899441969986e-01 -5.779418355452413392e-02
-5.317267825880461762e-02 6.146880786955672554e-02 -3.891969883313484146e-02
-1.309631311625290839e-01 6.887751021219866432e-02 -4.121852599792883570e-02
5.982621701851268542e-02 1.491938750227601029e-01 -1.857425063835808909e-02
6.137373914616309212e-02 1.568375142166021363e-01 -3.488447888023687993e-03
6.168918561183996119e-02 1.857816618138179721e-01 -3.130092768219351965e-03
-2.874032665983706006e-02 6.429837689691628166e-02 5.683261435864494365e-02
-7.872778034640495748e-03 9.120906197273889737e-02 7.503718339335901932e-02
-1.405708690890520307e-01 7.811804955922657667e-02 9.777277331927271276e-02
-2.620518099912657606e-01 1.792776499623717212e-01 7.914031454743183924e-02
-2.665409030701939574e-01 2.238916910414134598e-01 6.160895644330222770e-02
-3.158257916340662108e-02 -1.480295730177252633e-01 3.243799980315146408e-02
-4.461842444224234372e-02 -1.808745729995416829e-01 2.306096877809817036e-02
-3.360592866331412604e-02 -1.354489371970209743e-01 -2.515817431253386874e-02
-3.446784092770914520e-02 -1.942367767149707214e-01 -2.241015693099396300e-02
-7.090135976694418932e-03 -1.225572866877853578e-01 -3.786123534490850456e-02
4.042698734015395812e-02 -1.517752373033609825e-01 -7.657504184401810188e-02
1.066914645190653044e-01 -1.497654720940956308e-01 -5.707269144335964245e-02
-2.460682142616625601e-04 -1.878881717429945475e-01 -1.352295776339180466e-01
1.431431143146861817e-01 -1.939906284537068759e-01 -7.230050912435428967e-02
-3.401020633883060640e-01 7.975838149326160142e-02 -2.997683060597243210e-01
2.570981609316553423e-02 -2.400191610827809019e-01 -1.433011591511378358e-01
-3.260502460588459578e-02 -3.000151125036198962e-01 -7.861786600378670165e-02
-5.847834409477856155e-02 -2.562765197343785384e-01 -1.348780416321826991e-01
-9.939942273735463338e-03 -2.313058850026337709e-01 -1.169203816593457346e-01
5.099823892384981738e-02 -2.830592119217239522e-01 -6.871920908639642112e-02
-4.304651681429532556e-02 -2.682645421334131086e-01 -8.993880971648002265e-02
-5.071270107988384845e-03 -2.482600246501078523e-01 -7.050403297847372686e-02
1.459674095405995298e-01 -2.802683823342241864e-01 -2.117555717051038955e-01
1.657756896319030337e-01 -2.769707668845021176e-01 -1.792148460985883707e-01
1.517055639955512958e-01 -3.126607235342958035e-01 -1.889281178670920713e-01
-1.632705357458731285e-02 -4.392648445501186050e-01 -1.068510804685018217e-01
5.877306845649467315e-02 -4.143483612827732476e-01 -6.583993221065335966e-02
9.830217098865627612e-02 -4.385819671946323828e-01 -7.647929342216042148e-02
1.006218111864983222e-01 -4.170026898240933866e-01 -1.816601607706980481e-01
1.463607120425680364e-01 -3.798987881680349621e-01 -1.710974116819578006e-01
1.199492942238193499e-01 -4.364442986169660976e-01 -1.068603698986782397e-01
-5.311573678513101249e-02 -4.747639425233576294e-01 -3.223875970381068767e-01
4.047939498361434185e-01 -2.120947579684247936e-02 -1.489980066650100632e-01
4.454275823783020449e-01 -9.447737854745803798e-02 -1.637563923398866195e-01
3.041525463629764503e-01 -1.149769116987654910e-01 -1.752967851515694064e-01
3.986950868443660534e-01 -1.705685877218835189e-01 -1.736846185864402425e-01
1.252729330257551787e-01 7.019677479868315084e-02 -1.542154812230537853e-01
2.199409807776451231e-01 4.067233166883926776e-01 -1.214518151570443127e-01
1.090728736537522892e-01 2.822371213661678535e-01 -1.624351478682459216e-01
9.111747982688075953e-02 1.767018354686319404e-01 -1.400735443651754397e-01
8.806100430687706371e-02 1.306345988107464884e-01 -1.867262786824390730e-01
1.275647645908666306e-01 1.044801436467467370e-01 -9.476120521555848886e-02
1.487537941209651771e-01 8.584544770400226454e-02 -1.026759547366391523e-01
1.551593265824399714e-01 1.063065985282398290e-01 -8.375948106574236662e-02
9.056817989361355681e-02 1.461162312933533269e-01 -2.620008864175401575e-01
2.521396210365293711e-01 -4.333057321925510297e-01 -2.020357299588764199e-01
1.927365733429773909e-01 -4.668500340811022609e-01 -1.977590063336217563e-01
3.406895693260577618e-01 -4.345226606144194648e-01 -9.876134746166924383e-02
-3.885643838021942686e-01 3.181191191677058550e-01 3.206167480766400346e-01
-3.345501250326141096e-01 1.204705675445411628e-01 2.935229721506596445e-01
-2.946106765859083376e-01 3.296669950204392796e-01 4.081249843702436375e-01
-2.553240560504946299e-01 2.615509676552448259e-01 4.783815835584624976e-01
-2.530257581720195270e-02 -1.067222386665872824e-01 -2.388880754666035666e-01
-1.024555110155860732e-01 -1.456438453192472060e-01 -2.890817970845545037e-01
-1.533205004903933355e-01 -2.068040875524132516e-02 -3.849525467561917269e-01
-1.616262057161434174e-01 -1.201466414818318923e-01 -3.357908139588409169e-01
2.025320976554068758e-02 -1.266116697393919743e-01 -2.690691123770685977e-01
5.933406901160059171e-02 -1.040076388286189091e-01 -2.581955058775510237e-01
1.522269283013949759e-01 -2.922470562024938601e-01 -4.665110362360162521e-01
1.044796420283658767e-01 -1.410138812273986908e-01 -3.113841106457730379e-01
1.867707736602352842e-01 -2.571234889493537734e-01 -2.719582626640201783e-01
2.453920812285730335e-01 -3.136909748274857579e-01 -3.718920240394743559e-01
2.938687888690292294e-01 -1.766604788741059362e-01 -2.288600187746439862e-01
2.572712250774629728e-01 -1.454173748573823477e-01 -2.169123860698397577e-01
2.115487291218836052e-01 -2.207453852117606807e-01 -2.346410597232394812e-01
1.721317992077129599e-01 -1.649663566044571317e-01 -2.478424261584807886e-01
-2.848711840408436058e-01 -1.216101426745317404e-01 1.360007301685675074e-01
-1.932065399737321887e-01 -3.828371787330545617e-01 1.514757718513952967e-01
-2.570566282531555613e-01 -2.063672962444510206e-01 1.762377652649324833e-01
-3.227144404837147817e-01 -4.155189756761167863e-01 9.616927214852395711e-02
-4.034472279502919756e-01 -2.966022510009022617e-01 2.127542227609051650e-01
-2.306834510192496135e-01 -4.283792121499789274e-01 1.445027063980851845e-01
-2.634329942042237804e-01 -4.442238064226707306e-01 1.175286377585471886e-01
-2.824823516950001889e-01 -4.727695091187052445e-01 2.411457379902395837e-01
-3.628950313727667409e-01 -4.377157693452673470e-01 2.540396714457228144e-01
-3.947327400403520259e-01 -4.053578895438689211e-01 2.008120892974386007e-01
-1.729059736543015480e-01 -3.270945229684744104e-01 1.813778028425105660e-01
-3.844421375476764213e-02 -3.242647764880747241e-01 1.333938734932292036e-01
-1.584813033521121628e-01 -2.569937893146645447e-01 1.345554282629412290e-01
-1.861971949927626047e-01 -2.385457731597254438e-01 1.711156586569477223e-01
-1.707466047391702213e-01 -2.946000599041471713e-01 1.354679670876825504e-01
-6.073596389023441094e-02 -1.901431683138148920e-01 1.335977643907429457e-01
-3.810698024815358659e-02 -2.267382980794063196e-01 1.127756798376062936e-01
-2.581223065619895896e-01 -1.992217631305218395e-01 2.204052165281022990e-01
-1.940407685020641981e-01 -2.054678794433842381e-01 2.423895414687731731e-01
-1.476816442795159112e-01 -7.472617856315069695e-02 2.611921696339665200e-01
-2.238456527719192568e-01 4.647590369750848049e-01 -1.739443821717674699e-01
-1.855457495447645488e-01 4.415267596543934747e-01 -1.709239770203641318e-01
-1.368447302674159760e-01 4.621154116212657925e-01 -1.836649014773668875e-01
6.565777133394675585e-03 1.028074895402927014e-01 -4.747893485767705202e-01
4.085233406045982868e-02 8.565248597375588191e-02 -4.180447790355154014e-01
2.439920776947425707e-01 1.936168074019285756e-02 -3.637371619444877413e-01
2.785722220255173465e-01 -7.657509930600516629e-04 -4.066120524026499150e-01
1.116966816001919022e-01 -5.320461963222793828e-02 -4.405878205059366448e-01
2.625922193223731993e-01 3.387960366497589915e-01 1.820326459868388813e-01
2.772583842169940582e-01 3.996240617068084200e-01 3.595120038683354280e-01
2.478462186764015529e-01 4.646227500909026475e-01 3.879907601455260258e-01
4.502910323037600526e-01 3.779003847674498040e-01 1.603447887492445989e-01
-3.295663848116625605e-01 2.816734566717463140e-02 4.747382778563189465e-01
-2.490287663234138915e-01 -3.249394515960301599e-01 -2.546322410992896690e-01
-2.853526915732080282e-01 -4.074708502219923645e-01 -2.140616153670618360e-01
-2.871731861857830248e-01 -9.002340654558931010e-02 -2.080008022928268030e-01
-2.779820071301284390e-01 -1.269527977710850353e-01 -2.503239630095210888e-01
-3.144229534457397279e-01 -2.448177111597306665e-01 -1.799946927579778866e-01
-2.858259689220918887e-01 -1.581339373120012048e-01 -3.407209481583821087e-01
-3.489535265642970119e-01 -1.836322568580496251e-01 -3.808827421057472962e-01
4.643373409194768708e-01 -2.581656403129329314e-01 2.861352921832955309e-01
4.623312680584820700e-01 -1.779679075634603147e-01 7.291941448197981901e-02
1.098095026513740413e-01 7.957940524022115436e-02 1.976598109309376516e-01
2.442898058021241159e-01 4.162361092321595346e-02 2.341054024904682673e-01
2.519112552924368531e-01 -4.442220372075955659e-02 2.487288200080976786e-01
-1.206910034159043056e-03 -1.353963098340301152e-01 1.608995403154061254e-01
2.945929595498819054e-01 -6.449176269742536161e-02 1.182521474267993339e-01
1.455786585025663910e-02 9.153827315234067813e-03 9.397108464325247545e-02
3.352741347917244374e-02 -1.798061212564354139e-01 9.593709008850111186e-02
1.065016434774170156e-01 -1.086158664079391323e-01 1.385606059376032380e-02
1.324039446668751063e-01 -1.317883490169075578e-01 -3.419536014190589085e-02
5.824377792458910325e-02 -1.396371334481392723e-01 2.015392196010043491e-02
1.052260529892477953e-01 -2.299564017685037098e-01 1.072061377631295005e-02
1.546829477741138437e-01 -1.615918352225841070e-01 -3.636689833208886502e-02
2.252742843795751959e-01 3.180679421863104595e-01 3.726098088506824557e-01
2.482794911751917133e-01 2.533469295434137014e-01 4.657137943163283111e-01
2.417667344842059918e-01 1.933389485787585516e-01 2.452870426738438525e-01
1.801592464088513923e-01 3.904327497502262101e-02 2.382635159449315032e-01
2.886834045865955406e-02 3.545255588510861089e-01 3.718190395256115166e-01
7.964522818044647567e-05 3.205986713646948316e-01 4.112977698225627199e-01
-2.890590670613681079e-02 3.119640476356895231e-01 3.057233623170033665e-01
1.687866436339101883e-01 1.319746922078874063e-01 2.004451899844367779e-01
1.764007119758929654e-01 6.403127610810785408e-02 2.118833023554163308e-01
1.376675252572334973e-01 6.071949073246332707e-02 2.302174878853251172e-01
-7.689058727216850631e-02 1.307592011206097637e-01 2.939547828030248389e-01
-8.749116277465195102e-02 2.097291917705133568e-01 2.974293747862177262e-01
-4.462235792653410082e-01 1.119711479740635868e-01 -8.761104827893685665e-02
-3.595697681763816433e-01 1.253766729899090659e-01 -1.538785916012116728e-01
-4.111584637200778602e-01 1.322031546830370330e-01 -2.087220848286968078e-01
-3.709321590423754200e-01 1.200784844606499722e-02 -2.501795056507496451e-01
-3.565934043167417467e-01 6.726914618021395675e-02 -2.315025264647430359e-01
-3.805618023026246521e-01 6.911010505559626871e-02 -2.467058387032282085e-01
-3.317488112214290186e-01 -3.873807923161641520e-02 -2.045670467297257267e-01
-3.079607605072470222e-01 -3.787343125607853939e-02 -1.615050594049336763e-01
-3.107632700925969660e-01 -6.394178629309701933e-02 -1.724422925052757904e-01
-3.877114144242387317e-01 -1.066209657800367694e-01 -4.059452157439092934e-01
-4.442999429006423417e-01 -9.193082612699293721e-02 -3.698588331526351247e-01
-4.119307104962692812e-01 6.100182814232281425e-02 -4.326595437701210023e-01
-3.790703890957984323e-01 -7.179773800779494508e-02 -4.056863031204463454e-01
-4.108343670214038013e-01 -2.448768312126834573e-02 -3.883732143021239036e-01
-9.829915041335414091e-03 -4.126398525840214160e-01 -2.803287076999820826e-01
5.250243396158274511e-02 -2.429842563774865238e-01 -2.387654083568976071e-01
9.786721123988249837e-02 -2.603899651617123667e-01 -2.544934710200975059e-01
-5.136907429266523301e-02 -2.614287056346510374e-01 -2.131790542018329737e-01
-8.329015556548599597e-02 -3.731899777006257302e-01 -2.256399699777116297e-01
8.614585521627289577e-02 -3.487209765661908878e-01 -4.865995849703651510e-01
-1.142745744980885186e-01 -2.466734009853292775e-01 -2.554237215680399409e-01
-1.514996850091432645e-01 -3.037397992256241075e-01 -2.433914011097640939e-01
-1.735036697501765035e-01 -3.072338337011227827e-01 -3.157082684522138916e-01
1.222750613632572203e-01 -2.204961679801773211e-01 -3.054682521134315376e-01
4.400889067888340278e-02 -1.738162695380929545e-01 -2.917975170869663293e-01
9.513785467667788820e-02 -1.792296468564344991e-01 -3.388395281353326349e-01
3.705160469180481808e-01 -2.019037854041443592e-01 -4.853070857350073597e-01
4.077646443092928230e-01 1.311340992468182920e-01 -1.256160167523286131e-01
3.803119178590743665e-01 1.313738863969613757e-01 -1.509682474004276631e-01
3.595539034183231619e-01 3.339349504848951877e-01 -1.020821710017036227e-01
4.114606397792378578e-01 3.621931130127705734e-01 -1.084792104497703524e-01
3.227836712923736195e-01 3.864069082592112014e-01 -6.983691906445693709e-02
3.721782686633198223e-01 2.126579164191033100e-01 1.282568493264058251e-01
3.122278072112492087e-01 1.851162572317162913e-01 1.113744755002887832e-01
2.937198338855628865e-01 2.803017083958509459e-01 1.189661426245525871e-01
3.323129647573795920e-01 3.269459701977746602e-01 1.525455187351794084e-01
3.948228599633697988e-01 1.325549007898651488e-01 -1.878521608334316195e-01
4.149916618809232904e-01 9.853606796129019477e-03 -1.623166955718732540e-01
4.718649566279147778e-01 1.073948517803652442e-01 -1.649568455206111561e-01
4.340771894556584853e-01 7.667118222081870105e-02 -1.592884713212734393e-01
4.228509493832631194e-01 1.125250189114513494e-01 -1.689643082874752456e-01
2.856799179772238628e-01 -4.351776935490168641e-01 -3.166616263028568246e-01
4.100045262043527927e-01 -4.618846951093086850e-01 -4.529010042252428203e-01
-3.878720042041054472e-01 4.421207459908630955e-01 -3.621569618725852674e-02
-2.753535985817611165e-01 1.486114673567931199e-01 -4.573887454116891127e-01
-1.608504009712019012e-01 -1.361519014739254532e-02 -4.225983741806503269e-01
-3.948064022744252749e-02 8.882450101902292228e-02 -4.769654147460748450e-01
-2.080263929835511894e-01 1.374428548324119481e-01 -4.265993365954672822e-01
-1.923152713266994551e-01 1.810917818548512803e-01 -4.610210424955125674e-01
-4.672291185708896122e-02 6.180043113215824557e-02 -4.539779436592800144e-01
-3.154168221857581722e-01 3.743617883496458965e-01 -3.370496507296367183e-01
-4.191161879115996580e-01 4.278631096515224108e-01 -3.626693855778060360e-01
-3.726810592336997630e-01 4.199225362648209003e-01 -4.503599445712880289e-01
-3.135396474335742645e-01 1.724625200721441598e-01 -4.354341921757514111e-01
-2.947937461849348684e-01 1.804205653998066372e-01 -3.793927610500678616e-01
-3.753076836999229005e-01 1.325813246035271453e-01 -3.469942334990281929e-01
-3.250939640231962358e-01 4.074102048645464325e-01 -4.520831420435255654e-01
-3.612119913792780634e-01 4.328750707843745937e-01 -4.301736931567487487e-01
-4.663316310653348729e-01 9.843609471855971349e-02 -4.555504710950228908e-01
-3.543503360469006935e-01 1.624785961430842696e-02 4.756901343205569010e-01
-1.570808704293846780e-01 2.517504716035924572e-02 -3.698169290853057234e-01
-1.475907769507193990e-01 8.694522936324178275e-02 -4.137303964951989377e-01
-1.310857587584946804e-01 3.286424627879584726e-02 -4.088648382998505970e-01
-7.514709119721292574e-02 6.013848191160963558e-02 -4.296853288080567101e-01
-2.351131198709591474e-01 9.725130174906197744e-02 -3.254885726379478927e-01
-2.095359988975227794e-01 1.324905189259615867e-01 -2.592396347426744740e-01
-1.938058754901804126e-01 8.816088967543417310e-02 -2.444844556891742626e-01
-1.919877534523760643e-01 1.512368425059101018e-01 -3.514067423779515531e-01
-1.765007092162559632e-01 1.684142267432956197e-01 -2.857036168709156665e-01
-1.376646080146722018e-01 9.751935263816220376e-03 -2.667564258510584096e-01
-1.145997847186989715e-01 -7.189089827537235855e-03 -2.732762661022898887e-01
-1.350185065755415137e-01 7.567819708374244614e-02 -1.801416006546408544e-01
-6.498697852084467375e-02 1.394942872387019625e-02 -2.140461069596960031e-01
-3.493989419491275866e-02 8.508235233960477484e-02 -1.703023379197531328e-01
-5.845067973204125245e-02 1.217679739934505734e-01 -1.889635145741428712e-01
-8.769068562851638216e-02 1.620669816407452613e-01 -2.444050165486225668e-01
2.912014430068736101e-02 1.009768402960736777e-01 -2.312237373367650450e-01
3.621193030913284761e-02 1.490094087076881679e-01 -3.046563476432050388e-01
-2.243553667869076229e-01 -3.014250536669257352e-01 9.306846488402745199e-02
-2.395192304333171041e-01 -3.425550199651873906e-01 6.250475746396652599e-02
-1.680933947898142766e-01 -3.014527154526747688e-01 -4.736009538530564639e-02
-2.873837536941639126e-01 -3.652302368988622483e-01 7.000484242281759806e-02
-1.412450325856059452e-01 -2.513607416760212931e-01 -3.144404601826242263e-02
-1.691003237674213455e-01 -2.242186180401704032e-01 1.975834911032584018e-02
-2.281836173180894767e-01 -3.209754393638679648e-01 -6.566211859797502215e-02
-1.715178278490022690e-01 -2.210009173963604079e-01 -7.269100167241217270e-02
-2.070217001979507976e-01 -1.793497974417713192e-01 -3.749640720503332608e-02
-2.344566908588281429e-01 -2.454542740851190785e-01 -9.007599532539652121e-02
-7.275588039428548814e-02 -3.457791448428431114e-01 2.230952997805798754e-01
1.215099662192734853e-01 -4.504842046489462293e-01 1.796478645304647181e-01
1.672512795253302542e-01 -4.564094610887970971e-01 1.915926605878778277e-01
1.298596009906745896e-01 -4.121018914736221950e-01 1.544070189673345528e-01
1.028968537686591328e-01 -3.674175128610069896e-01 1.446988492681779148e-01
2.640701287080707976e-02 -3.249392513710518404e-01 1.587515347099622276e-01
-1.938137972509252904e-01 -9.940359558453593439e-03 4.200822699149516781e-01
-3.855919019742428538e-02 9.965880235151858280e-02 3.670774018117872739e-01
1.033864888030382526e-02 6.878428430698557694e-02 2.781030436818437979e-01
9.495519569857341358e-02 2.267328043071993593e-02 2.677490845786203999e-01
1.205063428519126678e-01 -3.690877450149437217e-02 2.931589593228048352e-01
7.792171589223153422e-03 8.576040546861922464e-02 4.803266852403551002e-01
-2.048397004522757858e-01 4.863200667354571349e-01 4.746520893570422839e-01
2.487328839950154469e-01 4.718649392994845870e-01 -3.016099500326984706e-01
2.202219049036059362e-01 4.665264276681134747e-01 -3.960852962281342093e-01
-2.618736137354081839e-01 4.190141379327770865e-01 -4.745579230389614933e-01
2.628465259857215020e-01 6.443100975363527660e-02 -3.634029686575054319e-01
3.203723183701826516e-01 4.784282638512678265e-02 -3.653601661451915117e-01
3.504572362951525188e-01 1.162834848372035629e-01 -2.236563900213306422e-01
2.496875957136458490e-01 5.725378615223912504e-02 -2.958669435347565102e-01
1.140651285030787054e-01 1.548593812105322765e-01 -3.271505355966903839e-01
9.981582354783283262e-02 1.412899702659368983e-01 -3.890798012419456331e-01
3.854922182361534833e-01 1.496952138649061959e-01 -2.215507247187663564e-01
1.053589755530402461e-01 2.426500579207817865e-01 -3.241095442059581666e-01
1.259913037673446312e-01 2.408874897381615421e-01 -2.735560540541543961e-01
1.187611470370886491e-01 2.103887586614946459e-01 -3.070382062120458055e-01
1.016283291379584952e-01 2.672093114229026067e-01 -3.658441189589282660e-01
1.302288890675656619e-01 2.896545456001315411e-01 -3.717061294341449940e-01
1.073833351965904626e-01 2.634579883619397322e-01 -4.046121222010303775e-01
2.742548591940712210e-01 3.568985627590233189e-01 -2.510221425943613971e-01
3.503016902636624796e-01 3.329139987857497873e-01 -2.471434532178663213e-01
-4.279150770383755020e-01 -2.489734759547731491e-01 -3.420355048940684761e-01
-3.751816205882214095e-01 -2.669482505324154431e-01 -2.385976335199822274e-01
-3.877998780385644717e-01 -3.582427964301533319e-01 -1.786272344760816422e-01
-4.528103344328662239e-01 -4.634115250322100032e-01 -2.559636032165393260e-01
-4.760077632111854307e-01 9.178165021518773503e-02 3.295183480175581936e-01
-4.946509070823514875e-01 9.138251894912409468e-02 3.400977152529550684e-01
4.671805258008074890e-01 -9.083801700157312364e-02 3.248756487587035058e-01
4.752470080857292833e-01 -1.988943045648021435e-01 3.765966553320732046e-01
4.634303272144601471e-01 2.047139909884329589e-01 4.797187853083084708e-01
-8.496256790092157618e-02 -4.324108568640158134e-01 2.669098738077187449e-01
3.754947560312410504e-02 -4.799407830999243285e-01 2.250060105792669185e-01
5.538646730357342507e-02 -4.734055202941068186e-01 3.735619672740881358e-01
-2.992079971519845394e-01 -9.255976584336345070e-02 1.130314936877940268e-01
-3.317204822173975276e-01 -4.299683324095435882e-02 -1.335182370049218525e-01
-3.249669172467077316e-01 -9.257632335586718497e-02 -1.355752610339044373e-01
-4.238043397498882370e-01 2.493397897847942496e-02 1.728384553202457624e-02
-2.144510011561939489e-01 -3.779926156107688007e-02 7.699571548210733252e-02
-2.081801373126995480e-01 -8.442787036417734314e-02 6.274253645907591770e-02
-2.515833152014341767e-01 -8.761313257775896202e-02 1.031204166451369364e-01
-2.217820674258081104e-01 4.384587487806288625e-02 -6.008882352293264117e-03
-2.533661362179298049e-01 7.200098462417187095e-02 1.928650474343837629e-02
-2.024456317911486336e-01 -8.296253849540541347e-02 1.150322546623226694e-02
-1.961553420274488868e-01 -8.564801788319836851e-02 -2.720776122696427074e-02
-2.170470509649812252e-01 -1.162939998644896000e-01 -1.860002726920240157e-02
-2.135100813932067909e-01 -4.680491465830862591e-02 -6.714727751447703563e-02
-2.654539660984297500e-01 -4.977326547030482690e-02 -9.610622743099889176e-02
-1.975271357874291978e-01 2.643318385910148338e-02 6.033075171264062897e-02
-1.915386741946536187e-01 5.297915611591451357e-02 7.606565380033404947e-03
-2.314032104067669515e-01 8.771934642776572921e-02 3.016524221152164925e-02
-2.089529999853026176e-01 -5.739655131175797412e-03 -8.427770942201544269e-02
-2.040479514084520829e-01 1.173839154473165641e-02 -6.156815564502586546e-02
-1.980471160146041465e-01 1.830111542802357466e-03 -8.903344681487154744e-02
-2.312680919888437381e-01 -2.249371160970927153e-01 -4.170294395044035207e-01
-1.632601668336197687e-01 -2.779650150898796412e-01 -3.990556602782062701e-01
4.053726459604518606e-01 -2.142301307222798101e-01 -3.472248299535571348e-01
4.329227268753453872e-01 -3.369333890817742261e-01 -4.289196392964350069e-01
3.740835008404100326e-01 -4.258145678447405880e-01 -1.616552837510361329e-01
3.638227203785734387e-01 -4.354197445244437636e-01 -2.284439735081078005e-01
4.260473886708333047e-01 -4.569951224996164907e-01 -1.941440403097863809e-01
-4.484178648949769808e-01 1.453369247219084281e-01 -1.805235344661083596e-01
-4.509250317011601061e-01 2.311843288784188044e-01 -7.616820801350178416e-02
-4.278550826540271079e-01 1.784840194846546713e-01 -2.350979839099803792e-01
-4.266753467030197089e-01 1.689140689768878212e-01 -2.829601786492307314e-01
-4.148430542662979725e-01 3.261599515212822986e-01 -2.582690765277434464e-01
-4.716191276786295128e-01 4.260075117728188143e-01 -1.819461225051419717e-01
8.885084846515449442e-02 2.382467365603213871e-01 -4.868506580160812947e-01
3.673068885808495471e-02 1.310342967980404061e-01 -4.901176682898595871e-01
-4.719481921679490322e-01 8.236755497823784744e-02 3.440408152990531154e-01
-4.443674256563465153e-01 5.793245713557816645e-02 4.139093365443685113e-01
-4.014669752688197479e-01 8.393595727931747741e-02 2.750198860819916269e-01
-4.502986089332347008e-01 9.671338831714236528e-02 3.075967800952520426e-01
-3.197607848787525353e-01 6.241687917737544222e-02 3.270014519044203150e-01
-4.157343215621542853e-01 -1.809321581018343700e-03 1.340381711192443481e-01
-3.204642204876799738e-01 1.669471433883428640e-02 4.033049404336486177e-01
-3.777598940498689273e-01 7.061679213076616640e-03 4.383081441429097502e-01
-2.582343125652476479e-01 -1.757554627337645087e-02 2.960215618581656383e-01
-2.780884344021223864e-01 -2.370420529126822384e-02 3.934894202828354559e-01
-3.103408561009277089e-01 -1.020362836801405465e-01 1.686675067942124406e-01
-2.889322916974488287e-01 -1.086288221221474171e-01 2.089097803183579127e-01
-2.997462449895429426e-01 -1.795521994131601684e-01 2.400177979932765493e-01
1.641035457699902278e-01 -8.642036061570455840e-02 3.166873448255926315e-01
3.907497010274232213e-02 -1.273884197780032479e-01 2.492678348563106550e-01
1.673369506374692839e-01 -4.360289347104149282e-01 2.481364710220978487e-01
1.727992156632215393e-01 -4.569400807981031654e-01 3.660372646089729565e-01
2.397271896140075464e-01 -1.535943753163845626e-01 2.554849486296317251e-01
6.373576109083343988e-02 -2.260959632025072996e-01 1.263258938223970895e-01
9.516189643437387990e-02 -2.768052279860257481e-01 1.287147780499061922e-01
2.364552508828124122e-01 -3.499935989994323871e-01 1.455965722563365983e-01
1.935180906301625370e-01 -3.041187705914077388e-01 1.592557695596343303e-01
1.480052290532107018e-01 -2.906241898803912926e-01 1.291674430409401886e-01
1.354579769512717635e-01 -3.380495112809671077e-01 1.638643723330392987e-01
2.081475625379072270e-01 -3.746062607864009686e-01 1.383663330498045574e-01
1.621727158267659008e-01 -3.803160262494177934e-01 1.659568743472674412e-01
1.737298852187351417e-01 -4.069651161128961525e-01 1.886957807779147123e-01
-8.295352201523659152e-02 -3.403759224691345620e-01 3.015558682733607276e-01
-2.108822449783762099e-01 -4.695465772429299744e-01 3.138727697377161618e-01
-9.895189508032765577e-03 -4.573907684194729040e-01 3.913521426892280219e-01
-8.802178426467231753e-02 -2.958814302394329743e-01 3.382675331733848711e-01
-4.561538635201364822e-02 -2.302903434277856209e-01 3.526076133217297959e-01
-1.636363585052157954e-01 -2.389468079455489835e-01 3.307698671345290498e-01
-1.472939131036294924e-01 -2.978730185791330087e-01 2.843179593943355732e-01
-1.950495460643132117e-01 -3.447244221417171683e-01 3.406779383900848668e-01
-1.425793271258260775e-01 -3.063650668586605508e-01 3.229480342779009749e-01
-4.484518906944616468e-02 -3.651963412356555305e-01 4.393264499740227591e-01
-4.810238319528358786e-01 4.768279111534618475e-01 3.070413484707893992e-01
-4.727119074304694801e-01 3.102617865662745666e-01 3.489752310722151751e-01
-4.858447859380704004e-01 4.035392145897143679e-01 2.758617009190803548e-01
-1.328578248668231265e-01 4.684240576004545797e-01 -3.604034782952634242e-01
3.299124154994381719e-02 4.511722261725824024e-01 -3.387307997480099031e-01
-1.475815182217407595e-01 4.198312363078398057e-01 -4.464305455381979981e-01
-1.263162455908740378e-01 3.917860652066847971e-01 -4.439160912746116239e-01
-1.081425132834984149e-01 3.700846407839218366e-01 -4.436686067069093853e-01
-7.442341236987863248e-03 3.792423909488258915e-01 -3.737736118616383219e-01
-1.524662918747653716e-02 3.571043486677190071e-01 -4.253283804790238265e-01
4.263330895772103890e-01 3.375504169681597944e-01 -3.870093920972813017e-01
4.349631420496373746e-01 1.914348313145760039e-01 -3.223027004340354162e-01
4.461092576132836274e-01 1.673881098921979338e-01 -4.042659533620633905e-01
3.338725573254779921e-01 4.669770663383085441e-01 4.055325967001014442e-01
4.791198665620217123e-01 3.687898512690601649e-01 2.763860826899644518e-01
-2.971829182065067743e-01 -4.339959676443795877e-01 -2.778019937168938469e-01
-3.750735300380135806e-01 -4.524500240711930577e-01 -3.163781605971164868e-01
-1.165767220150874250e-01 -4.046885715484637158e-01 -3.771271523014220750e-01
-1.742214145426744243e-01 -3.579957423806707784e-01 -3.611795679940764670e-01
-1.259497737989525579e-01 -3.398348117720341177e-01 -4.382139149823612856e-01
-1.716691445425609919e-01 -3.307327316181727928e-01 -4.223017370534836168e-01
-3.604331761675301782e-01 -1.409356965004791851e-01 -1.034621413040223842e-01
-3.386491929538750223e-01 -1.611645393774948365e-01 -1.027943045167746816e-01
-2.763610883356475978e-01 -1.637280304229058181e-01 -1.408238545746467486e-02
-2.824618754282257616e-01 -1.626796099868190459e-01 8.529414199413200282e-02
-2.815838019150233573e-01 -2.417915637318064082e-01 -9.445161216914681190e-02
-2.577005951264884076e-01 -2.111315326103641310e-01 -4.173668912892317118e-02
-3.490779174352856562e-01 -3.599756541070462945e-01 1.361770724385017416e-02
-2.703196957082329988e-01 -3.285848573142375884e-01 -1.228113127237858045e-02
-3.018810241626005419e-01 -3.434718262711007886e-01 4.399199004624234494e-02
-2.699663680204084648e-01 -2.814551402171686645e-01 6.556136874377160861e-02
-3.173426726273428367e-01 -3.071634877736397762e-01 8.796936980947692164e-02
-2.961737674849447277e-01 -2.196533996457905591e-01 1.231949561607988131e-01
-3.550993029332229489e-01 -2.554318244756861311e-01 1.352763595085612336e-01
4.765859799415628206e-01 1.605411219100296230e-02 3.365655994690081032e-01
-4.839491976775303628e-01 -8.530216059776971060e-02 2.124672885154418184e-02
-3.761832519888458348e-01 -2.084757221275416739e-01 -1.379222671059485428e-01
-4.626322735311103607e-01 -1.190604819424937177e-01 2.182727223110205589e-02
-4.287072646006742094e-01 -1.399526558081291838e-01 -4.539776421920586891e-02
-4.044473342291522999e-01 -3.520578346382244872e-01 -1.988963166454803602e-02
-4.468084493698426529e-01 -1.786635014685468703e-01 4.534892045185895393e-02
1.025746629216841288e-01 -1.609412822191460535e-01 -3.906137004319165662e-01
-1.332339145031085914e-01 -2.275778992024149738e-01 -3.957670234368516615e-01
-1.311024709025223056e-01 -2.407414647323202761e-02 -4.696327302873887222e-01
-1.363486928732488279e-01 -5.576390869530799266e-02 -4.207014382225482407e-01
-9.429393556925681763e-02 2.030211755994893591e-02 -4.809940674734214938e-01
-1.371764473997780232e-01 -1.253189827205959395e-01 -3.664052868425141662e-01
-1.727970875291890696e-01 -1.871998927169797877e-01 -4.144533334613498265e-01
4.175112649008917431e-01 2.242379283003829160e-01 -4.670703892423775372e-01
-4.133908481976795168e-01 -1.772700793669661212e-01 3.706077117692363476e-01
-3.358857142717491251e-01 -2.010710136339230181e-01 2.827285349025555061e-01
-3.546479225092901699e-01 -1.204933936211536327e-01 4.279749927612338523e-01
-2.149329306649600813e-01 -2.515402892019249492e-01 3.699218948192206646e-01
-2.346587411761765496e-01 -1.891483629135964906e-01 4.424181438824537627e-01
-3.167993346995104376e-01 -3.903251271389814869e-01 3.554313257506570567e-01
-4.465844607464363181e-01 -3.288478791639826704e-01 4.613512491961923034e-01
-2.394671490202321951e-01 -3.321906335655873121e-01 3.744713318487997711e-01
-3.163094965617639365e-01 -4.196327637100272234e-01 4.591248992797319906e-01
-1.138914703245051258e-01 -1.524643762653898060e-01 4.127786509332938003e-01
1.170909129735721449e-01 -3.946084715414702737e-01 4.629113121585173296e-01
2.367218199917286436e-01 -2.149222064974722346e-01 4.962654877166027823e-01
1.648710257885814823e-01 -1.188283016091609690e-01 4.422313213623227934e-01
2.842938830788368509e-01 -8.772743328327051171e-02 4.798793985081103997e-01
-3.460647923353692423e-01 3.384426923438385582e-01 4.721030102984779542e-01
3.605236890702744335e-01 4.496702058990082462e-01 -4.460010946208807225e-01
4.649364889344015372e-01 -1.485478050876617162e-01 -3.535162971213668959e-01
4.187196998001355142e-01 -7.644592030601683741e-02 -4.212472231439886583e-01
-2.182820331093000554e-01 -3.377725018534654122e-01 -4.948949980635548029e-01
-2.548066449566320224e-01 -2.560348547741302383e-01 -4.538077833409149275e-01
-3.673912943461723479e-01 -3.253284857465923996e-01 -4.420990223814448838e-01
3.585490230724677069e-02 -3.271257150359114241e-01 4.804623175615588826e-01
4.241467013227154248e-01 -4.301162952322035160e-01 3.839327457740967509e-01
2.007497643061207926e-01 4.577372422780415229e-01 -1.016059695810784397e-01
1.469821352677705417e-01 4.542294483905257585e-01 -7.640898918881509905e-02
4.571145909396597262e-01 -3.426635781465531272e-01 4.653561965425248581e-01
-1.266195933379227478e-01 -5.000000000000000000e-01 -1.779105235133463803e-01
-2.297924985864790992e-01 -5.000000000000000000e-01 -1.739216160614650286e-01
-2.363511012118030274e-01 -5.000000000000000000e-01 -1.615144934712284264e-01
-1.816156800274312255e-01 -5.000000000000000000e-01 -4.097558924476345232e-02
-8.028672141175093036e-02 -5.000000000000000000e-01 -9.542862281920576339e-02
-1.233972368949982218e-01 -5.000000000000000000e-01 -3.159065514691855592e-02
-2.159757662412333246e-01 -5.000000000000000000e-01 3.400437479459798157e-02
-3.584214114874185175e-01 -5.000000000000000000e-01 -7.700635929233465293e-02
-3.567948970815753573e-01 -5.000000000000000000e-01 -1.567035347382779789e-02
-2.772213417258422297e-01 -5.000000000000000000e-01 4.619701070209553811e-02
1.495339271028099104e-01 -5.000000000000000000e-01 -5.681451554565092321e-02
2.408665081113435524e-01 -5.000000000000000000e-01 -8.825904965953858261e-02
1.837865561140371029e-01 -5.000000000000000000e-01 -1.265159165290543619e-01
1.432898223671449922e-01 -5.000000000000000000e-01 -9.006413884661826352e-02
-5.000000000000000000e-01 -4.723339709813190179e-01 1.785894590113306091e-01
-4.653742372538939853e-01 -5.000000000000000000e-01 2.617222526512938963e-01
-5.000000000000000000e-01 -4.791720643589959527e-01 7.901705479252871256e-02
-3.143715749962184836e-01 -5.000000000000000000e-01 2.315779304745630984e-01
-1.233972368949982218e-01 5.000000000000000000e-01 -3.159065514691855592e-02
-1.816156800274312255e-01 5.000000000000000000e-01 -4.097558924476345926e-02
-8.028672141175088872e-02 5.000000000000000000e-01 -9.542862281920577727e-02
-2.363511012118030552e-01 5.000000000000000000e-01 -1.615144934712284541e-01
-1.266195933379228034e-01 5.000000000000000000e-01 -1.779105235133463803e-01
-2.297924985864790992e-01 5.000000000000000000e-01 -1.739216160614650286e-01
5.000000000000000000e-01 -6.117344052191387577e-02 1.758092808955305161e-02
5.000000000000000000e-01 -8.964127460901515076e-02 2.422391818490743712e-02
5.000000000000000000e-01 -8.553501137605212801e-02 3.898749095894465944e-03
2.865102223690300237e-02 5.000000000000000000e-01 2.043506181456438697e-01
-9.094840704932788400e-02 5.000000000000000000e-01 2.257896974807891699e-01
-1.409036041083821522e-01 5.000000000000000000e-01 3.105767307394753374e-01
6.054468993014852640e-02 5.000000000000000000e-01 3.794493206624280912e-01
-6.233601884670349896e-02 5.000000000000000000e-01 4.071959247169260609e-01
-1.044016650977067778e-01 5.000000000000000000e-01 3.585482746730220827e-01
1.994327420423139957e-02 5.000000000000000000e-01 4.090251195472492940e-01
-6.313212454393384021e-02 -5.000000000000000000e-01 -3.200678291940267650e-01
-6.186033710403789077e-02 -5.000000000000000000e-01 -3.214378570307077077e-01
1.161413495283313002e-01 -5.000000000000000000e-01 -1.046010513550117704e-01
4.784265608608806453e-02 -5.000000000000000000e-01 -3.095845921134242063e-01
2.534524079551618569e-02 -5.000000000000000000e-01 -3.328640436471972941e-01
5.000000000000000000e-01 1.665809213006301526e-01 -1.096221378467263363e-01
5.000000000000000000e-01 2.411972919328691234e-01 5.513194436726967518e-02
5.000000000000000000e-01 3.004228791752350802e-01 -9.352584267680816299e-02
5.000000000000000000e-01 2.700725538334405318e-01 5.951977243747144652e-02
5.000000000000000000e-01 4.758290197255664045e-01 5.647068127070221932e-02
5.000000000000000000e-01 3.447012939159842526e-01 1.149336707512291222e-01
5.000000000000000000e-01 4.270693117632413105e-01 -1.768312282568264837e-01
-3.567948970815753573e-01 5.000000000000000000e-01 -1.567035347382779442e-02
-2.772213417258421742e-01 5.000000000000000000e-01 4.619701070209551730e-02
-3.584214114874185175e-01 5.000000000000000000e-01 -7.700635929233469457e-02
-2.159757662412332135e-01 5.000000000000000000e-01 3.400437479459796075e-02
-2.656031295763924271e-01 5.000000000000000000e-01 2.610658509880676714e-01
-3.143715749962185391e-01 5.000000000000000000e-01 2.315779304745630707e-01
-1.394275693621129797e-01 5.000000000000000000e-01 4.909810062472214076e-02
-1.291747683482121212e-01 5.000000000000000000e-01 1.885079186453740563e-01
-5.000000000000000000e-01 1.506792719217593945e-01 -4.789922519383074673e-01
-5.000000000000000000e-01 1.352439106178261186e-01 -4.491577786895525892e-01
-5.000000000000000000e-01 3.807262897764761983e-02 -4.566147565454867774e-01
-4.605685359849240879e-01 7.727695376657925386e-02 -5.000000000000000000e-01
-3.614809209617200758e-01 3.195764509601470293e-02 -5.000000000000000000e-01
-3.602629262833544344e-01 2.886823701255072927e-02 -5.000000000000000000e-01
-2.770579229084609851e-01 3.102871465035047724e-02 -5.000000000000000000e-01
-3.173097015779223762e-01 5.671143975727571673e-02 -5.000000000000000000e-01
-4.716339488047334161e-01 -5.000000000000000000e-01 2.758548386997419777e-01
-5.000000000000000000e-01 -4.322461676231912908e-01 2.191012984368288785e-01
4.089793845563781671e-01 -5.000000000000000000e-01 -4.514606329612118052e-01
4.377560968861216040e-01 -5.000000000000000000e-01 -4.402873887169371780e-01
4.437715262834734942e-01 -4.559248765077730248e-01 -5.000000000000000000e-01
1.281780966918721343e-01 2.620292846597808700e-01 5.000000000000000000e-01
1.508955348759969395e-01 2.247795387047587523e-01 5.000000000000000000e-01
3.929020340101728112e-03 1.066110045566357467e-01 5.000000000000000000e-01
4.294677436098696954e-02 2.837205880669064206e-01 5.000000000000000000e-01
-2.329442524325630870e-01 2.224089151742234538e-01 5.000000000000000000e-01
-2.020963797282843838e-02 9.248579924127267593e-02 5.000000000000000000e-01
-1.481800994001643834e-01 3.624024940805338213e-01 5.000000000000000000e-01
-8.376319714104857317e-02 3.861607466429182733e-01 5.000000000000000000e-01
-3.499650086166686963e-02 3.761847903304997853e-01 5.000000000000000000e-01
-2.298723325304946954e-03 9.738487660271823165e-02 5.000000000000000000e-01
-2.295640937722768504e-01 5.000000000000000000e-01 3.054937323727230924e-01
-2.434493557724139168e-01 5.000000000000000000e-01 4.327876851348824716e-01
-2.669494126065741213e-01 4.426613805346035768e-01 5.000000000000000000e-01
-2.747581330778828268e-01 4.149692159787028434e-01 5.000000000000000000e-01
-1.747584268710082045e-01 4.927150773031289677e-01 5.000000000000000000e-01
-1.741422371936441615e-01 4.982823815429875958e-01 5.000000000000000000e-01
-2.499223310463056236e-01 5.000000000000000000e-01 4.739763277670118735e-01
2.105355326294185980e-01 5.000000000000000000e-01 3.624524666345669277e-01
1.888444079066059489e-01 5.000000000000000000e-01 1.826295829506300317e-01
1.251246793873713736e-01 5.000000000000000000e-01 1.279146277989390290e-01
8.377081597856672612e-02 5.000000000000000000e-01 1.404455076151616411e-01
2.262575960311110079e-01 5.000000000000000000e-01 3.776799140910665487e-01
2.371120326272122547e-01 4.912868460320446995e-01 5.000000000000000000e-01
-4.072522004008214402e-01 -5.000000000000000000e-01 4.717543945448449128e-01
-4.818936302858127796e-01 -5.000000000000000000e-01 3.220227571936193911e-01
-5.000000000000000000e-01 -4.387251647813668609e-01 4.461203381271984236e-01
-1.394275693621129797e-01 -5.000000000000000000e-01 4.909810062472215464e-02
-2.656031295763924271e-01 -5.000000000000000000e-01 2.610658509880676714e-01
-1.291747683482121767e-01 -5.000000000000000000e-01 1.885079186453740008e-01
8.377081597856668449e-02 -5.000000000000000000e-01 1.404455076151616688e-01
-1.332153134867483657e-01 -5.000000000000000000e-01 4.580971404768274802e-02
-9.094840704932785624e-02 -5.000000000000000000e-01 2.257896974807891699e-01
2.865102223690300931e-02 -5.000000000000000000e-01 2.043506181456438975e-01
1.251246793873713181e-01 -5.000000000000000000e-01 1.279146277989390845e-01
5.000000000000000000e-01 1.021578726299726819e-01 1.387485382180842497e-01
5.000000000000000000e-01 -5.398641088961056433e-02 1.741985384213593641e-02
5.000000000000000000e-01 1.229460320672129681e-01 -1.438315169063696386e-01
4.642692536625668276e-01 -3.456541336012448618e-01 -5.000000000000000000e-01
5.000000000000000000e-01 -3.244047012749557979e-01 -3.992911277467001696e-01
5.000000000000000000e-01 -4.434676784879618694e-01 -3.162910659514509559e-01
-5.000000000000000000e-01 1.665809213006300971e-01 -1.096221378467263641e-01
-5.000000000000000000e-01 3.004228791752351357e-01 -9.352584267680817687e-02
-5.000000000000000000e-01 1.158659302929806734e-01 -1.808351285273646913e-01
-5.000000000000000000e-01 1.826295276977260573e-01 -3.066907159573313835e-01
-5.000000000000000000e-01 1.229460320672129681e-01 -1.438315169063696108e-01
-5.000000000000000000e-01 3.620597868925222174e-01 -2.965260566683568522e-01
-5.000000000000000000e-01 4.292615407668968763e-01 -1.812289339613355477e-01
-5.000000000000000000e-01 4.270693117632412550e-01 -1.768312282568264837e-01
-5.000000000000000000e-01 2.700725538334405318e-01 5.951977243747146734e-02
-5.000000000000000000e-01 2.411972919328691511e-01 5.513194436726967518e-02
-5.000000000000000000e-01 -7.820331702796445850e-02 -2.333659849630890237e-01
-5.000000000000000000e-01 -1.205931378212155847e-01 -3.427115404859302772e-01
-5.000000000000000000e-01 -9.963843552565829209e-02 -3.785950596887801001e-01
-5.000000000000000000e-01 -5.398641088961057127e-02 1.741985384213593988e-02
-5.000000000000000000e-01 1.021578726299726680e-01 1.387485382180842497e-01
-3.362176710386103329e-01 3.374117355032421051e-01 -5.000000000000000000e-01
-5.000000000000000000e-01 4.167071911430315079e-01 -3.994899962320849207e-01
-3.573687486465255136e-01 3.729923552422006461e-01 -5.000000000000000000e-01
-3.393781880180150590e-01 3.628106429791645438e-01 -5.000000000000000000e-01
-5.000000000000000000e-01 4.758290197255664045e-01 5.647068127070221238e-02
-5.000000000000000000e-01 3.447012939159843081e-01 1.149336707512291778e-01
-4.890024152864156370e-01 5.000000000000000000e-01 -2.043401139944409362e-01
-4.528371052498766924e-01 5.000000000000000000e-01 -3.013150228654463136e-01
-2.526749657910939972e-01 5.000000000000000000e-01 -2.799090943158250022e-01
-3.550571966244396860e-01 5.000000000000000000e-01 -3.407445677236928261e-01
-3.840297593690109590e-01 4.675697440817956352e-01 -5.000000000000000000e-01
-5.000000000000000000e-01 4.447971438142817591e-01 -4.050982580358740703e-01
-2.496025715737121287e-01 2.196201725634754909e-01 -5.000000000000000000e-01
1.888444079066060044e-01 -5.000000000000000000e-01 1.826295829506300039e-01
6.054468993014850559e-02 -5.000000000000000000e-01 3.794493206624281467e-01
2.105355326294185980e-01 -5.000000000000000000e-01 3.624524666345669277e-01
4.466736152120271419e-01 -5.000000000000000000e-01 9.529158761351190499e-02
3.823501480681970044e-01 -5.000000000000000000e-01 -5.987672169445557024e-02
-2.295640937722768504e-01 -5.000000000000000000e-01 3.054937323727231480e-01
-2.434493557724137225e-01 -5.000000000000000000e-01 4.327876851348814169e-01
-1.409036041083821522e-01 -5.000000000000000000e-01 3.105767307394753374e-01
-1.044016650977067778e-01 -5.000000000000000000e-01 3.585482746730220827e-01
1.994327420423143774e-02 -5.000000000000000000e-01 4.090251195472492940e-01
-6.233601884670349202e-02 -5.000000000000000000e-01 4.071959247169260609e-01
-4.653742372538940408e-01 5.000000000000000000e-01 2.617222526512938963e-01
-5.000000000000000000e-01 3.878204653374579536e-01 2.546552504225620406e-01
-5.000000000000000000e-01 3.848256997450885120e-01 2.697977361035829857e-01
-5.000000000000000000e-01 4.992322513298407816e-01 3.190260644340455198e-01
-4.716339488047334716e-01 5.000000000000000000e-01 2.758548386997419777e-01
-5.000000000000000000e-01 9.218261865280699685e-02 3.208683037401632854e-01
-5.000000000000000000e-01 3.098618877839184882e-01 3.247641387044475358e-01
-1.193130842129413727e-01 5.000000000000000000e-01 -3.500949039276504693e-01
-6.313212454393371531e-02 5.000000000000000000e-01 -3.200678291940269871e-01
-6.395096305255525138e-02 5.000000000000000000e-01 -3.220499859739943127e-01
-6.186033710403796015e-02 5.000000000000000000e-01 -3.214378570307077077e-01
-2.329442524325630315e-01 2.224089151742234816e-01 -5.000000000000000000e-01
-1.481800994001644112e-01 3.624024940805338213e-01 -5.000000000000000000e-01
-2.747581330778827158e-01 4.149692159787029544e-01 -5.000000000000000000e-01
5.000000000000000000e-01 4.292615407668968763e-01 -1.812289339613355199e-01
5.000000000000000000e-01 3.620597868925222729e-01 -2.965260566683569077e-01
5.000000000000000000e-01 1.158659302929806317e-01 -1.808351285273646913e-01
5.000000000000000000e-01 1.826295276977260573e-01 -3.066907159573314390e-01
5.000000000000000000e-01 3.848256997450885120e-01 2.697977361035830413e-01
3.713282397707535210e-01 5.000000000000000000e-01 4.019285787951169531e-01
3.630154380949210391e-01 4.687573199647053213e-01 5.000000000000000000e-01
4.234035959664607662e-01 2.745748193123507819e-01 5.000000000000000000e-01
5.000000000000000000e-01 2.681605533303738076e-01 4.619395318248368798e-01
5.000000000000000000e-01 2.761759660097632407e-01 3.803344601211561815e-01
5.000000000000000000e-01 3.098618877839184882e-01 3.247641387044475914e-01
4.116558266151789658e-01 2.417667538570181796e-01 5.000000000000000000e-01
2.562816441993238104e-01 1.906141895493321803e-01 5.000000000000000000e-01
4.169086760731050001e-01 2.451572415972880226e-01 5.000000000000000000e-01
4.815488205822607837e-01 1.761321739694047817e-01 5.000000000000000000e-01
4.248588545511804426e-01 2.209410959302889610e-01 5.000000000000000000e-01
5.000000000000000000e-01 1.019809415358530480e-01 3.521625789275825147e-01
4.062811849108821094e-01 2.189564307798732012e-01 5.000000000000000000e-01
5.000000000000000000e-01 8.443306985972437451e-02 3.317335493589707029e-01
5.000000000000000000e-01 9.218261865280699685e-02 3.208683037401632854e-01
5.000000000000000000e-01 3.878204653374579536e-01 2.546552504225620406e-01
4.510470626134149841e-01 5.000000000000000000e-01 9.738180815807517821e-02
-2.526749657910939972e-01 -5.000000000000000000e-01 -2.799090943158250022e-01
-6.395096305255552893e-02 -5.000000000000000000e-01 -3.220499859739944237e-01
-1.193130842129413727e-01 -5.000000000000000000e-01 -3.500949039276504138e-01
5.000000000000000000e-01 -1.260000921820306208e-01 5.560563312666626234e-02
5.000000000000000000e-01 5.934260745639401147e-02 3.365015651252200590e-01
5.000000000000000000e-01 -6.713705227818844712e-02 2.631083407891359194e-01
2.452858031985495346e-01 -5.000000000000000000e-01 -2.952887091653853546e-01
4.528584598108328918e-01 -5.000000000000000000e-01 -1.801037916642771186e-01
2.254795417569051552e-01 -5.000000000000000000e-01 -2.711873980085196534e-01
5.000000000000000000e-01 -4.594522986919906682e-01 -2.103751568099943015e-01
2.533401831379401559e-01 -5.000000000000000000e-01 -3.819973139869605183e-01
5.000000000000000000e-01 -3.580943293002930017e-01 -1.401868562895383086e-01
4.510470626134149841e-01 -5.000000000000000000e-01 9.738180815807516433e-02
5.000000000000000000e-01 -4.791720643589959527e-01 7.901705479252871256e-02
5.000000000000000000e-01 -3.446914026715375834e-01 -2.291237021536705193e-02
-5.000000000000000000e-01 -8.553501137605207250e-02 3.898749095894438188e-03
-5.000000000000000000e-01 -1.249332003683176484e-01 -1.798228280579248217e-01
-5.000000000000000000e-01 -1.969254364437001414e-01 -2.193127699973156652e-01
-5.000000000000000000e-01 -8.964127460901510913e-02 2.422391818490737120e-02
-5.000000000000000000e-01 -3.580943293002930572e-01 -1.401868562895383086e-01
-5.000000000000000000e-01 -1.260000921820306763e-01 5.560563312666622071e-02
-5.000000000000000000e-01 -1.882260678085475036e-01 7.123672144452330990e-02
-5.000000000000000000e-01 -3.446914026715375834e-01 -2.291237021536704499e-02
-5.000000000000000000e-01 -6.117344052191367454e-02 1.758092808955303080e-02
-5.000000000000000000e-01 -1.829448318914770888e-01 -3.217729503183333617e-01
-5.000000000000000000e-01 -4.594522986919906682e-01 -2.103751568099943015e-01
-5.000000000000000000e-01 -3.244047012749557979e-01 -3.992911277467001141e-01
-5.000000000000000000e-01 -4.434676784879618139e-01 -3.162910659514509559e-01
-5.000000000000000000e-01 -6.713705227818844712e-02 2.631083407891359194e-01
-5.000000000000000000e-01 8.443306985972438838e-02 3.317335493589707029e-01
-5.000000000000000000e-01 5.934260745639394902e-02 3.365015651252200035e-01
-4.890024152864156370e-01 -5.000000000000000000e-01 -2.043401139944408806e-01
-5.000000000000000000e-01 -2.755093221199960141e-01 2.179518301560559035e-01
3.169709532197353963e-02 -3.047426864156704829e-01 -5.000000000000000000e-01
3.855907738782680949e-02 -3.039729657885238967e-01 -5.000000000000000000e-01
1.175517609793872709e-01 -1.894829391271267705e-01 -5.000000000000000000e-01
1.171148277856202541e-01 -1.057752556345036010e-01 -5.000000000000000000e-01
-1.616005087250191319e-01 -1.634475910789646991e-01 -5.000000000000000000e-01
9.631703576007663581e-02 -8.433815843173636528e-02 -5.000000000000000000e-01
-1.310838062459757092e-01 -3.742851893856125045e-02 -5.000000000000000000e-01
4.191146066298423456e-02 -3.391158123876035768e-01 -5.000000000000000000e-01
2.083316558568262811e-02 -3.367372952117789753e-01 -5.000000000000000000e-01
-2.020963797282841062e-02 9.248579924127266205e-02 -5.000000000000000000e-01
-1.377691572825561206e-01 -1.100022988503886190e-02 -5.000000000000000000e-01
-2.298723325304975577e-03 9.738487660271824553e-02 -5.000000000000000000e-01
-4.528371052498766369e-01 -5.000000000000000000e-01 -3.013150228654463691e-01
5.000000000000000000e-01 -4.322461676231914018e-01 2.191012984368288508e-01
5.000000000000000000e-01 -4.723339709813190179e-01 1.785894590113306646e-01
5.000000000000000000e-01 -2.755093221199960141e-01 2.179518301560559035e-01
5.000000000000000000e-01 -1.882260678085475036e-01 7.123672144452335153e-02
-3.305165166011725941e-01 5.000000000000000000e-01 -4.905009735364201373e-01
2.777519109532471941e-01 1.738636635834230892e-01 -5.000000000000000000e-01
2.562816441993237548e-01 1.906141895493322080e-01 -5.000000000000000000e-01
1.508955348759969117e-01 2.247795387047587801e-01 -5.000000000000000000e-01
2.697517156073268030e-01 -5.637035118198039513e-02 -5.000000000000000000e-01
3.929020340101751531e-03 1.066110045566358022e-01 -5.000000000000000000e-01
4.062811849108820539e-01 2.189564307798732012e-01 -5.000000000000000000e-01
4.116558266151780221e-01 2.417667538570177910e-01 -5.000000000000000000e-01
-4.193477265437058898e-01 -3.293929540317218629e-01 5.000000000000000000e-01
-3.553750324487107703e-01 -1.702416341653044674e-01 5.000000000000000000e-01
-2.360419905802087492e-01 -2.248992578687257216e-01 5.000000000000000000e-01
-2.333941411808501398e-01 -3.476491712029159964e-01 5.000000000000000000e-01
-2.520672740050949323e-01 -3.682824160396736546e-01 5.000000000000000000e-01
-3.146136733214152659e-01 -3.988444861891247140e-01 5.000000000000000000e-01
-4.605685359849241434e-01 7.727695376657919835e-02 5.000000000000000000e-01
-3.614809209617200203e-01 3.195764509601467518e-02 5.000000000000000000e-01
-5.000000000000000000e-01 4.611878178224911029e-02 3.447866314476751293e-01
-3.768035450889706262e-01 -1.279080099962833228e-01 5.000000000000000000e-01
-5.000000000000000000e-01 -2.094884241710415484e-01 3.959210256353196122e-01
-3.602629262833544344e-01 2.886823701255077784e-02 5.000000000000000000e-01
-5.000000000000000000e-01 -1.249024392136715012e-01 3.333597592484782712e-01
-5.000000000000000000e-01 -1.860716259482955437e-01 3.501350470759423406e-01
-5.000000000000000000e-01 -3.435072624294273624e-01 4.823729584426957318e-01
-3.257175270193262695e-01 -4.771379402934542990e-01 5.000000000000000000e-01
-2.499223310463056236e-01 -5.000000000000000000e-01 4.739763277670119290e-01
-1.087010572023093674e-01 -3.810648373540554967e-01 5.000000000000000000e-01
-1.377691572825561206e-01 -1.100022988503889312e-02 5.000000000000000000e-01
-2.770579229084608741e-01 3.102871465035047030e-02 5.000000000000000000e-01
-1.310838062459756814e-01 -3.742851893856120882e-02 5.000000000000000000e-01
-1.616005087250191319e-01 -1.634475910789646991e-01 5.000000000000000000e-01
-3.173097015779223207e-01 5.671143975727573755e-02 5.000000000000000000e-01
-2.496025715737121009e-01 2.196201725634754909e-01 5.000000000000000000e-01
9.642447498741098244e-02 -3.970199631595411338e-01 5.000000000000000000e-01
2.262575960311109802e-01 -5.000000000000000000e-01 3.776799140910666042e-01
1.463897395912911181e-01 -4.039388540106477743e-01 5.000000000000000000e-01
3.853505762279382241e-01 -2.444433803732294630e-01 5.000000000000000000e-01
3.098854953432025883e-01 -2.396254573588429970e-01 5.000000000000000000e-01
3.937991129487229403e-01 -1.854001449206294228e-01 5.000000000000000000e-01
3.516049039596998993e-01 -1.151437187925502953e-01 5.000000000000000000e-01
3.484088926147623222e-01 -1.041300394793755191e-01 5.000000000000000000e-01
5.000000000000000000e-01 4.611878178224913111e-02 3.447866314476751848e-01
2.697517156073268030e-01 -5.637035118198031880e-02 5.000000000000000000e-01
2.777519109532472497e-01 1.738636635834230892e-01 5.000000000000000000e-01
9.631703576007660805e-02 -8.433815843173636528e-02 5.000000000000000000e-01
5.000000000000000000e-01 -1.860716259482955159e-01 3.501350470759422850e-01
5.000000000000000000e-01 -1.249024392136715012e-01 3.333597592484782712e-01
5.000000000000000000e-01 -2.094884241710415484e-01 3.959210256353196122e-01
-5.000000000000000000e-01 1.019809415358531035e-01 3.521625789275825702e-01
-5.000000000000000000e-01 2.761759660097631852e-01 3.803344601211561815e-01
-5.000000000000000000e-01 2.681605533303736966e-01 4.619395318248368798e-01
-3.362176710386103884e-01 3.374117355032421606e-01 5.000000000000000000e-01
4.466736152120271419e-01 5.000000000000000000e-01 9.529158761351191886e-02
-2.669494126065740658e-01 4.426613805346034658e-01 -5.000000000000000000e-01
-1.747584268710082045e-01 4.927150773031289677e-01 -5.000000000000000000e-01
5.000000000000000000e-01 4.167071911430315634e-01 -3.994899962320849762e-01
4.234035959664607662e-01 2.745748193123507819e-01 -5.000000000000000000e-01
4.089793845563781671e-01 5.000000000000000000e-01 -4.514606329612119162e-01
3.630154380949210391e-01 4.687573199647052657e-01 -5.000000000000000000e-01
4.169086760731049446e-01 2.451572415972882169e-01 -5.000000000000000000e-01
4.248588545511804426e-01 2.209410959302889887e-01 -5.000000000000000000e-01
5.000000000000000000e-01 1.352439106178261741e-01 -4.491577786895525892e-01
1.281780966918722175e-01 2.620292846597808700e-01 -5.000000000000000000e-01
2.371120326272122825e-01 4.912868460320446440e-01 -5.000000000000000000e-01
-3.393781880180151145e-01 3.628106429791645993e-01 5.000000000000000000e-01
-3.550571966244396860e-01 -5.000000000000000000e-01 -3.407445677236927706e-01
3.853505762279382796e-01 -2.444433803732294075e-01 -5.000000000000000000e-01
3.098854953432025883e-01 -2.396254573588429415e-01 -5.000000000000000000e-01
2.059342812554430802e-01 -2.727550621799837982e-01 -5.000000000000000000e-01
1.461499693302786285e-01 -3.832353423378078716e-01 -5.000000000000000000e-01
8.955457995615062616e-02 -3.833737079614029097e-01 -5.000000000000000000e-01
5.000000000000000000e-01 -1.249332003683176207e-01 -1.798228280579247662e-01
5.000000000000000000e-01 -7.820331702796443074e-02 -2.333659849630890237e-01
5.000000000000000000e-01 -1.969254364437001414e-01 -2.193127699973156652e-01
5.000000000000000000e-01 -1.829448318914770888e-01 -3.217729503183333617e-01
3.937991129487229403e-01 -1.854001449206294228e-01 -5.000000000000000000e-01
5.000000000000000000e-01 -9.963843552565829209e-02 -3.785950596887801001e-01
3.484088926147624332e-01 -1.041300394793755191e-01 -5.000000000000000000e-01
5.000000000000000000e-01 3.807262897764764065e-02 -4.566147565454867774e-01
3.516049039597001213e-01 -1.151437187925506839e-01 -5.000000000000000000e-01
5.000000000000000000e-01 -1.205931378212155847e-01 -3.427115404859302772e-01
-4.193477265437058343e-01 -3.293929540317218629e-01 -5.000000000000000000e-01
-3.768035450889706817e-01 -1.279080099962832673e-01 -5.000000000000000000e-01
-3.553750324487108259e-01 -1.702416341653044951e-01 -5.000000000000000000e-01
-2.360419905802087492e-01 -2.248992578687257216e-01 -5.000000000000000000e-01
-3.146136733214152659e-01 -3.988444861891248250e-01 -5.000000000000000000e-01
-2.520672740050948768e-01 -3.682824160396735991e-01 -5.000000000000000000e-01
-2.333941411808501676e-01 -3.476491712029159964e-01 -5.000000000000000000e-01
-1.737787889280952291e-01 -5.000000000000000000e-01 -4.995244267915420200e-01
-1.087010572023093535e-01 -3.810648373540554967e-01 -5.000000000000000000e-01
3.169709532197350493e-02 -3.047426864156703719e-01 5.000000000000000000e-01
1.175517609793872709e-01 -1.894829391271265484e-01 5.000000000000000000e-01
3.855907738782676786e-02 -3.039729657885238412e-01 5.000000000000000000e-01
1.171148277856202541e-01 -1.057752556345036427e-01 5.000000000000000000e-01
4.191146066298429701e-02 -3.391158123876035768e-01 5.000000000000000000e-01
8.955457995615057065e-02 -3.833737079614027987e-01 5.000000000000000000e-01
2.059342812554430524e-01 -2.727550621799837982e-01 5.000000000000000000e-01
1.461499693302786007e-01 -3.832353423378079826e-01 5.000000000000000000e-01
2.083316558568262464e-02 -3.367372952117789198e-01 5.000000000000000000e-01
4.982753657851882734e-01 -5.000000000000000000e-01 3.204631657857788807e-01
3.713282397707534654e-01 -5.000000000000000000e-01 4.019285787951169531e-01
1.495339271028099382e-01 5.000000000000000000e-01 -5.681451554565087464e-02
3.823501480681969489e-01 5.000000000000000000e-01 -5.987672169445556331e-02
2.408665081113434692e-01 5.000000000000000000e-01 -8.825904965953858261e-02
1.161413495283313696e-01 5.000000000000000000e-01 -1.046010513550118537e-01
1.432898223671449922e-01 5.000000000000000000e-01 -9.006413884661831903e-02
4.784265608608792575e-02 5.000000000000000000e-01 -3.095845921134244283e-01
2.254795417569051552e-01 5.000000000000000000e-01 -2.711873980085195424e-01
1.837865561140370751e-01 5.000000000000000000e-01 -1.265159165290544174e-01
2.534524079551624468e-02 5.000000000000000000e-01 -3.328640436471972941e-01
-1.332153134867483657e-01 5.000000000000000000e-01 4.580971404768273414e-02
-3.573687486465255136e-01 3.729923552422007016e-01 5.000000000000000000e-01
-4.818936302858127796e-01 5.000000000000000000e-01 3.220227571936193911e-01
4.294677436098695567e-02 2.837205880669064206e-01 -5.000000000000000000e-01
-8.376319714104860092e-02 3.861607466429182733e-01 -5.000000000000000000e-01
-3.499650086166682800e-02 3.761847903304997853e-01 -5.000000000000000000e-01
5.913952559675124399e-02 5.000000000000000000e-01 -3.788137672425807567e-01
2.321203143251537870e-01 5.000000000000000000e-01 -4.056561396870732583e-01
4.642692536625668276e-01 -3.456541336012448618e-01 5.000000000000000000e-01
5.000000000000000000e-01 -3.435072624294273624e-01 4.823729584426957873e-01
5.000000000000000000e-01 -4.387251647813668609e-01 4.461203381271983681e-01
2.533401831379401559e-01 5.000000000000000000e-01 -3.819973139869605183e-01
2.452858031985495901e-01 5.000000000000000000e-01 -2.952887091653852991e-01
4.528584598108328918e-01 5.000000000000000000e-01 -1.801037916642771186e-01
4.437715262834734942e-01 -4.559248765077730248e-01 5.000000000000000000e-01
