258 264
669 801
536 537
759 286
460 664
641 410
510 1127
19 18
860 863
879 876
871 872
926 579
963 726
498 775
912 909
904 905
184 1089
245 186
122 115
635 637
85 84
388 387
676 674
602 1317
967 966
919 926
366 1216
525 212
623 1337
675 565
489 295
224 220
963 968
12 486
162 165
653 891
1022 1023
173 174
394 1182
432 434
879 745
505 504
425 1235
589 354
1 67
113 16
153 52
71 19
538 537
727 998
768 770
272 274
833 835
243 246
75 110
616 1200
545 553
91 1048
785 571
36 38
109 1157
561 677
30 223
546 554
586 590
978 965
638 637
609 610
641 642
200 1071
185 1152
292 265
627 106
598 600
761 1301
355 550
642 643
444 133
634 639
674 675
941 939
146 147
326 114
445 443
82 1054
936 946
394 397
131 432
158 157
264 287
168 170
5 63
867 1296
221 218
147 3
651 705
752 757
803 802
237 427
64 90
804 803
644 1267
796 799
369 991
279 280
754 573
837 836
42 44
228 234
166 1130
39 38
645 1341
870 869
345 346
215 645
43 44
302 304
338 343
378 379
626 630
1007 587
301 690
712 1241
500 899
773 1254
569 95
813 721
759 750
98 101
670 672
604 1319
161 157
981 979
777 1260
551 428
633 1226
914 925
474 473
678 797
532 185
278 189
744 742
736 738
256 250
81 169
748 749
671 120
648 1236
408 155
820 737
57 306
530 526
209 211
781 782
371 618
828 1275
205 1066
770 772
363 1352
865 866
16 17
77 670
293 145
5 7
852 783
577 578
654 273
1006 612
610 612
578 1175
161 111
71 74
116 225
200 633
43 649
983 978
954 951
662 663
27 152
72 74
156 153
618 1212
995 988
488 483
168 1030
620 1368
178 177
998 999
149 150
1009 1008
440 442
602 361
571 782
222 219
516 208
563 140
761 762
419 275
709 1017
779 1269
213 521
25 92
558 555
504 175
931 922
505 176
361 540
451 1087
540 542
613 612
584 585
570 650
311 310
865 869
677 669
344 343
182 1151
366 1215
377 376
17 70
755 853
199 635
982 981
699 692
399 400
164 1139
942 944
728 984
87 21
328 1222
394 1181
975 977
455 453
415 380
907 842
177 179
465 466
444 443
1015 1375
989 997
668 682
779 778
178 180
259 254
458 463
17 83
492 1104
532 528
812 811
284 283
282 502
834 835
565 561
805 808
506 1119
249 181
878 877
276 1180
366 622
900 901
400 206
560 1197
33 1276
477 80
535 1156
554 1165
904 907
956 954
22 30
424 1076
333 417
620 1331
764 640
417 416
409 412
201 1227
649 1234
450 449
442 445
148 147
720 718
565 286
405 154
483 482
535 529
202 203
118 240
720 574
235 236
738 335
60 11
59 806
756 883
830 832
25 26
583 582
75 112
302 303
627 625
294 299
834 838
616 1202
561 679
47 49
335 336
509 1131
306 309
439 1086
734 872
777 1259
130 434
90 132
383 385
423 1077
222 22
672 79
778 389
962 964
993 988
174 1034
112 1050
416 418
633 1251
318 1132
187 186
1025 876
87 364
488 299
133 1123
239 232
242 243
74 21
213 216
420 1261
196 392
492 125
437 338
574 752
851 1295
975 1356
315 348
187 428
276 277
783 1279
807 810
6 7
846 658
598 556
748 1026
837 838
257 263
681 856
447 131
671 662
290 296
341 607
66 259
596 1194
304 725
593 599
397 395
696 691
637 641
109 113
116 1047
128 126
773 1256
423 388
359 898
135 250
390 211
619 1211
906 1360
921 930
401 406
412 415
740 738
85 20
173 1036
355 784
523 511
1012 1374
902 1362
878 824
1003 1004
995 1000
766 768
992 931
230 236
884 760
959 1344
821 820
508 509
548 545
799 801
256 144
854 853
335 28
884 881
772 1247
307 311
156 407
917 914
337 339
909 910
574 840
688 682
787 575
886 288
640 641
452 441
692 688
112 113
2 241
972 971
975 976
953 957
932 934
968 973
695 698
694 95
189 188
698 331
831 1278
805 807
472 289
506 1118
214 631
517 31
160 102
245 246
892 582
838 840
566 826
573 685
580 581
734 904
0 42
687 563
334 561
594 600
673 664
646 647
691 569
1005 994
647 648
186 1063
964 849
990 987
683 570
1001 996
680 681
655 1329
775 1258
163 162
911 1365
473 467
920 927
244 235
1004 1006
236 2
880 1305
974 983
997 1003
233 118
451 426
28 94
461 470
240 242
812 813
79 145
265 6
592 1239
295 294
790 794
842 841
867 1014
732 969
845 846
91 1049
839 543
902 1008
588 1183
350 351
649 647
601 607
614 726
729 1346
339 341
761 1302
944 946
687 795
222 695
299 161
23 77
501 1162
901 1316
675 677
106 111
107 76
986 984
446 445
937 942
967 970
383 770
999 1002
1019 1017
19 84
212 399
1013 1378
494 493
355 1191
774 776
845 836
781 1272
395 636
214 215
13 82
616 195
658 1282
69 62
808 810
41 0
527 531
39 1099
263 458
380 634
657 1318
321 319
84 83
615 616
915 914
576 1177
866 872
605 608
645 644
88 89
880 138
120 121
948 947
294 157
874 1324
446 62
25 414
1029 1020
247 118
86 1056
700 701
431 427
183 182
755 753
154 155
564 139
1006 1009
985 986
604 849
217 211
570 707
780 1268
867 850
840 833
486 484
882 1307
745 744
789 787
656 1342
649 1237
460 468
519 517
242 245
495 425
877 1021
556 557
803 806
621 915
667 653
847 849
188 130
286 287
751 881
176 192
928 922
287 288
628 401
572 686
586 584
422 827
630 627
90 88
309 312
796 659
584 1005
320 321
352 353
769 1248
947 949
367 374
386 387
621 1338
169 1032
412 381
843 833
718 344
441 444
205 204
525 523
773 774
483 297
518 1126
482 481
961 861
518 520
855 1293
925 763
548 547
836 1281
24 398
883 882
282 284
341 190
665 659
311 347
56 57
764 1245
539 556
86 85
906 907
78 81
386 197
84 1053
1022 709
251 45
722 304
123 124
983 982
485 68
262 139
754 750
181 1096
706 710
237 231
769 766
229 227
248 240
488 487
636 1229
918 974
230 228
29 58
155 54
283 1113
213 31
252 251
315 307
576 577
167 149
558 559
285 284
817 819
70 67
201 1067
732 860
351 1350
513 1135
124 1102
330 328
702 694
920 916
217 387
732 716
144 137
357 281
935 932
683 680
374 1217
620 1332
353 1058
526 324
238 186
126 124
568 1207
621 1333
623 930
731 729
957 955
171 1035
711 1242
728 723
151 153
1010 1373
971 975
410 413
868 1297
470 464
911 1367
323 1136
152 154
724 725
225 224
14 449
523 146
997 1005
536 530
251 254
958 1343
179 85
44 40
864 862
324 323
2 43
576 1176
357 356
605 607
958 874
676 667
668 663
47 50
875 876
347 348
794 659
390 389
77 78
291 941
48 51
854 789
908 909
647 496
671 673
392 1206
475 469
454 446
413 414
424 423
511 162
122 121
97 702
321 187
346 360
198 196
858 1029
945 948
1016 1377
457 456
913 1328
715 342
801 796
494 1106
512 513
691 744
491 490
494 495
753 575
466 253
545 546
665 462
822 1273
708 689
837 839
609 603
330 1155
61 60
268 538
342 344
227 128
364 362
905 866
397 396
106 103
587 1371
177 1055
351 285
536 330
948 949
959 958
659 666
143 255
96 1208
651 1265
693 695
290 948
172 169
992 991
183 184
976 903
80 171
11 337
902 1363
715 718
227 226
198 199
855 1292
745 746
228 227
644 779
776 706
541 543
596 595
89 4
618 619
378 1218
629 628
836 841
316 317
555 599
940 935
379 1219
651 652
678 669
579 1179
101 99
349 350
769 1250
684 685
431 239
86 1114
379 350
384 56
448 449
489 487
707 709
342 59
504 1112
1002 1008
960 1011
661 943
537 535
785 786
802 955
809 814
1016 1027
828 827
515 516
588 586
729 1299
27 24
818 819
270 276
511 1125
548 549
333 332
581 583
20 21
52 53
766 628
851 852
271 277
843 848
883 884
326 329
585 589
913 912
64 63
799 661
558 1169
367 366
359 362
921 623
946 945
917 918
735 1027
1028 1014
421 422
656 1326
762 1309
119 120
655 1330
864 1028
351 363
202 383
122 274
329 1221
141 144
713 715
705 711
246 1082
372 193
15 184
714 716
426 249
817 808
33 1205
1018 1382
714 572
108 204
521 522
219 220
981 1361
207 102
710 1262
536 1147
662 273
59 60
886 884
760 287
890 891
588 589
617 1230
828 421
92 93
324 479
63 66
402 398
568 1290
632 631
716 859
873 959
686 687
385 201
158 159
137 136
913 1327
847 906
679 684
719 720
739 735
159 160
406 409
760 758
398 405
934 794
1019 1018
643 767
148 150
151 155
793 562
938 800
1023 1024
355 1192
709 1381
1012 1014
82 177
822 710
1015 1025
827 825
219 331
259 260
291 292
598 592
879 1286
41 37
958 1345
920 908
913 869
472 489
376 372
329 1270
322 1062
181 1081
354 353
681 748
894 892
325 326
195 216
660 661
358 359
911 917
390 391
638 642
811 713
129 127
140 136
693 694
1000 994
443 439
723 722
734 731
646 1231
409 382
715 717
176 180
727 728
767 764
354 1214
486 485
781 784
272 269
531 529
502 1111
373 1321
497 652
393 1073
965 906
549 433
575 571
823 822
476 1100
692 747
673 468
499 1264
882 233
597 595
538 1150
888 887
859 860
205 107
520 1133
579 1178
317 1059
878 1287
889 888
929 924
194 97
611 614
334 751
26 369
288 226
73 72
729 871
95 96
577 99
814 686
1007 1001
179 175
430 431
298 949
977 978
490 1097
988 987
475 173
12 183
460 459
701 27
435 545
1010 1011
973 980
992 993
493 492
464 465
818 697
970 974
795 793
92 413
104 158
736 743
756 758
507 511
697 937
810 814
539 845
978 1359
508 512
190 611
985 931
753 1283
960 1348
376 1186
942 331
32 30
596 597
844 848
108 105
597 1189
37 490
499 1266
626 625
936 293
378 1220
798 817
737 721
109 106
289 939
498 704
467 79
349 352
765 1246
134 135
381 384
24 3
318 221
94 98
182 1093
206 159
196 640
807 793
93 367
33 1204
16 529
459 461
266 295
197 195
152 947
977 981
456 455
87 180
791 790
495 648
1000 1370
176 1161
462 471
834 788
218 519
756 1284
865 861
722 812
197 1203
264 262
297 296
972 614
300 301
436 45
839 844
243 1064
316 394
372 591
31 32
951 941
14 1090
698 697
724 340
407 404
621 1334
583 895
97 98
938 943
957 956
130 132
418 419
149 145
599 1198
711 1243
750 334
762 1310
680 684
451 452
681 685
1012 1013
432 438
512 318
463 462
267 487
1027 1029
148 944
757 759
498 419
809 806
246 320
217 522
977 1357
506 130
572 719
477 481
510 515
550 551
1016 875
282 1115
37 182
562 790
255 261
824 826
912 1349
70 71
209 644
930 929
617 618
908 910
392 765
100 99
712 706
952 953
370 368
650 651
143 60
333 566
193 1185
441 1121
768 1249
1004 999
743 815
403 401
447 444
487 480
883 1303
934 940
706 704
639 385
23 116
956 815
248 1109
249 1084
520 513
241 1080
167 166
636 1224
469 467
32 615
200 199
502 1110
373 1320
9 339
203 204
451 455
650 893
987 923
254 255
815 816
509 1124
266 265
298 297
779 1340
645 1271
249 1094
65 131
291 294
54 58
321 322
622 924
997 47
391 1252
452 1120
553 1164
703 94
587 1372
966 962
365 364
457 447
894 1308
247 494
660 663
347 352
783 733
39 464
881 896
747 816
420 421
280 1163
819 692
185 1158
277 1041
708 824
173 171
113 1051
453 454
279 189
627 1223
72 88
664 674
538 534
901 357
425 248
509 507
406 643
519 520
500 278
778 780
10 5
55 156
960 1347
214 329
221 225
594 550
253 257
552 553
804 954
811 813
516 1129
338 337
676 890
36 35
856 857
346 606
859 862
125 229
746 576
430 456
875 1285
313 20
262 463
129 119
175 86
389 424
701 690
878 1289
892 895
652 654
323 478
951 950
62 65
423 1074
382 384
541 557
51 55
553 1166
349 1116
848 601
726 724
170 1031
41 1233
139 140
305 29
603 360
410 194
741 739
1021 1022
168 23
73 51
855 581
507 163
752 754
771 767
784 786
967 907
526 527
320 1078
825 823
9 8
559 560
257 258
117 1037
42 41
567 829
450 15
100 1173
950 301
696 830
603 602
943 936
615 1199
688 566
593 594
320 1060
534 1149
936 933
537 1154
187 1061
198 1069
300 951
629 632
689 683
969 966
282 1244
308 317
348 353
730 1280
429 1083
699 696
560 1171
950 952
8 61
54 28
481 473
991 989
411 414
201 312
429 319
482 474
733 730
420 1141
435 1122
478 476
183 528
238 235
448 453
791 792
708 1023
606 603
763 995
916 908
275 274
595 593
710 1263
138 125
825 417
300 303
588 1209
858 859
939 933
101 93
362 363
590 370
835 732
193 1184
61 142
395 396
14 1092
555 1168
924 925
639 1228
976 972
428 429
433 544
126 127
559 540
802 792
174 469
440 439
764 765
743 742
163 167
343 134
361 560
190 4
522 514
121 170
661 672
514 510
721 723
562 141
244 240
776 775
243 1145
76 18
758 232
188 345
50 411
474 293
104 202
868 863
11 10
218 223
91 268
831 832
996 1369
18 314
127 1101
223 832
4 7
591 590
543 550
635 633
34 35
556 1195
325 327
587 1001
480 466
67 68
687 679
927 926
481 165
232 135
358 360
952 690
129 128
887 889
100 101
132 133
852 868
391 393
277 1040
45 430
702 700
345 542
964 965
646 1232
857 573
149 78
654 888
258 250
1008 1007
191 605
262 256
643 771
373 1322
501 278
546 429
209 515
464 476
564 563
782 785
233 234
18 1052
568 569
945 290
557 559
296 146
601 602
328 327
331 332
310 309
631 630
124 39
542 552
829 1288
184 1088
35 46
882 885
800 932
667 668
915 919
438 436
396 619
136 134
719 714
427 426
959 961
398 399
774 1255
230 34
491 1098
742 703
13 185
752 753
483 479
14 0
505 503
524 516
497 499
314 1045
1026 1028
1019 580
114 208
322 1144
100 1172
619 1225
814 821
313 310
544 551
852 1298
610 1351
597 1190
46 231
192 285
65 64
804 812
68 69
368 367
899 900
371 372
896 751
404 405
889 1306
533 1159
110 107
439 1153
682 678
102 103
703 701
80 164
66 266
577 741
426 1085
17 1
984 985
142 261
403 216
1003 998
268 1238
470 126
737 735
197 196
170 1033
1017 1018
996 995
168 169
0 1095
260 252
611 1004
471 472
552 280
8 302
887 270
268 1160
501 500
493 496
533 532
986 923
319 1079
231 230
755 761
795 797
955 935
1012 1379
534 533
308 306
99 1174
905 970
829 831
289 292
778 1339
910 905
873 874
393 386
75 76
454 252
615 1201
552 558
792 805
105 104
895 897
655 656
666 665
712 1240
437 433
928 930
1001 1000
1020 1013
440 1091
899 1315
592 1196
142 143
1013 1010
94 740
923 973
312 1043
971 604
276 1105
580 1312
164 166
717 724
777 775
787 788
226 263
373 919
844 541
521 525
471 933
496 123
203 624
828 1274
205 1065
514 1128
872 868
533 535
861 858
606 605
518 1134
307 308
38 40
843 962
749 689
340 341
613 1354
655 1323
422 416
166 81
112 110
392 393
403 402
270 138
1024 749
374 375
1 13
578 928
555 1170
36 465
350 283
271 1039
407 408
1018 1376
739 738
592 539
210 208
458 459
29 53
772 771
524 525
220 150
846 841
237 239
269 271
853 1294
210 630
134 757
871 870
746 875
893 894
864 867
303 305
632 215
376 375
853 857
624 625
96 97
886 890
327 109
332 224
938 937
903 979
851 789
657 658
982 980
623 1335
898 1314
10 438
960 961
117 421
326 1137
418 1140
22 3
705 707
484 479
476 475
46 253
381 57
549 544
823 704
207 206
1011 1020
531 532
885 880
874 870
877 1380
273 272
826 830
317 315
815 820
7 9
589 1213
713 809
897 1304
199 1068
386 1072
123 40
609 608
816 821
601 604
879 1291
591 1187
653 650
1025 1016
51 56
336 305
418 115
468 461
657 1358
915 921
870 1325
547 345
247 1108
894 1311
450 448
730 731
983 911
741 740
693 700
452 457
877 1015
871 1300
763 620
1015 1021
314 1046
365 610
549 547
797 798
117 1038
829 830
114 210
527 528
982 1366
851 854
582 580
349 378
862 863
261 265
32 33
526 1146
160 298
918 916
69 445
198 1070
762 897
896 897
356 358
368 369
776 1257
697 953
524 207
612 585
3 212
922 927
962 963
898 1383
434 435
133 178
725 727
420 1142
164 165
788 783
285 1313
478 477
564 666
402 194
699 566
855 850
554 593
181 2
586 316
49 48
567 568
608 191
192 362
599 600
613 1353
670 660
850 856
902 903
1002 990
260 267
442 15
891 893
83 82
363 365
777 499
596 1193
175 1057
193 1210
103 325
780 424
116 115
108 111
968 969
119 269
657 847
50 26
425 1107
717 340
980 979
400 404
733 842
171 172
281 1167
238 756
485 484
58 151
991 993
312 1044
234 493
518 517
798 800
914 1336
1024 1026
375 617
248 247
624 1253
8 6
791 940
241 244
281 280
569 567
769 629
279 356
52 48
55 382
624 768
391 1075
314 313
53 49
595 1188
772 639
656 873
229 885
929 622
528 1148
898 900
638 415
636 634
80 1138
370 371
381 380
994 989
880 887
105 73
411 408
267 480
174 172
137 141
901 1355
436 437
912 1364
327 530
747 744
492 1103
990 996
613 1009
308 1042
508 318
44 34
957 818
502 503
323 1143
831 1277
336 736
191 89
506 1117
275 497
503 504
206 626
15 12
