1173 1123
1097 1171
1312 1247
1305 1157
1379 1224
1180 1221
1127 1370
1373 1144
1254 1326
1062 1057
1205 1088
1076 1049
1099 1197
1140 1364
1259 1325
1281 1218
1348 1188
1380 1082
1201 1091
1292 1228
1192 1113
1273 1237
1264 1346
1311 1249
1258 1328
1136 1353
1278 1095
1342 1194
1271 1209
1382 1245
1304 1066
1132 1367
1204 1093
1061 1056
1309 1065
1100 1317
1242 1248
1238 1244
1137 1354
1098 1169
1337 1164
1306 1223
1143 1351
1277 1092
1035 1356
1150 1313
1189 1110
1038 1320
1267 1187
1125 1371
1296 1229
1033 1358
1133 1334
1230 1111
1177 1122
1272 1116
1310 1067
1128 1368
1147 1350
1231 1198
1069 1054
1178 1168
1378 1225
1300 1181
1105 1222
1291 1084
1321 1170
1298 1059
1295 1042
1287 1080
1129 1372
1202 1153
1255 1329
1256 1327
1215 1117
1068 1055
1106 1154
1203 1158
1279 1058
1036 1319
1103 1196
1269 1184
1146 1352
1286 1085
1308 1253
1063 1053
1034 1318
1047 1365
1135 1336
1288 1096
1377 1079
1268 1185
1344 1193
1347 1165
1307 1051
1072 1159
1190 1115
1191 1114
1139 1362
1276 1090
1032 1357
1324 1210
1275 1233
1176 1120
1101 1282
1124 1369
1030 1359
1138 1363
1274 1234
1149 1314
1297 1182
1217 1161
1262 1235
1302 1044
1031 1360
1102 1195
1108 1156
1131 1366
1266 1341
1265 1250
1151 1355
1301 1045
1290 1094
1130 1361
1200 1152
1284 1052
1270 1213
1104 1155
1208 1086
1294 1043
1343 1212
1239 1219
1260 1340
1126 1332
1141 1349
1207 1087
1174 1119
1285 1083
1039 1280
1303 1050
1299 1183
1142 1322
1216 1162
1375 1078
1077 1186
1172 1121
1243 1252
1335 1163
1345 1211
1148 1383
1293 1227
1175 1118
1333 1167
1289 1081
1374 1226
1240 1075
1376 1251
1261 1232
1263 1236
1331 1315
1283 1046
1074 1160
1257 1339
1179 1166
1381 1246
1241 1107
1199 1089
1037 1338
