819 826
19 18
435 979
860 863
879 876
598 597
9 90
204 149
569 570
116 36
849 853
168 1129
41 42
73 74
321 325
812 822
13 1112
885 892
623 626
549 448
93 88
88 913
709 1080
95 363
349 953
476 994
657 660
339 988
202 116
437 248
640 607
151 150
431 433
472 471
451 448
443 444
702 704
606 587
505 504
719 1101
487 486
413 686
827 820
158 167
364 235
239 240
11 4
852 849
884 801
542 543
572 571
562 786
530 425
178 122
608 609
524 1024
306 307
74 824
276 141
339 340
332 301
671 670
663 666
431 1097
642 643
724 267
108 938
146 147
125 124
516 503
77 1099
675 676
887 1233
744 101
270 627
494 1009
616 855
745 740
150 1205
708 709
412 567
438 705
137 219
471 473
617 856
833 1234
10 901
741 742
799 832
771 770
682 692
859 1228
661 718
374 396
678 807
123 176
438 1091
546 544
712 427
722 1115
372 99
773 34
141 86
312 313
631 624
10 11
603 605
830 833
634 629
814 825
313 314
345 346
72 71
258 198
604 606
557 265
708 434
378 379
689 686
327 333
343 952
885 1235
85 162
707 703
670 672
441 440
298 391
39 51
423 422
869 100
23 43
579 410
612 852
518 516
704 706
124 1034
176 178
143 1047
163 998
781 782
260 256
540 539
365 458
45 188
549 1033
511 512
592 586
791 795
797 875
242 244
282 280
541 540
717 1111
542 1030
31 963
160 290
523 1016
359 356
626 620
537 542
7 53
461 668
250 76
796 887
788 883
866 1211
466 603
681 677
333 1013
652 650
711 699
115 116
197 972
95 961
798 1198
644 645
558 313
761 147
360 477
214 243
390 585
157 154
577 411
631 568
729 725
50 931
414 570
264 774
467 990
851 836
450 83
334 317
255 927
246 204
485 486
776 778
215 216
451 84
857 851
277 276
809 811
566 1053
765 130
300 296
330 324
802 808
245 1003
322 320
601 638
226 352
12 14
271 274
149 1151
602 639
654 649
364 581
344 343
876 878
739 1138
266 280
389 387
628 632
764 1167
399 400
684 649
713 712
705 708
724 721
706 444
236 229
435 438
22 40
455 453
495 489
798 1201
233 489
466 462
432 698
531 1086
665 671
893 535
496 490
480 482
59 309
768 769
251 250
614 73
388 484
783 784
864 858
214 596
304 32
727 1118
494 501
554 552
834 835
68 658
376 402
106 541
595 589
431 975
587 585
59 57
883 1221
318 317
177 1095
350 349
363 962
884 1222
380 377
285 368
91 948
613 615
332 336
384 383
528 247
325 333
417 416
536 107
213 128
159 157
162 311
829 854
461 458
749 745
85 207
321 304
712 714
303 515
443 446
771 769
509 391
202 203
181 180
521 365
68 648
30 127
225 223
254 924
432 436
551 473
26 651
123 175
167 367
838 831
258 256
695 257
163 104
558 1042
25 1073
180 1096
331 325
95 234
444 122
66 1110
501 513
128 905
842 577
305 309
623 618
863 865
424 1083
14 16
103 997
302 303
338 342
624 619
648 647
276 287
815 824
335 336
867 871
99 96
638 639
619 625
566 1144
102 106
479 996
154 153
434 436
176 177
195 190
766 1174
187 186
241 1060
830 1195
737 738
49 746
220 219
242 243
234 239
610 1164
253 252
181 1050
205 212
303 518
253 926
715 1100
231 233
803 804
774 777
275 276
647 822
286 285
523 1015
73 815
804 805
123 1081
760 61
266 721
515 522
336 1045
287 286
319 318
362 954
250 1158
622 621
792 278
818 416
341 342
594 293
433 196
870 871
674 667
633 635
625 631
615 617
323 329
656 655
190 968
211 762
142 928
5 19
65 70
62 181
689 688
408 409
153 155
401 406
715 1090
684 694
175 1082
1 929
212 1149
15 46
227 225
850 847
115 20
548 545
557 1039
271 273
230 92
13 14
525 534
31 965
816 72
696 681
689 413
729 1123
846 854
78 79
877 878
77 34
89 88
607 608
35 382
670 664
544 259
732 724
4 22
859 801
218 359
317 1012
113 50
699 439
149 152
189 188
100 525
477 475
241 235
832 1197
7 153
433 441
514 515
773 775
76 432
74 99
506 510
858 1227
806 808
237 242
839 576
614 1132
441 386
0 6
551 554
289 288
569 571
542 325
621 618
347 235
86 868
384 382
757 1152
56 58
870 1214
702 175
636 638
589 414
680 681
783 1182
46 135
171 395
184 185
809 682
713 714
645 808
724 723
195 379
476 478
874 896
444 445
457 464
229 228
779 780
25 1072
477 478
600 140
421 663
137 904
171 637
126 220
216 559
502 507
659 82
845 846
288 291
616 614
97 723
835 838
875 874
26 25
862 1200
358 355
720 1116
201 408
91 914
709 698
749 505
80 81
513 494
339 341
285 370
393 169
582 593
221 736
82 1066
517 505
449 450
428 427
497 118
436 251
520 510
879 857
561 1185
439 442
479 478
11 898
450 451
709 711
450 716
885 873
403 375
254 252
404 685
516 517
719 1105
611 1163
848 847
737 750
424 1193
641 633
21 22
299 295
536 1025
723 1117
572 575
583 584
84 83
882 880
302 305
354 352
871 1216
346 348
340 942
597 604
781 1179
655 694
498 481
722 720
132 131
213 1108
711 710
78 654
734 730
888 788
784 1225
697 174
413 415
733 734
62 566
744 743
79 655
467 471
134 936
745 744
430 440
8 222
758 1208
511 513
357 226
430 970
334 328
550 1035
811 810
31 964
556 557
346 338
307 755
577 579
637 630
589 590
896 890
735 564
864 1203
362 956
50 52
169 381
189 210
341 344
320 321
360 357
352 353
547 449
404 400
611 613
251 981
385 386
142 930
747 106
419 420
519 507
762 759
814 806
481 480
322 1018
452 453
493 491
711 713
752 751
754 1169
755 756
736 742
216 218
750 497
840 836
166 217
839 840
249 251
289 287
821 822
538 1028
0 41
12 15
851 850
891 886
488 389
725 1119
884 883
148 60
646 682
75 192
348 350
389 388
215 989
371 599
783 1181
119 118
651 653
355 511
245 1017
800 861
112 115
152 151
420 231
455 454
765 1168
706 710
229 227
411 38
317 1014
5 253
380 545
376 691
494 1055
429 437
551 1037
77 772
492 493
817 24
783 785
263 261
592 171
563 373
481 483
522 521
525 526
273 45
409 580
42 1052
315 1210
121 707
285 284
862 1199
488 500
868 870
743 1135
884 1223
598 371
281 286
714 1077
653 652
535 1191
104 1004
263 768
192 973
396 394
159 158
487 1006
102 32
62 899
269 554
398 439
344 468
203 200
683 693
775 776
373 616
767 772
558 1043
713 837
48 941
280 281
262 263
865 562
120 179
820 819
529 1021
324 323
842 843
834 839
553 560
223 950
133 1142
620 622
672 669
391 390
402 399
784 1224
165 163
26 642
416 419
89 24
143 144
114 117
491 1007
627 639
446 447
832 891
520 512
476 1000
449 717
461 462
165 320
778 138
793 792
512 513
581 1058
851 882
664 418
495 460
535 533
217 452
545 546
24 960
856 853
28 27
362 955
546 547
165 32
578 579
766 550
161 556
434 980
69 64
61 60
228 237
536 1027
892 891
579 580
125 81
841 845
16 1113
868 1213
55 21
871 1218
5 20
726 720
571 288
757 149
6 21
390 392
678 679
572 289
186 1156
464 463
761 1207
774 768
212 1150
54 155
426 701
174 1159
500 506
778 779
423 667
811 812
315 316
823 643
653 82
893 1232
351 949
61 27
326 218
512 493
867 1215
1 17
182 703
685 686
717 718
767 81
790 622
127 129
718 719
160 162
264 777
29 502
418 463
560 1041
29 358
482 483
555 553
341 215
1 933
547 549
59 1140
785 786
817 818
9 910
636 397
537 1029
173 1161
818 819
278 280
364 957
548 549
600 596
795 277
584 588
17 132
603 601
297 415
854 857
355 356
222 909
293 295
326 329
861 865
53 54
13 921
428 834
139 731
367 366
119 264
125 1098
418 417
752 33
703 1074
866 1217
611 173
381 385
543 304
591 609
197 978
410 39
98 1121
107 1026
831 828
728 735
780 782
292 290
673 390
671 466
554 555
833 873
446 384
37 36
516 299
555 556
169 75
786 797
349 945
70 69
310 315
351 353
343 349
322 326
696 387
661 658
201 36
104 103
311 316
590 634
80 383
122 120
565 168
676 679
159 160
265 141
487 1008
642 802
162 314
612 1188
243 238
581 1057
397 827
753 754
191 84
499 200
244 239
748 1170
65 911
451 983
226 456
539 538
269 268
806 393
247 1189
291 292
312 86
602 599
805 1187
646 376
3 10
882 881
667 664
354 353
265 275
668 665
48 17
107 103
347 350
690 688
110 113
782 771
34 11
799 860
775 1177
815 804
241 1063
179 185
816 805
789 788
760 761
388 480
657 259
253 255
67 1068
564 562
748 1137
3 0
556 558
727 31
109 18
826 827
272 426
700 836
864 1204
586 585
793 1180
508 522
168 862
575 283
763 1157
91 90
2 12
191 967
127 128
47 19
475 991
79 8
160 161
460 459
42 62
486 1005
762 760
895 795
470 243
52 255
420 422
452 454
715 1093
725 240
194 195
662 449
617 563
748 754
507 511
353 224
148 758
530 531
612 75
821 823
519 521
560 559
547 1114
563 564
166 519
546 660
120 897
504 514
596 597
844 848
485 92
315 318
33 111
477 1054
359 361
700 574
71 1126
629 630
648 643
896 894
351 951
400 169
570 580
90 92
464 419
134 135
352 357
213 1102
23 38
108 1165
105 751
426 428
146 1048
187 1085
499 497
747 748
758 757
209 206
316 152
249 916
500 498
180 902
552 279
762 763
813 814
296 295
503 508
482 485
552 1038
759 205
167 330
545 770
392 677
526 528
421 820
297 296
375 624
869 867
42 6
273 576
206 28
691 680
305 7
194 548
333 334
404 394
872 877
12 922
326 560
13 923
64 65
575 626
392 690
628 372
610 849
97 98
30 8
130 132
337 345
710 707
268 474
111 756
772 1176
328 1019
203 201
669 674
97 1122
369 269
523 327
765 1172
674 496
198 387
139 72
185 188
757 759
517 518
457 238
148 1209
684 811
133 937
750 756
185 44
831 830
230 232
802 803
63 958
652 190
540 1031
842 844
138 1173
541 1032
295 153
67 66
891 1230
838 846
225 94
308 537
701 877
73 1128
425 533
540 105
801 1229
409 296
358 479
336 311
395 397
694 693
155 156
889 789
18 1
738 736
137 138
15 935
476 1001
199 198
406 411
57 114
0 254
483 222
728 727
567 630
820 810
200 199
535 534
236 237
351 224
484 488
779 256
568 567
660 650
786 789
258 261
150 319
566 1051
601 600
94 912
742 1133
690 677
872 425
634 633
361 358
612 614
583 587
66 68
96 734
117 299
35 80
561 275
468 987
693 696
826 816
6 143
221 742
675 683
88 69
445 715
465 464
25 803
294 582
67 1070
32 29
64 915
3 2
855 856
523 1020
365 583
350 985
888 889
199 407
343 946
759 1153
58 59
819 417
889 890
401 398
776 46
72 1125
740 501
584 370
48 130
300 202
260 129
51 55
685 687
708 1079
666 673
157 158
568 403
770 766
190 191
182 187
301 324
501 498
452 456
4 37
245 163
260 780
223 224
252 925
310 1046
246 1147
840 574
785 787
212 1154
264 261
438 1088
235 234
173 1162
578 573
306 114
144 52
161 141
548 550
873 872
312 310
156 291
635 591
128 903
769 262
593 594
804 1186
604 603
347 947
174 610
84 982
474 722
658 659
781 1175
138 135
599 609
743 739
256 126
524 206
704 1076
794 561
703 702
105 753
193 191
725 726
248 917
240 1062
456 457
209 28
219 221
672 463
728 98
544 771
886 800
832 829
479 1056
267 270
718 1109
284 588
277 283
297 298
890 892
879 882
858 859
850 855
362 363
741 130
252 2
377 262
363 364
93 94
698 699
787 282
407 406
126 127
528 1190
731 732
377 383
867 247
429 430
440 439
691 695
764 765
181 184
794 793
814 393
643 1069
117 56
75 813
193 194
536 1171
798 799
177 1089
49 940
8 908
197 429
170 412
720 470
281 279
529 530
602 600
864 865
314 312
424 1087
147 55
74 71
361 164
45 44
847 403
37 40
385 192
142 1145
875 879
67 68
110 932
705 1078
111 110
328 1011
87 656
193 966
657 692
661 662
133 134
469 986
432 430
469 348
735 733
491 1010
727 729
754 746
150 308
214 472
207 204
679 688
458 460
329 166
581 1061
876 829
14 10
26 1067
576 573
142 52
848 852
287 290
232 354
266 267
859 861
845 697
609 606
650 378
328 327
299 300
272 283
573 274
331 332
330 553
173 798
81 77
108 934
893 895
453 214
51 54
394 393
475 992
192 969
21 184
668 669
574 625
778 1178
319 335
379 386
30 906
590 569
550 124
132 136
44 23
562 98
184 183
194 196
514 323
796 795
473 1044
829 828
268 266
208 1155
447 125
596 598
263 80
860 1202
24 63
76 976
90 93
597 455
622 628
101 102
372 373
213 1103
592 605
663 665
732 270
102 103
886 1231
118 47
135 136
298 508
459 233
618 635
278 1124
489 490
730 732
196 124
234 236
522 294
533 532
485 492
231 230
166 366
878 831
537 538
57 50
817 821
553 1040
869 868
615 1131
586 170
101 995
219 907
591 370
172 417
342 340
374 372
677 675
710 443
415 409
267 282
407 405
89 95
109 110
641 608
659 662
171 170
388 693
721 722
692 695
752 746
131 133
525 1192
755 751
175 176
474 472
736 737
809 807
788 784
228 416
620 791
459 465
697 1160
240 1064
818 812
223 337
360 342
93 227
532 534
71 96
105 1141
76 174
121 182
573 571
585 582
137 126
64 959
395 421
895 887
208 186
739 1134
610 611
269 281
16 775
649 422
607 605
887 888
63 69
414 412
140 172
197 971
374 375
447 445
20 112
746 741
846 828
145 143
215 467
526 100
83 1071
825 396
193 448
797 563
210 208
469 468
559 1036
532 524
211 209
87 30
473 474
443 43
828 1196
776 777
340 475
838 837
40 39
860 861
245 1002
60 53
632 624
595 297
893 894
33 939
284 292
104 999
646 644
805 817
763 146
738 498
134 1143
107 106
639 641
118 115
386 195
702 1075
369 371
510 496
442 441
196 974
764 1166
140 139
835 701
41 920
151 148
410 408
462 455
642 651
613 853
683 423
33 49
753 747
144 145
121 427
435 437
405 680
177 178
318 1206
207 206
210 211
9 78
510 509
841 837
564 565
502 504
790 791
894 885
716 1107
531 424
883 1220
144 1146
741 1136
793 1183
833 1219
154 293
641 640
113 112
561 796
168 1130
674 673
823 802
208 1023
51 56
656 661
63 821
337 944
446 442
265 1184
697 698
147 145
180 179
601 172
490 484
730 731
27 85
366 454
164 993
183 189
445 1092
723 728
246 1148
726 244
108 131
247 246
279 278
486 491
257 259
309 306
123 704
301 302
881 877
527 528
41 900
2 5
862 863
733 1127
334 335
552 557
593 595
685 678
803 813
35 38
283 289
294 298
866 869
367 368
65 66
36 39
339 943
129 87
122 1094
368 369
401 402
434 435
70 9
164 165
241 1059
467 468
248 918
559 551
186 189
830 1194
758 760
492 232
729 733
810 807
97 785
578 155
308 331
781 780
249 919
519 514
843 840
164 322
448 984
792 794
844 841
16 15
382 401
310 870
825 827
629 623
49 48
743 1139
58 53
880 619
309 538
721 1120
250 977
640 637
881 700
112 109
83 82
644 378
810 676
94 91
427 529
345 347
527 207
495 520
565 615
378 380
666 667
203 119
429 431
680 687
183 146
356 217
183 1049
824 816
204 205
463 465
239 1065
237 238
274 156
499 503
787 790
766 767
249 248
529 531
880 874
271 272
29 101
136 47
654 647
307 539
886 889
43 120
337 338
588 594
399 398
866 1212
714 1084
621 627
632 636
705 706
888 1236
381 645
403 404
129 1104
487 483
717 716
739 740
750 749
719 87
262 257
469 470
843 568
801 800
772 773
222 220
255 254
543 541
764 131
761 763
187 1022
687 405
716 1106
524 527
506 509
858 1226
