1171 1149
1117 974
1009 1087
1002 938
1037 1176
1118 966
978 1053
905 1078
1133 1085
1131 1152
1069 939
1211 1096
1186 1140
948 1195
1101 980
1067 932
906 1079
1055 1086
1172 1049
1042 921
1122 975
1057 1004
967 927
1137 1155
1129 1151
995 1190
1046 900
1134 1022
1164 1157
1071 929
999 1215
942 1236
954 1201
1180 1092
1005 1194
1135 1023
909 1077
1184 897
1010 1193
1199 1218
968 928
1038 1099
1170 1154
987 1179
1162 1150
1110 1158
1120 1034
1061 1003
949 1234
1126 1205
985 1111
1173 1082
913 1198
1226 917
962 1026
1109 981
1064 1013
1124 1098
946 1103
1188 1207
1163 1153
1065 1030
958 1141
1187 1028
1062 1015
1127 1206
944 1231
1043 901
907 1074
1214 899
994 1143
1200 1147
960 1031
986 1114
1181 1097
1044 1174
1007 1219
993 936
971 1052
976 1048
1136 1156
1041 1113
1058 1227
959 1169
950 1230
969 1146
961 1032
1138 1021
1115 1035
1054 1232
910 1160
1068 941
911 1159
908 1080
1106 934
1123 1014
998 937
1036 1177
957 1228
989 1178
1045 923
1039 898
973 1145
1070 940
953 1105
1063 1020
956 1202
1225 1091
914 1196
915 1161
1072 931
1139 1024
1056 1191
903 1076
904 1075
947 1229
1059 1107
1185 1094
1060 1017
1025 1148
1040 1112
945 1222
1018 935
990 1175
1213 902
1128 1209
1116 1033
997 1189
964 1012
943 1108
1223 979
955 1027
982 926
1182 1100
918 1051
1011 925
1125 1029
996 1192
952 1104
1006 1084
1073 930
1000 1217
1224 1090
1066 933
1132 1208
1019 922
970 1047
1130 1210
1203 1216
1166 1050
1121 972
951 1235
1008 1083
1119 984
1183 1093
992 1233
1220 1088
912 1197
