4.019496927277069198e-01 1.221610146496565075e-01 3.845470491207121366e-01
4.398846891975329854e-01 -2.288601329882334334e-01 3.303820846791155619e-01
3.319420478539966135e-01 -8.746266403307911830e-02 4.245207440708573254e-01
2.760560622803887032e-01 5.152835569161190454e-02 4.243923253280657559e-01
2.045905146880854231e-01 8.786453468883809181e-02 3.516017674477480148e-01
3.469438570659282295e-01 -1.455686557276511806e-01 3.456733442024141900e-01
4.162415815971956534e-01 1.580843095575706070e-01 3.148135401392818111e-01
3.828092169228657360e-01 -7.106054037743480753e-03 -4.337889813593799604e-02
-1.647357866679137472e-01 -4.708979388298129565e-01 2.110503935327201486e-01
-2.819785407544390110e-01 -4.109695846290459254e-01 6.416322553065485768e-02
2.228742427007624483e-01 5.686023188569259285e-02 4.439169686639196089e-01
1.775137286323336117e-01 5.518250293418985875e-02 4.056318406061260040e-01
2.991177875361495375e-01 -1.108061625656800719e-01 4.649594116988000070e-01
2.277152093149108214e-01 -5.027870465518780030e-02 4.880554639089281777e-01
2.359371382855257604e-01 -6.740571348640238269e-02 4.721397241956816204e-01
2.140147678221155370e-01 -2.337475905725159842e-01 4.646105566142869625e-01
1.615066777419893462e-01 -1.943436817872281064e-01 4.881659492205080442e-01
3.983347362256682844e-01 -2.849329344855924817e-01 2.915484317379877233e-01
3.738280346688655498e-01 -1.994277023210223876e-01 2.988612238866141801e-01
3.368298067979738630e-01 -2.100414387977153630e-01 3.200975583733019492e-01
3.415987906608020652e-01 -1.545185317544012227e-01 2.472475297008057959e-01
3.354029794687792831e-01 2.166456352484411874e-01 2.506005314629016767e-01
2.168874310351742718e-01 1.556464665544544379e-01 2.538703552309646283e-01
1.826077279396987607e-01 1.833142902167035071e-01 2.346846154913392601e-01
-4.100990980080118642e-01 -2.697355772665585572e-01 -5.079425937334786090e-02
-4.756930628926814286e-01 -4.003136278753768873e-02 1.235080467982469371e-01
-4.571379949035350165e-01 -1.100372940610255673e-01 1.529653988691780098e-01
2.682057921511339371e-01 1.347100575545072954e-01 -1.567915023399429064e-01
2.320798386961025472e-01 2.767615083092860306e-01 -9.798814250187265484e-02
2.691741745199893732e-01 -3.815559123464531410e-01 -2.248801263055449917e-01
-1.712824617075795475e-01 -4.559367676627492649e-01 2.676255647547329808e-01
-4.709841897952454226e-01 9.158461269415221762e-02 -4.500339274346211171e-01
3.240742906141261814e-01 -3.523849847059399298e-01 -2.726275435438327288e-01
4.362168406062065795e-01 -2.296732674970587973e-01 1.264244207962607058e-01
1.217432148888957788e-01 -2.342997294631048860e-02 3.862088917408181832e-01
-3.974315015662732709e-02 1.100931666872315834e-01 2.542314021284585168e-01
1.748354875658247320e-01 1.532006905002392116e-02 1.776087905618160823e-01
1.713554312622057596e-01 9.228678039380203146e-02 2.799822743027796101e-01
1.367784359759017798e-01 1.433020827349399950e-01 2.007567851022185879e-01
1.574066377448056497e-01 9.046365904462154439e-02 1.886251930300046620e-01
1.759728157923280689e-01 1.006994694126495393e-01 2.440067255248848099e-01
4.390275405391511621e-01 1.797434173770668386e-01 4.708579509470531832e-01
4.654002995254021280e-01 2.165311375755768764e-01 4.535288787576309266e-01
1.690075033053499154e-01 1.990287347516794814e-01 2.537280870060487636e-01
2.049017463250330517e-01 2.333363990943251864e-01 2.279658873495689353e-01
1.589999276820206753e-01 2.979763808653514423e-01 1.555365851768796825e-01
1.834636318722399906e-01 -2.588486021541943072e-01 3.953934212506545198e-01
2.411130533399958586e-01 -2.621714138974273745e-01 3.061006557988205645e-01
4.327694287439586840e-01 -3.718925935059144705e-01 2.359424318758031602e-01
4.393918429686037297e-01 -3.507504914604866464e-01 1.705160529858230356e-01
4.166208597783955248e-01 -3.308802675201327759e-02 1.136625810692629690e-01
3.774624019795682073e-01 4.390593684905280680e-02 9.763251515444047735e-02
4.820300854337692398e-01 1.041977231896949047e-01 2.089882391325358912e-01
3.812534118329962696e-01 3.160370563561990670e-02 -3.486127136199645288e-02
3.646368382914286776e-01 5.950301857376198017e-02 -1.986501735675390290e-02
4.116795715746499051e-01 1.701741452334128157e-01 1.889660700691130069e-01
3.811609291361840457e-01 -1.149723730645534590e-02 8.087526653383624031e-02
3.875892005270938356e-01 -4.550854287327495834e-02 7.589583565908183949e-02
3.958403669181360662e-01 3.477404512227032403e-03 1.581268794482487694e-02
4.180609198590755637e-01 -3.852878683141115063e-02 3.171416797983480501e-02
4.010093654389280116e-01 8.095715826626173617e-02 -5.873677631917692543e-02
3.772625796735733505e-01 9.141143666861270556e-02 -4.888298686415613187e-02
4.521767274242196044e-01 2.791215980015025466e-01 4.794384842885042186e-01
-4.188350092871139796e-01 -2.779939725792823779e-01 2.547236572740630561e-03
-4.347797675009583140e-01 -4.259355982139995112e-01 6.069381998438664466e-02
-4.064850796943811351e-01 -4.238403574054381839e-01 9.505326925381821224e-02
-4.420367309401274092e-01 -4.051705847603495059e-01 2.058390569248743918e-01
-4.642579549230773095e-01 -3.853069730457537312e-01 2.034120591745234852e-01
-4.235504566761454370e-01 -3.591975830779201018e-01 2.118620927247339136e-01
-3.954978972404163406e-01 -3.898824201032939918e-01 3.639992004857237756e-02
-3.717992061468645137e-01 -4.087473748338119606e-01 6.242132798639021124e-02
-4.321282830296185318e-01 3.371792819174361522e-02 -2.119626081345500901e-01
-4.104084957431947123e-01 -8.648164416169146218e-02 -1.716174119092800932e-01
-4.422241431306994652e-01 8.394981272764953650e-02 -1.098359243513121475e-01
-4.118368902045958513e-01 7.293537706431531265e-02 -1.464779754486023322e-01
-3.497401623749990529e-01 1.146441545090559344e-01 1.066214742584332409e-01
-4.041772199900605100e-01 4.215510840026303607e-01 2.094230967876116734e-01
7.985468839241427128e-03 -1.078044319788195281e-02 4.191224344297235782e-01
-2.537066559602475513e-01 -3.865032953235778557e-01 9.747401908756017641e-02
-2.092529344818065962e-01 -3.914501965777684167e-01 1.360848886311493144e-01
-7.880175874192378582e-02 5.157057643686903392e-02 3.228914657334873151e-01
-4.569916438349779647e-02 1.287531170128819805e-02 4.077323896754260213e-01
-4.472324809426061476e-01 -2.044315731186416574e-01 3.217812360715748277e-01
-4.766524533103095318e-01 -2.076833670004864518e-01 4.049113560213418728e-01
-4.698884422936276395e-01 -1.896566030666906322e-01 4.311616444543855398e-01
3.017091262642584981e-01 1.487046873669242708e-01 -2.225158882988376718e-01
2.330608147714094691e-01 2.640091608010801116e-01 -3.877432174037536705e-01
-2.038993869341335918e-01 -3.945334509366825171e-01 3.033716854505891236e-01
-3.451002262926386455e-01 -4.190340412112193436e-01 -9.570871718206359902e-02
-3.870111436295525786e-01 -3.424041190510282440e-01 -1.416582690884423124e-01
-2.667851306773859066e-01 -4.255554004479595309e-01 -1.954826703569521006e-03
-2.439628637150198787e-01 -4.756604968691440227e-01 -2.172134679183822248e-02
-2.061248304054407177e-01 -3.953613435606651572e-01 1.339159097511404689e-02
-2.888018240007288462e-01 -4.268425474117321650e-01 -8.665138451272046127e-02
-2.657390860865141979e-01 -4.471118020306944496e-01 -1.256776983391603708e-01
-4.148590989581063537e-01 -3.420634392084723752e-01 -2.060033559999893960e-01
-4.114819288532459152e-01 6.102782404268718847e-02 -2.719509964253000733e-01
-3.358072961528530964e-01 1.972241011966614777e-01 -4.634218651276878487e-01
-3.614092947756846197e-01 2.070258321445351268e-01 -4.630762630497921584e-01
-3.745788791644293347e-01 1.086709895900278139e-01 -1.727937322669360898e-01
2.334334143998811062e-01 3.911025630406930742e-01 -2.851581281673878365e-01
3.206755017824765575e-01 -4.358474576817591983e-01 -2.012990704251854390e-01
3.782281409626040425e-01 -4.148940072173674665e-01 -2.339022912870363236e-01
4.129824667070300936e-01 -4.512633964215799764e-01 -2.589514393234411127e-01
4.303514802349661106e-01 -4.463393129678205340e-01 -3.768495468630144174e-01
4.522906992210941612e-01 -2.979316700995548461e-01 -2.891976064921258915e-02
4.279426304154176353e-01 -4.175532157213301954e-01 -2.065880753569002137e-01
4.465507251038196013e-01 -4.366450541014352260e-01 -2.114429320985803107e-01
4.589562974501827375e-01 -3.983752114544045209e-01 4.515131803216410056e-01
3.697383733570951403e-01 -1.473515493328345083e-01 1.699672392142325961e-01
3.969687834553625172e-01 -1.339965599276297104e-01 1.353058888569734219e-01
3.986570861095650176e-01 -1.598502479265576093e-01 1.340543004231804780e-01
3.438948149316506386e-01 -1.313239840601945485e-01 1.722197102689361214e-01
3.697965892865087145e-01 -9.572451256117035789e-02 1.182034944615086985e-01
3.682536876417328853e-01 -7.558310705526427586e-02 6.387423258296281992e-02
2.823405343251680910e-01 -1.478480845395038767e-01 1.999782210645816016e-01
2.093617689027268136e-01 -6.365130449609683605e-02 1.570633692394043934e-01
3.470906613251763528e-01 -6.652674142176902283e-02 9.087409452853453806e-02
1.954304924397373688e-01 -1.943303634824433412e-01 2.063687619854530364e-01
1.424374983841269759e-01 -1.498706057130081704e-01 1.988764935493667341e-01
1.024980108643972487e-01 2.718366200890033890e-01 4.558516076988669008e-01
1.134362946903006014e-01 3.681555612189141291e-01 1.505041904016471421e-01
5.815437719483440571e-02 2.641787927447935003e-01 4.647679471105768401e-01
9.496296037754570207e-02 4.868691069092864199e-01 4.284406005803615969e-01
-1.886981087825517767e-01 2.132320461836698794e-02 4.812825606013063084e-01
-1.087231025883913238e-01 7.657533908240016229e-02 4.127415906860940065e-01
-6.113220146353402426e-03 -3.891743681407821009e-01 2.989020944713928207e-01
-1.042553920615407748e-01 -4.196573908827152533e-01 3.316105618403050737e-01
-4.933637628898229766e-02 -4.702189183022283947e-01 4.228807554998307294e-01
-1.339266094891124192e-01 -3.794368450341520926e-01 3.571805453211661097e-01
3.826716130414226091e-01 -4.191526155910179074e-01 2.752287965928472135e-01
4.127655630963407152e-01 -4.197597795258152242e-01 4.037130549005211733e-01
3.554946992806674033e-01 -3.717144281476365553e-01 3.152271188345244779e-01
3.014824753103339527e-01 -4.405516718428285072e-01 4.843252115683166492e-01
2.565329579911224678e-01 -4.363289247177365437e-01 4.797498782454016619e-01
2.031517780730973666e-01 -3.340519235183995184e-01 3.849042203989365696e-01
2.408404943286611699e-01 -3.209376917069550195e-01 3.440876192235552966e-01
1.180381079030235897e-01 -4.308388732695468404e-01 3.420706574919733511e-01
1.485619912964705192e-01 -4.031567824478072826e-01 3.660783218207031564e-01
-3.488220547214909151e-01 -1.021815826838001762e-01 -2.824113893389452179e-01
-2.839192825234375661e-01 -1.115006349968587357e-01 -2.452984359824401939e-01
1.576672679787417264e-01 2.043263094547684844e-01 -4.083590133470257899e-01
4.933620153176374590e-01 1.047283907649313173e-01 1.875177534867657203e-01
4.652727540369486769e-01 1.562246316548260849e-01 2.396738590897913579e-01
4.760189927627870299e-01 1.378831527639239329e-01 2.084849051413621979e-01
4.536297990206031860e-01 1.658817963458980582e-01 2.035306759584913916e-01
4.384456751835279498e-01 2.731785940865543716e-01 1.494958963019259179e-01
4.435148332399059257e-01 1.986991525863421870e-01 1.672527706306610740e-01
4.425372146985412924e-01 9.334362333334814132e-02 -9.672637345788216712e-02
4.538343291446288452e-01 2.756032460978886656e-01 -1.958039389318662893e-01
4.509381214896735490e-01 2.591507744556611342e-02 -1.933502029776474895e-01
4.292492742141663098e-01 7.134198485944966139e-02 -1.254225260417456966e-01
3.720542617469758118e-01 1.519462472517254525e-01 -2.094882920115034020e-01
2.325477089363293670e-01 -3.326478113710409218e-02 -1.169080203405545859e-01
2.052933876358044030e-01 -5.095124679756608821e-02 -1.379609327712098266e-01
2.617141934149785354e-01 8.835134235336683517e-02 -9.124579885446232330e-02
2.116671280613525719e-01 1.206515604979259138e-01 -1.242446909965780610e-01
1.753085141419103155e-01 2.801765084447476600e-02 -2.064687708814507139e-01
1.724899679479204584e-01 4.416095279979932731e-02 -2.425088582395822367e-01
1.945530962880673009e-01 6.534077307795360667e-02 -2.193571430719075954e-01
2.094637972649195379e-01 9.067864828359904761e-02 -2.375870948234310442e-01
1.893859303612274447e-01 1.549990987489851257e-01 -4.030126663904055606e-01
2.944594287522918075e-01 1.201367618296224210e-01 -2.992367663001044287e-01
3.933147557855487531e-01 -3.834766077260205464e-01 -4.278962006633414972e-01
2.429843964500867370e-01 -3.428993907970414035e-01 -4.447266133198456428e-01
3.039570652567440412e-01 -3.292335657655057202e-01 -3.984459402243616388e-01
7.069758002871771863e-02 -2.245773813391886697e-01 -2.440305267224257557e-01
9.506416493561502257e-02 -5.806759220446766623e-02 -3.184140061426932178e-01
-4.819390595905330699e-01 3.101802037827712244e-01 -2.430483110828758064e-01
-2.496593206362841821e-01 1.124484167761259368e-01 1.066155806466729528e-01
-8.090322167082797389e-02 -5.408313872294712166e-02 -5.402246001282516585e-02
-1.268855368786039328e-01 -5.891273257045408912e-02 -6.224530133182528541e-02
-2.695849661246434437e-01 -1.088428679003542038e-01 -1.694715851576935606e-01
-4.723510424017995923e-01 4.580286756157899708e-01 -1.189785071244282670e-02
-3.883328839160030688e-01 4.273276560119127487e-01 1.446649311354264167e-01
8.750969379352104005e-02 4.982268591137388181e-01 4.342486055499252817e-01
1.072442640286194737e-01 4.844330186867218391e-01 4.441460132489557511e-01
1.226188034472316529e-01 4.901391733656986216e-01 4.661217028564045295e-01
1.134615897779016891e-01 4.549393725631444840e-01 4.540222144245464331e-01
1.668631768436300011e-01 3.557015775421133452e-01 4.513500783641786196e-01
2.233623700722964511e-01 3.998302149956839413e-01 4.872288929917775180e-01
3.703947815579740066e-01 3.645998577874473567e-01 4.101222043117697114e-01
1.872047457657363967e-01 3.949529964660728476e-01 1.584839649862649358e-01
3.428611233993870133e-01 3.044046555257737263e-01 1.832508647427068815e-01
3.057226716184725523e-01 2.746388954274703309e-01 2.346133026716544778e-01
2.268117525430110581e-01 2.757135488070563412e-01 2.406898061581201342e-01
2.782462291411755828e-01 4.367363275585364746e-01 1.226343027307958133e-01
2.262835659287486534e-01 4.592926613947121983e-01 1.325970232265877291e-01
2.121667505396008235e-01 3.238989599196451241e-01 1.930037924320603393e-01
2.833108295943359556e-01 3.707039167266861779e-01 1.422933663190792952e-01
-4.080395621067514078e-01 -2.831628557634937454e-02 2.997177895707448525e-01
-4.495107812828315619e-01 -5.069993928922797433e-02 3.845244533369584494e-01
-4.623167778038673736e-01 1.335095944969873771e-01 2.012317864636949949e-01
-3.816918923326406143e-01 -3.749547477925638250e-02 4.423483107087798349e-01
-3.065222177756872224e-01 -1.441189213959780113e-02 4.267789784030844857e-01
-3.170706711870738270e-01 -6.325711875070128692e-03 3.190060850569502171e-01
-2.834466337711115669e-01 6.885638506898850153e-02 4.276954200965086272e-01
-4.450825029635652186e-01 2.460751762935856901e-01 4.697117095219748295e-01
-2.353981331275743424e-02 -1.898916357675961841e-01 1.698342037426200657e-01
2.798811317233341686e-02 -1.522410483844034990e-01 1.811535435409399042e-01
1.010065353651176667e-01 -1.565501224223177223e-01 1.652466524726683705e-01
1.476167109833770030e-01 -6.748987927187356795e-02 1.569094624005494543e-01
1.579554718278635139e-01 -9.329873692017129350e-02 1.538796309577311061e-01
1.340332153671416893e-01 -1.118735482910993284e-01 1.739465606374908380e-01
3.864330462577375558e-01 3.549254375752327606e-01 -1.856016374490560283e-01
4.345018670109507819e-01 3.769068962923616817e-01 2.445645905152769514e-02
2.653379150550886911e-01 3.439830384761665694e-01 -1.445313299998926826e-01
2.831065151231421662e-01 3.418028437220464455e-01 -1.868632274117174030e-01
3.150126325202471933e-01 4.461804253708263612e-01 4.114771421372544202e-02
3.252981975937688230e-01 3.456625151359568049e-01 -7.055587557542515077e-03
3.197316579622051513e-01 3.972357556834592573e-01 6.479114172900450608e-02
3.585016933654291971e-01 3.621668194878777669e-01 3.802405489460687626e-02
4.646228802888022758e-01 4.745306843596415747e-01 -2.090386734116055772e-03
-8.140680834343150263e-02 -4.580553625715828026e-01 4.700598909499815181e-01
-1.571768893916687115e-01 -1.682855581206647577e-01 -3.271357288010205422e-01
-2.022901056442302781e-02 -2.938802346875086235e-01 -4.700449123950207198e-01
3.072500105115561625e-02 -2.407122730268230482e-01 -4.402040130675593521e-01
4.736470789599929454e-02 -2.791348186897176786e-01 -2.737250972296092488e-01
5.368984439396611713e-02 -2.429398110799327604e-01 -3.746806673360261741e-01
1.237434710532410720e-01 -4.347679559646547287e-01 2.346231370495143742e-01
1.749317029067857035e-02 -4.202899921272202910e-01 2.123617778195626415e-01
1.773288181107214867e-01 -4.139865161790399206e-01 2.053313508967566370e-01
-6.032278644352195851e-02 -4.549778491537848080e-01 1.612353235517055561e-01
-1.819385184851721460e-01 -4.649956783894642065e-01 -2.052384253302372008e-01
-1.578668059966627235e-01 -4.446653800194464989e-01 -1.819092998510673520e-01
-2.271301760736739450e-01 -4.281794368269655204e-01 -1.507159146875934608e-01
-7.056564502413489870e-02 -3.471965088822726586e-01 -2.700897419235236963e-01
-2.698917401092861823e-01 -3.946974863020114022e-01 -1.303985325101937320e-01
-2.779037782694341319e-01 -2.687747106400195096e-01 -1.503277138843931993e-01
-2.784866984496895959e-01 -3.329624120145208699e-01 -1.624744917344042583e-01
-1.861610357390476866e-01 -3.421359629465724472e-01 -9.199030466412648488e-02
-1.682670822642304276e-01 -3.095246997089170504e-01 -1.037675618033987307e-01
-1.375348393006559922e-01 -3.366975037229434364e-01 -1.017122952117042456e-01
-1.120758976163986481e-01 -3.269589557002713365e-01 -9.882980659962237180e-02
-3.767044096441287127e-01 -3.051781292771397758e-01 -3.021072392056300404e-01
-3.872333148219540555e-01 -3.546072942634369007e-01 -3.638984962089448771e-01
-3.140869095705092207e-01 -2.901749214779851260e-01 -2.791413743476474640e-01
-2.622880764903109396e-01 -2.410594663224642775e-01 -2.841697133221717242e-01
-2.343159247915015675e-01 -2.336201825470012317e-01 -3.117514592798848461e-01
-4.387751456269738948e-01 -2.167956012218388573e-01 -3.184238738031845983e-01
-4.748751429086930376e-01 -1.851833112492377031e-01 -3.798660605994605421e-01
-4.698874321883111382e-01 -2.995406170183511629e-01 -4.601514575397933071e-01
-2.767498061932686104e-01 -1.749054935453185911e-01 -3.023673340285635835e-01
-2.254500226181850031e-01 -2.040566506195682084e-01 -3.359211306253471752e-01
-3.389300110879859274e-01 -1.334607279305413674e-01 -3.230362416237644307e-01
4.684894918070520164e-01 -3.826468428492771356e-01 -4.517681917675154812e-01
4.098381793522642424e-01 3.931387610325559057e-01 -2.238838036192342951e-01
3.857603829542460283e-01 4.235089927500593210e-01 -2.649455378518618676e-01
-4.284351407063485273e-01 4.481602559761731497e-01 4.447211541853193784e-01
-4.780975901046674026e-01 4.893212725019897014e-01 4.032297965492460667e-01
-4.443045657664090875e-01 4.744428382440578074e-01 2.815053658190315167e-01
-4.252595882654697790e-01 4.702524036470422941e-01 3.469067297569468078e-01
3.792706419323086386e-01 -8.583692748272447881e-02 4.352707181131699188e-01
4.142878081391825895e-01 -1.049936704418909655e-01 3.870085631962036365e-01
4.202102111361464276e-01 3.298299057012006597e-02 4.101658960808329257e-01
4.514016674761482384e-01 -3.534410441613654481e-03 3.742949852875277483e-01
-4.066491913481463938e-02 -2.990225427131515401e-01 3.254581403787658589e-01
-7.469399164936880997e-02 -1.883500032383844947e-01 2.228179116724914310e-01
-4.053437474903666404e-02 -2.003031471331798430e-01 2.022820519548013118e-01
-1.495661451506984652e-01 -2.283873974858116884e-01 2.886679435876887134e-01
-9.688264024672579855e-02 -2.997655028084327267e-01 3.644523379852829259e-01
1.716559032920566760e-03 -1.687956526879467178e-01 2.292784756478702946e-01
-9.049425146180452295e-02 -7.977255803193997186e-02 3.374108361331171757e-01
-7.395053391598054027e-02 -4.505264026059140059e-02 3.442266193937189578e-01
1.029536289551061801e-01 -1.662272838340590198e-01 2.925488607244837169e-01
1.097277998402675786e-01 1.959440062936310400e-01 -4.577095017876027794e-01
-1.355717759935064215e-01 4.534424065672370413e-02 -3.757885526724967229e-01
-1.767905042226505796e-01 7.516938333535309880e-02 -3.465794657897792175e-01
-8.984758711531197484e-02 -4.227345490029416064e-02 -3.685462337171520053e-01
-2.707058215760520248e-02 -2.811879575059748199e-02 -3.520532777721275264e-01
-2.318726307869450609e-01 6.055746126202931484e-02 -2.905185399275762026e-01
1.412688993351495226e-01 2.443924264073158159e-01 -8.758521750804053319e-02
8.957114780367160523e-02 3.085346479670619813e-01 -1.404229388967107028e-01
1.082337012048991964e-01 2.550834037469843496e-01 9.622989431217990330e-02
1.591728449901509135e-01 1.563615336155692037e-01 -8.100102067493224201e-02
9.110523901735274876e-02 2.089522791418240433e-01 -4.288874734584374737e-01
1.256971130209541820e-01 2.220294868352701012e-01 -3.703231789864090961e-01
5.173006349235465678e-02 2.953439833836961070e-01 -2.781495993479116136e-01
-2.245860304282679826e-02 1.509754297329878037e-01 -4.581973739461716599e-01
-7.929482764478820375e-03 1.121039313097551837e-01 -4.361175306912065675e-01
-9.344377317852795017e-02 8.703814754795892450e-02 -3.732348838110038924e-01
-5.757658980492305623e-02 5.534803618176875606e-02 -3.604534434473442572e-01
-1.529114811612130309e-01 1.293372592415257816e-01 -3.455644929597365689e-01
5.630705538761798801e-02 2.414260832356062703e-01 -1.942970040086261507e-01
1.297154397343957266e-01 2.502576273479662633e-02 -2.270425332633778381e-01
1.633108509578251599e-02 5.260095800815847017e-03 -2.614657789429467027e-01
-2.065650301163841907e-02 6.369311357587249811e-02 -2.689373578195364267e-01
1.017794318192536546e-01 1.592960478397714985e-01 -2.371627868251366678e-01
1.153157344560747505e-01 1.607641214933670792e-01 -1.401715387361373300e-01
8.059768680296360011e-02 1.940176620161008225e-01 -1.700398656873574332e-01
1.699984807286169519e-01 1.042587609912305618e-01 -2.200220583377769101e-01
1.791184443023286221e-01 9.732496461932564624e-02 -1.672187664086357273e-01
1.745912339679666636e-01 7.399998669283455732e-02 -2.051106940071741047e-01
2.035198717054360340e-01 -7.431591944590827670e-02 -1.107136517079315985e-01
7.324342788377161129e-02 -1.614876038574782346e-01 -1.003658495662199668e-01
1.942667445774981794e-01 -5.634272103128259990e-02 -7.768249460125470351e-02
1.197208308397199189e-01 -1.790194488058287348e-02 3.048802733696278841e-02
7.091132904709745999e-02 -4.789406590809013042e-02 -8.415354589809267288e-03
5.638134759761690568e-02 -1.836641942936268201e-01 -2.734446322745954019e-02
1.991078687083899235e-01 -1.276179928465870361e-01 4.906842650534733868e-02
1.607002223581661948e-01 -9.141532140966873721e-02 9.408058828744178537e-02
2.275506516600266649e-01 -1.097447925677893926e-01 -2.264784602406957337e-01
2.106334582540033418e-01 -9.837297019546080434e-02 -1.402376148501308928e-01
2.012843685745483724e-01 -1.413324945891700490e-01 -1.330195164348966230e-01
3.546456971346826914e-01 -2.907337701594702728e-01 -2.666003771692048163e-01
3.908222548154813292e-01 -6.259917631804680360e-02 -6.376770858184088731e-02
3.909432132379760394e-01 -1.344108570957083248e-01 4.218009570000073177e-03
4.075757998676252103e-01 -1.956650590921416855e-01 -2.287261542207261883e-02
4.314084388284874505e-01 -7.512480222832632060e-02 -1.666458343831822009e-01
4.101084595652914055e-01 -9.515017265237715738e-02 -3.695873718157345611e-02
3.710846414438251362e-01 1.883570507860902465e-01 -4.084914011302323011e-01
3.288478551538926431e-01 1.066262796350876535e-01 -3.137898879518867257e-01
2.780903030731416981e-01 1.653285732509360284e-01 -3.774371137718058877e-01
2.416377673372873403e-01 1.346785067769129263e-01 -3.771929492949083196e-01
2.731429515788063034e-01 1.346127962652758081e-01 -3.386178964712614481e-01
3.658018017756420326e-01 1.227434431247902968e-01 -3.367930165420687239e-01
3.521258148734233706e-01 1.200686393429527682e-01 -2.892267633954926365e-01
4.818461237477259518e-01 4.445691681216205199e-02 -3.511838154029250370e-01
4.518742183221862718e-01 7.191433040622542683e-02 -3.337547267908446136e-01
4.244465980818164508e-01 3.032307842538017190e-02 -3.096718070679634338e-01
3.015041338662729498e-01 -2.913695713045649227e-01 -3.787027947902300018e-01
3.610616616482850705e-01 -2.487818344048257635e-01 -2.973298193071529094e-01
2.384206854714425450e-01 -2.871083099891020285e-01 -4.263267419054500573e-01
1.710181431119707773e-01 -1.606980451164940205e-01 -2.349017909964251360e-01
1.969341265085349790e-01 -1.323884561796852266e-01 -2.576880999366448766e-01
4.013646159162120863e-01 -1.697532678142938400e-01 -3.062542775786486482e-01
1.016034973165533123e-01 -1.945679922653841820e-01 -3.865963524295830678e-01
4.235029046385880847e-01 -1.809673618535419248e-01 -4.216123732351179654e-01
3.780572534667799856e-01 -1.213533586129207087e-01 -4.685945406216088793e-01
1.122375125767900161e-01 -1.844931046222132998e-01 -3.087209203950781466e-01
1.292143892921612525e-01 -1.296655144329485476e-01 -3.275427055304336865e-01
3.860174862958876685e-01 -1.067657476825025487e-01 -2.825889959584138023e-01
2.992080002514485582e-01 -9.040456003276463315e-02 -2.771120094072803686e-01
4.348313993865384752e-01 -1.622092885426154041e-01 -3.658817480112354081e-01
3.996207226849324834e-01 -7.945498623284590056e-02 -3.717058801288660175e-01
3.869172896738013456e-01 -3.356187713182429838e-02 -3.383757729308554674e-01
3.312682999011711260e-01 -4.853879115372761871e-02 -3.372968594296922307e-01
-1.853420920733829524e-01 -4.487271375021074094e-01 -2.816709586679120303e-01
-1.553802522624201932e-01 -3.980199595875609786e-01 -3.310322038080653062e-01
-3.182081112912879539e-02 -4.274539329576605984e-01 -4.544358619343940031e-01
-4.566818022192700201e-03 -4.591292251882037045e-01 -4.049618848948576266e-01
-6.319910762788479019e-02 -3.660328651823506196e-01 -4.580845734129295743e-01
-2.910379995782318152e-02 -4.101325155359460961e-01 -3.873229826858256564e-01
-1.524768955557983530e-01 -3.733652222200974369e-01 -4.715917178437994406e-01
-1.293767083546569219e-01 -3.429908737272417962e-01 -4.617568204279816069e-01
-2.427429694203370181e-01 -3.659405629789944658e-01 -3.625159106632873107e-01
-2.241359329813464585e-01 -3.474020146693415079e-01 -3.753358760547205741e-01
-2.960100511170993820e-01 -3.825558848093583153e-01 -3.818218847719507814e-01
-2.086352290682644550e-01 -3.155346824829717844e-01 -4.338506977374538276e-01
-2.389428838483996509e-01 -3.945622244424299430e-01 -4.729904763193681361e-01
-2.669841300056068900e-01 -3.467077197687903345e-01 -4.550821063131340605e-01
-1.345954620360636789e-01 -4.657879586945160577e-01 -1.478265372449708570e-01
-8.134307366646315041e-02 -3.673043133161456031e-01 -2.276581494642278825e-01
-1.262842106060246827e-01 -4.248460657970698495e-01 -1.753282613845422444e-01
-1.197313374963742960e-01 -3.818241448650260272e-01 -1.514739763205091294e-01
9.112582915957223584e-02 -3.853526220745778774e-01 -2.123121720123620770e-01
6.370355140534285365e-02 -3.540483996515112475e-01 -2.679663637757789818e-01
-1.558858660507126716e-02 -3.669872838858002084e-01 -2.842509524615158822e-01
1.206071416125705648e-01 -4.507295415580285236e-01 -2.667788544109065407e-01
6.146566149025711051e-02 -3.679946275170468128e-01 -3.139098883267043005e-01
1.350680662102399752e-02 -3.980607869671670129e-01 -3.239815996427086731e-01
1.170051892594293347e-01 -4.234210859955692685e-01 -2.993463056042450221e-01
-4.538345534347916210e-01 -4.843670937836789259e-01 -1.729584509478218624e-01
-4.508741589393235327e-01 -4.076804288295942658e-01 -2.200734200033945265e-01
-4.261633484157200114e-01 -4.101051055105017773e-01 -3.546500315839858919e-01
3.617007800465749795e-02 -1.873744815399553398e-01 -1.711077697798589481e-01
2.958361760210524022e-02 -1.971260953171246610e-01 -2.447589822237122015e-01
2.854982397116589271e-02 -7.948255537933528181e-02 -2.935344358914511731e-01
7.925986985349403949e-03 -3.788108603316697742e-02 -2.796293800432503862e-01
-1.979004361015995056e-02 -4.345292151593323215e-02 -3.172130121820217474e-01
2.757480298521519657e-03 -1.948840196085075555e-02 -2.229324117213165035e-01
-9.014111819943571025e-02 -7.958325689212814025e-02 -3.042907103534832625e-01
-3.168685007457655578e-01 1.189705069388978242e-01 -1.611354054727061891e-01
-3.397259080505387052e-01 1.626077589497134102e-01 -1.701898272411153101e-01
-2.347999764499842656e-01 7.300395331125018872e-02 -1.044553089495767473e-01
-2.043627924710856580e-01 9.569215636278240178e-02 -7.510033989548842159e-02
-1.691990363280944099e-01 -1.167533908244912794e-01 1.615511728510619915e-01
-1.467992361364058584e-01 -5.576268810553635519e-02 2.869109312904606912e-01
-2.723077467766408244e-01 -8.620750656457981664e-02 2.666057354772167209e-01
-2.975180100049786835e-01 -2.476577938366450460e-02 2.891403679989512643e-01
-2.416472574184935218e-01 -9.421969074329911153e-02 3.168980568719469426e-01
-2.450495419615340842e-01 1.182006792875572171e-01 1.429537843656480123e-01
-8.878186363460448260e-02 1.140678982242882139e-01 2.504910944780920357e-01
-1.162092461525924131e-01 5.733268631837040719e-02 3.105329397722842999e-01
-1.279491382274485778e-01 1.384651524189002281e-01 2.862116231069476990e-01
-2.688866235923520476e-01 1.172962222384080211e-01 2.701019524804759708e-01
-2.693786260954421086e-01 7.734652129596703007e-02 3.002830929442734109e-01
-5.612384290216144295e-02 -1.881582467686795934e-01 1.387846160715899280e-01
-2.151610857432041668e-02 -2.589330671549590623e-01 1.082436412718418839e-01
-1.942851028247438022e-02 -2.189538578656951007e-01 1.080624850298263634e-01
-3.904179651159753184e-02 -1.511206029808052353e-01 -1.340570962845005765e-02
2.056920525285490728e-03 -1.903134743093148062e-01 -3.844760210465213851e-03
-5.451310395848817103e-02 -1.321438357636299243e-01 2.567157747665502893e-03
-2.632619161033416533e-01 1.468846072199408645e-02 6.444127010889696971e-02
-2.395403801428394597e-01 3.790987160973809111e-02 2.282683757625762755e-02
-1.577425464209848416e-01 -8.794829365321887860e-02 -5.456671782157943018e-02
-2.443722591121514354e-01 2.754004925602117348e-02 -8.649384967701546911e-02
-2.231664258750940544e-01 -1.152457835540734998e-02 -9.455140236064045467e-02
-1.797352840602438329e-01 1.494367413268219147e-01 1.669104343885107200e-01
-1.766862240447219790e-01 1.330090391368647651e-01 1.273135646827772693e-01
-2.017137045053833955e-01 1.231391449971338398e-01 9.824585339919678084e-02
-8.677741793740224863e-02 9.778876539300557225e-02 1.943469727684895010e-01
-9.922712968500917163e-02 6.825323526570084565e-02 1.699617187612892377e-01
-1.889575658772501554e-01 1.236247208106848183e-01 8.707731567689997246e-03
-2.037813024323036348e-01 7.832404127692893514e-02 4.390803025291034611e-02
-5.189641849740257717e-02 -5.282175340939841007e-02 1.386956522965782368e-01
-4.264377348619698832e-03 8.050731278190575990e-02 1.688084196951573357e-01
-4.270107184788885998e-04 3.291838474882629803e-03 1.625667211736665785e-01
9.888758538712429103e-02 4.337420907715901219e-02 1.129843687517879253e-01
8.470783895389916163e-02 3.537885853131175068e-02 5.714453896133678268e-02
1.090157758758750900e-01 9.791527234301755644e-02 1.314224244150299925e-01
7.519972862613300002e-02 1.317913545939753961e-01 1.372218625273008419e-01
-5.169071277286163557e-02 -1.994915696094995416e-02 -3.262837472468453626e-02
-4.500732723327155460e-02 -3.289027800115453676e-02 1.033492980105221379e-02
7.586896256796683835e-03 1.608674710831032445e-02 -3.102697882479677274e-02
4.691536947519114875e-02 6.909000009087690880e-03 9.422091631737555123e-03
-2.789625773951078247e-01 -2.444345496829269937e-01 -1.188759356023961905e-01
-2.657048284722417497e-01 -1.757083444884107726e-01 -1.184082406755055245e-01
-1.777245671843218078e-01 -1.779661462182922371e-01 -1.139121586346809323e-01
-2.362382234125345037e-01 -2.615620250768835864e-01 -1.220428697978835630e-01
-2.130664801420587562e-01 -2.738133907072307638e-01 -9.510451166973138415e-02
-1.784265457182121761e-01 -1.189942967810589808e-01 -5.299362720265749643e-02
-1.984081459271760661e-01 -2.676962014678336832e-01 -3.735037141705920688e-02
-1.602775723182630063e-01 -2.576806116909458044e-01 4.811068908476268981e-03
6.047539264288387395e-02 4.920258213358951194e-01 -7.934447609109668287e-02
3.781003848078663687e-02 4.174790834113992211e-01 -1.472677508150897763e-01
5.275680233104677874e-02 3.478464284708592813e-01 -1.238200671543663589e-01
1.090439734542770489e-01 3.390921024440690656e-01 1.358419277795017976e-01
7.826965540281666245e-02 3.053469308653860570e-01 8.441106067386286438e-02
-3.745919911774460709e-01 2.557782014511215674e-01 4.065313401677478899e-01
-3.541772586695099423e-01 2.345133107921736904e-01 3.133269491934806972e-01
-3.082898265010777239e-01 2.157954963706171236e-01 4.491893395965246838e-01
-3.429120719140989482e-01 4.011354078704442716e-01 2.521545045975340793e-01
-2.548325229014934967e-01 1.516198769220879483e-01 3.651788498181288700e-01
-3.229286508883112972e-01 4.611516509838810007e-01 3.533081236861598251e-01
-3.018568967084791499e-01 4.484932518862810857e-01 4.183446426146102404e-01
-3.648972191038118429e-01 4.366139173655144701e-01 3.540380004760957378e-01
-3.681675025624354114e-01 4.353419992398911975e-01 4.137883154705445099e-01
-2.095070730579218499e-01 3.964391159001666165e-01 4.714515671007916686e-01
-2.107453215433109928e-01 1.901175683370881775e-01 2.477730036746117748e-01
-2.588769173551102032e-01 1.654439781725902670e-01 2.905651383904866991e-01
-2.335025148626160840e-01 1.328924124478778612e-01 3.180295213577863933e-01
-1.764213297064144148e-01 1.641744901029316694e-01 2.983828418736079180e-01
-7.441523852085013546e-02 2.312082128719437635e-01 3.629331289760002743e-01
-4.219773395131044130e-02 2.329810497889910348e-01 4.361913151731295901e-01
-6.968979791693816206e-02 2.388949146332943752e-01 4.419465124889285224e-01
-1.248482420363527523e-01 1.583769845740066184e-01 3.198173542220889010e-01
-1.319792546648568821e-01 1.437845477552201767e-01 3.623117676496716566e-01
-3.725989361644401754e-01 -1.091354143227244583e-01 4.641064685418374025e-01
-3.743402874811588843e-01 -2.712241918562686149e-01 4.277824055830746763e-01
-4.591921357515942326e-01 -2.506010144594448819e-01 4.389234830596687176e-01
-4.690993777324317660e-01 -2.044926152248139894e-01 4.550293354238826304e-01
-7.664624152740506791e-02 -2.474171446446432332e-01 -2.538892851100258419e-01
-1.089506686382909345e-01 -2.142081461590495117e-01 -2.665974227049660028e-01
-3.475557582609126867e-02 -2.139770214266351889e-01 -2.280178727871423894e-01
-9.723067292311442233e-02 -1.860238910196417017e-01 -2.288171272704145331e-01
-1.000657093386700391e-01 -2.901531142334596858e-01 -2.445508736669949057e-01
-1.769897229290414709e-01 -2.587099154298042603e-01 -2.368763432093534960e-01
-3.383107390815389554e-02 -2.172274407773178428e-01 -1.532420771365878842e-01
-1.316371545795929909e-01 -3.059796388440864656e-01 -1.194688900034407697e-01
-6.142961554826115861e-02 -2.523027975777285548e-01 -1.186968213213205753e-01
-7.274923715262740509e-02 -1.826666242908271398e-01 -1.556551704841951933e-01
-1.090970016553381300e-01 -1.699445912662806146e-01 -1.627739552297634007e-01
-1.659662595371607652e-01 -2.131624254538034835e-01 -1.197214473626633247e-01
-1.927493278375875529e-01 -2.523999302490937957e-01 -1.394779023665437545e-01
-1.675114961982664130e-01 -2.726506381697708647e-01 -1.209234965377469356e-01
-1.310403676433479214e-01 -1.715091810581130527e-01 -1.325560661454819045e-01
-5.907439754858938991e-02 -2.721801989583955694e-01 -4.660256250069045314e-01
-1.211261060026841835e-01 -2.996565636657914089e-01 -4.788768255988917755e-01
-2.031225908624180176e-01 -2.737088168667082266e-01 -4.608006661280732996e-01
-2.105407960409683144e-01 -1.803379579481290407e-01 -3.877861281970339524e-01
-6.450392147055961090e-02 -2.019922036158259271e-01 -4.355182090062322819e-01
-1.334172604662022255e-01 -1.643898888774484590e-01 -3.922201060028323583e-01
-5.284974420528770755e-02 -1.237021434124349478e-01 -4.344785206509194087e-01
-1.013541021948770049e-01 -1.056643013390981545e-01 -4.063737677131675219e-01
3.568065649124034511e-02 -4.865591111118186540e-01 -3.965027611276614739e-01
2.059057895638235214e-01 -4.913593493686932434e-01 -4.795063428548071993e-01
6.507633961237137277e-02 -4.581024340725000088e-01 -3.276520650251498745e-01
1.020472608305660889e-01 -4.665845128180046708e-01 -3.224410273707367658e-01
1.142135174528778607e-01 -4.755071570709291096e-01 -2.922260748473986536e-01
-1.661460621116092953e-02 -3.257460941866888726e-01 1.093369360299990545e-01
-3.743968796527986226e-03 -3.541191083621179625e-01 1.269387783582247020e-01
-5.505535389837487581e-02 -3.991692878645096698e-01 7.582099754875824826e-02
-6.179619054252005750e-02 -4.292714724027884010e-01 9.772004860067047549e-02
-5.677143026580221477e-03 -2.681595706549937397e-01 7.481203222862795044e-02
-9.709628007854678722e-02 -4.251870693859774453e-01 2.659637774024956741e-02
-7.027594048039989549e-02 -4.725262590550505792e-01 2.103714925119338358e-03
-4.665484864830854450e-02 -4.771266173159728341e-01 3.658027443605688100e-02
1.596536280247566608e-02 -2.477522366900830331e-01 9.112648209768080265e-02
-7.522472844000978320e-02 -3.194498743509277539e-01 -7.038008035205153834e-02
-4.940519027824685772e-02 -2.993163258906204049e-01 -9.124062687506121969e-03
-5.926827761216398038e-02 -4.789278589775248784e-01 -5.600146517561056109e-02
-1.054958301698493139e-01 -3.656655021713475784e-01 -7.677087123847199657e-02
-7.291016689697242537e-02 -4.119380792807383895e-01 -9.499767689418990579e-02
8.310279324039430981e-02 -4.668871771481873933e-01 -8.564784358532648301e-02
-2.992648477521277564e-02 -2.833904950849495674e-01 -6.770278958154041238e-02
-1.861805967887170815e-02 -2.840072256639586956e-01 -4.238268509813192253e-02
1.676174976474720524e-01 -2.790299311183246367e-01 1.281472327436732894e-01
8.792086310764542223e-02 -3.255654077297088778e-01 1.017354518651712586e-01
1.271599244113632565e-01 -2.255006060051120143e-01 1.159943894440318146e-01
5.539136160596093428e-02 -2.719989127935811268e-01 7.226520916342293877e-02
1.128572242382848423e-01 -4.121021618340487414e-01 -5.408926373714664781e-02
2.354163061731993078e-01 -3.465205316108983524e-01 -1.619856647101442504e-01
1.012520375165145009e-01 -1.987661773790310726e-01 6.900938205576354068e-02
2.402507606215060210e-01 -2.497680437617375016e-01 -1.450280004558541780e-01
2.419194222147286466e-01 -2.195688517662272854e-01 -9.309251719939153069e-02
4.526832188389540851e-02 -2.608273242095514588e-01 4.753660042391585211e-02
1.086075280321138342e-01 -3.624217771984209469e-01 -1.841330604542875116e-01
5.975400397708814648e-02 -2.064565692824667786e-01 1.403153050355309371e-02
4.365041556349097407e-02 -2.292522200393613263e-01 1.543027898628470361e-02
3.423088671877982936e-02 -2.577534612286648819e-01 -8.326516114757119558e-03
1.001185606887168011e-01 -3.644162578597069935e-01 -1.482489782304186321e-01
5.847566755867871641e-02 -3.733607120463385831e-01 -1.219743016789811563e-01
9.371248794265046866e-02 -4.015676461370578654e-01 -1.047518236015546611e-01
1.786974545914560286e-01 -1.903129745341294587e-01 -1.717456476303411972e-01
1.743278144542509678e-01 -1.699996473021114785e-01 -1.330925391015515824e-01
1.919729747686610977e-01 -1.841908753489067407e-01 -3.308088593215114531e-02
2.272817392088821997e-01 -2.029922019247359655e-01 -7.345722524514128327e-02
1.928713821769987569e-01 -1.876312860745367184e-01 -1.023298290555642448e-01
9.955732023582952728e-02 -2.332050836814733574e-01 -1.752453215514321039e-01
1.976618574572169829e-02 -2.882154131217678494e-01 -6.838005432657547067e-02
6.679970029231224737e-02 -2.210673456476980603e-01 -1.589441380363920409e-01
9.111543936849486602e-02 -2.002454322754435856e-01 -1.213709575364815274e-01
4.718797589895238342e-01 -2.233245449135176364e-01 -4.484900600690083783e-01
2.595805961747386092e-01 3.810152814488699247e-01 -1.688608662641241376e-01
2.112930631623130551e-01 4.055520510227295095e-01 -2.715209983335775679e-01
2.521540416667871765e-01 3.937994121432243921e-01 -2.506017001552413581e-01
2.702615424011468037e-01 3.862253808256808640e-01 -2.025451706584341927e-01
2.845155729926241439e-01 4.032621738237892606e-01 -2.305063161651754455e-01
6.382838627199297066e-02 4.857561092564254834e-01 -8.997328704273022115e-02
6.181883768250871769e-02 4.630126027003617639e-01 -1.080881053160735045e-01
6.712998024866669022e-02 4.826821049336159630e-01 -7.919024820817779919e-02
1.041049503045459595e-01 3.837334449514663848e-01 -2.018769907428746568e-01
6.353551825037447032e-02 3.996803869272617660e-01 -1.956013235122082139e-01
1.123374176098537458e-01 3.877675587184014061e-01 -2.383360790172761590e-01
6.446791726597629613e-02 4.129393425229790360e-01 -2.319697157215797056e-01
4.752493118316344356e-01 -4.923542851369083762e-01 -1.632664099699293880e-01
4.792549435961406812e-01 -1.610057691747628916e-01 -1.478475636879660049e-01
4.645768019535984616e-01 -1.708325579546206008e-01 -1.124968741054325760e-01
4.708856067801879264e-01 -1.987200906761013575e-01 -8.536089810785028875e-02
4.858489066482692964e-01 -2.616472064369740891e-01 -9.125111352331952141e-02
4.669480180128057767e-01 -3.015428837428156261e-01 -1.664341123692740232e-01
4.728571301722517828e-01 -2.006302607502596647e-01 -2.030363179863379774e-01
4.537783430345575519e-01 -2.649423792176852643e-01 -1.879422731267395286e-01
-1.657787801388773408e-01 -2.143544079015484716e-01 3.639020128224828565e-01
-2.235315444232289506e-01 -1.295851030889604016e-01 4.074483197292373404e-01
-2.222352923078032005e-01 -1.958338316614738062e-01 3.958495936208124566e-01
-2.741847604800525806e-01 -1.935794010222882389e-01 4.562842021857883013e-01
-2.459246017443134091e-01 -7.260970461655141817e-02 4.584658795878861492e-01
-2.941961143352676000e-01 -1.168187130795595857e-01 4.766432248517026848e-01
-2.011874943432701290e-01 -2.615641866350767314e-02 4.784126290853986108e-01
1.013134401831809923e-02 -1.157174636737354906e-01 -4.381163296806337981e-01
3.384944276131641311e-02 1.033429948561842421e-01 -4.695711796620947176e-01
9.830689885291861441e-02 -1.160828202260942715e-01 -4.000402022756854303e-01
1.724783480280314696e-02 -4.368578832874877443e-02 -3.877389166693578915e-01
6.410052991231750263e-02 -7.724100313213007329e-02 -3.720759435911574209e-01
1.685564894082028087e-01 1.201723375669918742e-01 -4.441081290527800762e-01
1.294646198057118613e-01 1.310891709416473483e-01 -4.687522509170685692e-01
2.120085852304267049e-01 8.328476061423309429e-02 -4.569921656424660306e-01
7.130914576554234219e-02 -1.732955795887705097e-01 -4.553095118268162267e-01
1.021932441655880597e-01 -1.656745371227862362e-01 -4.327033900010506251e-01
4.200486074618023369e-02 2.449587541850655747e-01 -4.620397106403475451e-01
-3.612560005020357123e-01 2.816176005936074644e-01 -3.363946274875594389e-01
-3.558839819449276520e-01 2.190262834784714174e-01 -2.009830447727274094e-01
-3.856909465680500304e-01 2.511640459883132115e-01 -2.677260709859465848e-01
-4.488516111016765398e-01 2.895364615782119455e-01 -2.369713008943132582e-01
4.814328451159312627e-01 3.030226622549127558e-01 4.888757531582108573e-01
-9.635415901602123467e-02 5.302958132707020350e-02 -4.439727432163077109e-02
-1.503537429231931177e-01 1.257685628390891597e-01 -4.882622393927248984e-03
4.397881232300600990e-02 6.228906953659886503e-02 -6.642005471338255362e-02
3.720280157416519518e-02 3.999509373608017143e-02 -2.305911868170575779e-02
8.983961054530729962e-02 1.365752014331047814e-01 -8.767746885816873892e-02
4.310244468948776914e-02 1.842722651196228023e-01 -1.610353262232228910e-01
1.107826205744063541e-01 1.488289412210144491e-01 -1.530238801879644714e-02
-5.800404407751213326e-02 1.926600847192888044e-01 -1.540080694968144204e-01
2.905925348366820982e-02 2.066126946104182016e-01 -1.748548024923776978e-01
7.865173822979885931e-02 1.978608162410949167e-01 5.085526787086491751e-02
8.391001325662320043e-02 1.432321754149547266e-01 1.004095649080800623e-01
1.262672555735108171e-01 1.273448421176497092e-01 4.803850083621759998e-02
1.025471069865490775e-01 1.188324354816705508e-01 7.685878682189020705e-02
9.183570075688329837e-02 8.385540520568345035e-02 4.706354709632435546e-02
-4.701694918334341500e-01 -4.551142186898196607e-01 -4.034594304311769353e-01
2.983958155745278923e-02 -1.227154331038796953e-01 -1.124278580513046466e-01
1.657686364976373311e-02 -1.230900091836594629e-01 -1.564672264653178269e-01
2.204554033092107762e-02 -4.497316862782456404e-02 -1.997265310866852828e-01
-2.358651743546803792e-02 -1.102666056158161934e-01 -9.201261424440225489e-02
-6.348050365839949527e-02 -8.070263488160696330e-02 -9.048850542628217308e-02
-3.935210436854995331e-02 -1.160186363090940226e-01 -1.256098677649517548e-01
7.777432797284138111e-02 -1.734154869582411884e-02 -1.678750388858894493e-01
7.000347211743043752e-03 3.238076667019898838e-03 -5.562961160339863903e-02
6.971086989721253339e-03 2.863755849605616188e-02 -6.923319669684226130e-02
-3.107290778058461461e-02 -2.515314925514594915e-02 -2.174886128668423180e-01
-9.954978617846443889e-02 -9.528390282609236484e-02 -1.002439754346567957e-01
6.329128755056478983e-02 -8.870418458166390296e-02 -9.929523213020302608e-02
9.674390980852934363e-02 -7.722253028354758575e-02 -1.295543251570723253e-01
5.351799308640288466e-02 -4.415297788953623931e-02 -6.530961835235249424e-02
-1.432302925419900452e-01 -1.410403615754386719e-01 -2.874896960465067042e-01
-1.114867822519754192e-01 -1.588196284169061112e-01 -2.418797065918375233e-01
-1.093806209343008984e-01 -1.196333301792962545e-01 -2.852945224539787383e-01
-1.168359812492524574e-01 -5.490731054394454302e-02 -2.580869924659624504e-01
-2.382950933723605724e-01 -1.027193869191862369e-01 -2.492567824251176178e-01
-2.266092649666155423e-01 -8.958455171532783701e-02 -1.837049507761172595e-01
-2.036953487271367103e-01 -1.396969068849454251e-02 -2.336884026794801561e-01
-1.278071923606592664e-01 -1.330345035818179811e-01 -1.313933306009610613e-01
-1.048918319364549184e-01 -1.271387847173147956e-01 -1.622729138515676961e-01
-9.359809321636090862e-02 -8.681381346114828979e-02 -1.257129940407550328e-01
-8.698823620501870690e-02 -9.169383478155250511e-02 -1.676955401752642794e-01
-1.145384619771065288e-01 -4.668867354297295130e-02 -1.437895739389337402e-01
-1.058364322254953804e-01 -2.411673829388461324e-02 -1.702880007259985895e-01
-7.141047118121461590e-02 -4.500839327440980114e-02 -1.957879371435815308e-01
-4.431939675517134192e-01 3.627836416044901702e-01 7.471899192093466036e-02
-4.564011616439931363e-01 3.899962718826525676e-01 3.869962008510500345e-02
-4.121824251258747740e-01 2.054990533702104882e-01 3.890821983315419924e-02
-3.777083983350567609e-01 3.596300082354973449e-01 -1.019855030848517696e-01
-4.346878769900662798e-01 1.499866113359819009e-01 -8.769401092566392331e-02
-4.459776426777937175e-01 2.843203525269167864e-01 -1.982415920964581413e-01
-3.724114750159044362e-01 1.848939457978253931e-01 -1.144930503701465790e-01
-3.460774131155306410e-01 2.496112268475539631e-01 -1.707610712582239842e-01
-2.744368339807213078e-02 8.241159099969810886e-02 -2.521194870485686801e-01
-1.303053668846361479e-01 2.032637033229936219e-01 -1.902482198859410112e-01
-1.261100920564953987e-01 1.947608009847356381e-01 -2.485342844700257070e-01
-1.399411403635540951e-01 1.392169589725107681e-01 -2.789950674234811800e-01
-1.672742087106065534e-01 1.803351539883202570e-01 -2.706762860269550375e-01
-2.630494925448092700e-02 1.218253142782046022e-01 -1.949669769227876104e-01
-1.870941567925228921e-01 9.525276958224832002e-02 -1.063407801611398196e-01
-8.664287713602154828e-02 1.718665506899788309e-01 -1.662156678776532392e-01
-4.180255762541148362e-02 1.774384106843960862e-01 -1.841282057744368372e-01
-2.094942684157729273e-01 7.438747821148591899e-02 -2.503443146162717681e-01
-2.347477675363722205e-01 9.666877492568037855e-02 -1.850565533721410250e-01
-5.409642034615965572e-02 6.820801381684331310e-02 -1.164417376905106383e-01
-9.602693721283309114e-02 5.930037891644152070e-02 -9.362993686560409923e-02
-1.314863871082991853e-01 1.093547819138291077e-01 -9.046008917496863033e-02
-2.160225542382264718e-01 7.020121032284969143e-02 -1.233287658783971119e-01
-5.773282897811145287e-02 1.304234591080226033e-03 -1.692854247981821492e-01
-3.546453961971728075e-02 4.535914040760391508e-02 -1.207458577854544635e-01
-3.880776161947654956e-02 2.043602794814428081e-02 -2.058303395685534831e-01
-2.091468103447008953e-01 1.286379448288975033e-02 -1.357721431574062942e-01
-1.472426211950884356e-01 1.850611806670374171e-02 -1.020428301870753840e-01
-2.107942602347833427e-01 -1.342422377712497623e-02 -1.648875086293706271e-01
-1.956546011212527969e-01 1.448923968312773591e-02 -1.948519178357613069e-01
-1.492271647738442342e-01 -1.053498555846383265e-02 -1.428184752550559211e-01
-1.362868375980172964e-01 -1.178784529011803542e-03 -1.678463790575053516e-01
-4.189363981666184844e-01 -1.415378469316325438e-01 1.478255788973192597e-01
-4.115406906800689879e-01 -1.960504673300815792e-01 1.270578876338100405e-01
-2.537646870657966902e-01 -1.127815643153362857e-01 2.175395334424651828e-01
-2.620848103911163074e-01 -1.038822614178270959e-01 1.691742789746867315e-01
-2.018022251063232575e-01 -1.247152194686400178e-01 1.723983519110408591e-01
-3.362911192923313530e-01 -3.179627078404071439e-01 1.060374848405031684e-01
-3.935168663925217025e-01 -3.012972477964779849e-01 1.706157612175151495e-01
-2.190185324286257340e-01 -2.651189952973105335e-01 5.913020670999166728e-02
-3.003150566039247682e-01 -1.071049035570957458e-01 2.624530753171339659e-01
-4.211636865541480423e-01 -1.250998205489011195e-01 1.948794755427836201e-01
-3.781838034256787551e-01 -9.495118093773505241e-02 2.484800072949095162e-01
-4.197064111922753082e-01 -1.500184373319167763e-01 2.587970675488735495e-01
-2.741174902667286584e-01 -3.322008558003407552e-01 1.039972912861607396e-01
-1.961262689783278279e-01 -3.231610077711936646e-01 1.451667768895797683e-01
-2.468668278005803629e-01 -3.407171294151970509e-01 2.695845549892290083e-01
-2.026654976490207538e-01 -2.497300128593195612e-01 2.731829173591088233e-01
-3.636357740049960263e-01 -3.065739275833791466e-01 2.508438657977609676e-01
-3.752312867631641957e-01 -2.621626681151878469e-01 2.889562260724872211e-01
-2.382279496010211717e-01 -1.929616732951792424e-01 3.124183159146702859e-01
-3.324930260445124741e-01 -3.199728370092561058e-01 2.979383115273404048e-01
-3.531700712182933022e-01 -2.826018358188071566e-01 3.225117497333311878e-01
-1.472631666001091855e-01 -1.505613109911981273e-01 -7.302001893838169777e-02
-1.615852881251951811e-01 -1.905751872291202020e-01 -9.379539265859875019e-02
-1.280506524131806712e-01 -1.691730860302145256e-01 -9.990357919062328729e-02
-1.315838354558074852e-01 -1.649403388902695167e-01 -4.663941093811612565e-02
-1.402474557894350382e-01 -1.983055704581329348e-01 -4.283948995421256456e-02
-1.017458836251292215e-01 -1.800387463410172972e-01 -1.166553304603262925e-01
-9.288446481824579049e-02 -2.052883317465592494e-01 -1.151132408414074493e-01
-1.644412130574682274e-01 -1.939970041247368049e-01 -1.183145284149414306e-01
-1.479311767905611419e-01 -1.747685192970639401e-01 -1.077838363258870613e-01
-1.401964232190407444e-01 -1.970773191250507761e-01 -1.088389589142490232e-01
-7.894070930396053509e-02 -1.788465702377889099e-01 -4.651784976358466772e-02
-5.362023717610443080e-02 -2.293636135465828840e-01 -6.548072900124854434e-02
-1.493183052530610844e-01 -1.826907438620635205e-01 1.435204874668694411e-02
-1.715728109961346948e-01 -1.392933516393553839e-01 -1.752740083244461178e-02
-7.917931193349384000e-02 -1.477635416989004080e-01 2.366167779229568641e-02
-1.776547095469544479e-01 -6.391842998982852353e-02 5.719497357347803207e-02
-1.385368292311061345e-01 -9.245891678283899018e-02 -1.474547276278784062e-02
-8.103723654207559135e-02 -1.260753217677447746e-01 1.279040718459775738e-01
-7.049668360240637921e-02 -1.516032803827634945e-01 1.329943334882021100e-01
-1.836452723439659929e-01 -1.534191082921997629e-01 1.393633968504758569e-01
-1.522581413971936248e-01 -2.244232570955917438e-01 5.326524028517157228e-02
-1.997896583775173873e-01 -2.147283415169566334e-01 8.542381231729359592e-02
-1.218021626836224836e-01 -4.648263036799305664e-02 4.562885043342395502e-02
-9.042498867869948331e-02 -4.978154364414830169e-02 2.100665288070292444e-02
-8.404499156534647741e-02 -7.171197840738140206e-02 8.366317324723053506e-02
-9.428245925531672511e-02 -7.854306259166514426e-02 -4.641294723997671512e-03
-8.156105365060054013e-02 -4.566046797411802555e-02 8.125384969567406648e-03
-6.479083050517620013e-02 -1.137828954537636050e-01 1.491863135370997268e-02
-1.339227403893966939e-01 -1.510302279308743389e-01 1.634955095341950326e-01
-1.448335364686549886e-01 -2.098074848830468464e-01 1.530801732960486994e-01
-1.134200416043552734e-01 -2.196172964620421997e-01 1.111853194292025393e-01
-1.654892785842961844e-01 -2.306353935236830355e-01 1.226497999630559305e-01
-1.110830763497420159e-01 -1.886150941490715438e-01 1.534482796340368160e-01
-8.553945370307626528e-02 -1.871221574902700302e-01 1.436715784497032133e-01
-3.088105127921244586e-01 4.228466531642847137e-01 1.408981808848353001e-01
-2.472194441063131909e-01 3.986215869302693893e-01 1.982134701531928778e-01
-2.069883740877036249e-01 3.707880192574473099e-01 1.885717777499429648e-01
-1.020106994438418069e-01 2.896705177671534126e-01 -8.118269221737826891e-02
-6.362145766096821697e-02 3.271747111317816481e-01 -5.466712049016721198e-02
1.051049931477270327e-01 4.864852977861885419e-01 4.267235230973435156e-01
1.320334229502448664e-01 4.480557685729471551e-01 2.160491852789634126e-01
5.865429334320906157e-02 4.951615546321624373e-01 4.144011175062395913e-01
-1.090703602233513148e-01 4.299885770528302786e-01 3.957297183145360719e-01
-7.982242023559334154e-02 3.913114795542295132e-01 3.875166900459924846e-01
4.659194877959465381e-02 4.110645219144660190e-01 1.822744782675779218e-01
-1.896518513676752338e-01 4.643196390724046441e-01 2.873207651972412013e-01
-1.923206506358082490e-01 4.373269511121340991e-01 2.383556908609915925e-01
-1.091684629849282301e-01 3.704221340771488014e-01 2.753813755824592313e-01
-1.615556749016375249e-01 4.026311873244360906e-01 2.097340226119495665e-01
-2.023850350483481775e-02 4.126143444070288768e-01 1.413306979947676900e-01
-7.961068589821357344e-02 4.118678292199676738e-01 1.397565846188116578e-01
-5.681973819776917067e-02 4.556842396711282550e-01 1.208396603789638063e-01
-1.240052708336125825e-01 2.735385012769716573e-01 4.845729660631787894e-01
-4.549683853143264289e-01 -2.950353375304225478e-01 4.790007690272848895e-01
-3.602530918371358304e-01 -3.007584475795715973e-01 4.479750436351654375e-01
-3.354931421817576309e-01 -3.938912554455302195e-01 3.613404396931726437e-01
-2.718202247372443758e-01 -4.221823777948831569e-01 3.545019863166643526e-01
-2.402277390581185335e-01 -1.233699380612686969e-01 -4.087471851271111123e-01
-1.754935490348260296e-01 1.971100337896489196e-02 -4.351733692952372556e-01
-1.801340609654392966e-01 -3.916604952517856175e-02 -4.421738346659239149e-01
-3.303533490212267054e-01 1.511563571867316214e-01 -4.579201667289793942e-01
-2.140467275511860057e-01 6.652131336269002937e-02 -3.690470354231596972e-01
-3.896104179563464887e-01 -1.023810293122713738e-01 -3.926151211021717269e-01
-3.500875846286378157e-01 -1.194879951928999873e-01 -3.684521382590428273e-01
-4.342690844347935619e-01 8.480319950623349534e-02 -4.406531399461697251e-01
-3.705267986112297796e-01 1.616419390603156814e-01 -4.441045700157208453e-01
-4.510930851579071921e-01 4.368402246843550857e-02 -3.903894862412059519e-01
-3.537385534173496660e-01 1.445918071344922881e-02 -3.216602395409264292e-01
-3.253474423331922383e-01 -5.870662614749962843e-02 -3.073369707722502508e-01
-2.976726205196725816e-01 2.271722903045507794e-02 -3.154345195268431490e-01
-4.439934744267661770e-01 7.372927482585595049e-02 -3.515936839304191208e-01
-4.031914412424230654e-01 4.839603140742808340e-02 -3.197828523790520738e-01
-4.062389149057209492e-01 1.189941724779804560e-01 -3.492384344079961789e-01
1.619380248650152676e-01 -3.621375150487014527e-01 1.477653807560146138e-01
1.696881543486569166e-01 -3.225357981643184324e-01 1.227072736158287408e-01
1.362048728904636241e-01 -3.432039376223424143e-01 1.234050789447001806e-01
1.901352314682080991e-01 -4.730154910554080772e-01 -9.289041752576122565e-03
1.764005541565240309e-01 -4.228325363416660654e-01 -3.606379192979855541e-02
3.004017186650910221e-01 -4.440089992169215516e-01 1.732927478297400237e-01
2.206159449911346548e-01 -4.381339706586029337e-01 1.762970108760283650e-01
2.665440495392681353e-01 -4.831636173455928773e-01 -2.922299868757171487e-02
2.976312930639611887e-01 -4.241767116225134693e-01 -8.805601268942510329e-02
2.422089531229846826e-01 -3.742010859707622372e-01 -6.725484451761698512e-02
4.136940406581207097e-01 -3.860901960421652124e-01 1.171814348586586729e-01
4.111612083685681207e-01 -4.125940462670282249e-01 -5.051398168687765144e-02
4.101371705529961997e-01 -4.607914656918356000e-01 -2.507044893477343266e-03
2.448798766691045736e-01 -2.939182305300478970e-01 -2.682175524736289673e-02
2.031820158083288697e-01 -2.931649079967182936e-01 8.417642015035704806e-02
4.090068622803902931e-01 -2.687339755951506093e-01 1.596388742257736151e-02
4.188593974868729530e-01 -2.707316673549718389e-01 6.127729151830925425e-02
4.330742308329542101e-01 -3.738337586511393806e-01 -1.243685047753306273e-02
4.444010123471748841e-01 -3.998159188951105891e-01 3.666509957368309369e-02
3.927657822452181313e-01 -2.432100951901742525e-01 3.492619336820859156e-03
3.740808679152363703e-01 -2.510172074481142879e-01 4.904977107857733803e-02
4.829353295775637434e-01 2.418509476095174193e-01 -1.822829940501876078e-01
4.709655711077576634e-01 1.507269901477280849e-01 -1.217234688113803948e-01
4.359536769841227399e-01 3.470234895259224350e-01 4.781214226474068962e-02
4.431978370919968935e-01 2.395012563318851262e-01 6.285082472080374960e-02
4.666461915210939337e-01 2.427647796687348036e-01 1.069206247166120394e-01
4.122907728959183116e-01 3.324409727166717787e-01 6.727195383100280368e-02
4.486192175915925118e-01 2.773435610162365839e-01 1.123952304546577269e-01
4.478051631871109439e-01 -4.772613809859476697e-01 3.615474901524911577e-01
4.157117448060120846e-01 -4.794830352296849396e-01 3.136309394185698429e-01
-1.192905605107312944e-01 -8.713488269088248694e-02 4.467595542609356651e-01
-4.941590724548883262e-02 -4.667542777003386156e-02 4.067778171368012785e-01
-6.729027356053858544e-02 -7.218093710602543900e-02 3.664899723749148741e-01
-1.144131686517483870e-01 -1.058905440628193778e-01 3.727601966376378750e-01
-1.502614537921663773e-01 -1.067637715915734781e-01 4.143183055013432425e-01
-1.482347215423663045e-01 -1.658194217390752956e-01 3.807122135570186749e-01
-6.408118131688527244e-03 -5.279887413864313428e-02 4.141530694756707653e-01
8.504603254744746987e-02 -1.051178159749320828e-01 3.962290625576626590e-01
7.820638326642460891e-02 -1.484641518795642434e-01 3.662690540838512976e-01
1.196505006602089222e-01 -1.958991848845549055e-01 4.626608338052440317e-01
1.182219121315837979e-01 -2.419111712418260118e-01 4.116094064173216327e-01
1.114707479800331469e-01 -1.892555411676677402e-01 3.553054651495928806e-01
8.554298197109660995e-02 -2.767213659991922259e-01 4.262345861284118076e-01
2.332766971430842717e-02 -2.799857084649997052e-01 3.841298028636702111e-01
-9.310479104099347869e-02 -2.730725612464522389e-01 3.913585556003439381e-01
-1.024534210011749796e-01 -2.616040065073361731e-01 4.488429913291070994e-01
-1.257831930213343108e-01 -2.301501165578193342e-01 3.917392803615507568e-01
-2.253463210820980667e-01 2.928743780039488875e-01 -4.673080462828733128e-01
-2.008681280955687820e-01 3.429167694786274256e-01 -4.784788546920883956e-01
-2.544631376444081994e-01 2.506582084844398706e-01 -4.214630207716655863e-01
-2.666269679463302289e-01 2.971397632894483554e-01 -3.594630859887338326e-01
-1.588618804629671477e-01 1.788011824595708843e-01 -3.500195888229576391e-01
-1.980593947391319221e-01 3.931455456778842894e-01 -4.510616555650625581e-01
-2.241005387554289574e-01 3.858522588117770935e-01 -3.766465508724224365e-01
-1.523493718083535065e-01 1.902587987064754127e-01 -2.913535707704527633e-01
-1.190951882411100671e-01 2.184739612375561357e-01 -2.788538468254157521e-01
-1.230959482981730871e-02 2.073838230402781369e-01 -4.675424014527783112e-01
-2.698896843078197466e-02 2.234673347789008224e-01 -4.785265201474604990e-01
4.034245542194772258e-03 2.404562458656623047e-01 -4.675412601464262186e-01
1.068081720694613601e-02 3.083721534654799701e-01 -3.033292636308402845e-01
2.090039056587093824e-02 2.501178614992459748e-01 -4.703537203510367304e-01
-2.497947231740912100e-01 2.598308588042252398e-01 -2.821139606303676994e-01
-4.058396278650628908e-01 4.731813513855704367e-01 -1.107113058831998981e-01
-3.599056650705556581e-01 4.603603553664391002e-01 -1.441970760119100081e-01
-2.941236065379906894e-01 4.571650072805223952e-01 -3.526758990343378253e-01
-3.073781870827748675e-01 4.796250521849447779e-01 -3.949528681362390325e-01
-3.765877561862699396e-01 -1.260174678823626215e-01 1.117645758653803140e-01
-4.053327523221612050e-01 -6.254898761320228096e-02 7.435000074452645380e-02
-4.353377000088429205e-01 -6.137739264882183243e-02 1.125781126730551057e-02
-4.251127456590216847e-01 -1.514094821188700368e-01 -7.414052830695029572e-02
-2.890355384956141971e-01 -3.803796650202350554e-02 6.184716211259799756e-02
-2.244207222005625002e-01 -1.130699575127342565e-01 6.885696970890699264e-02
-3.013825825452260410e-01 -1.032212538806178415e-01 9.955869079093236651e-02
-2.323221381852635103e-01 -1.317484122555952486e-01 1.129609106818377923e-01
-2.363179165808234339e-01 -1.348876657575071580e-01 2.612062227718364021e-02
-2.299812705105217236e-01 -1.663769117381330154e-01 7.692043156817708616e-02
-2.703880151318717173e-01 -2.148282106377850942e-01 3.075907477404083573e-02
-3.537362293122974788e-01 7.831913802015621692e-03 5.170731585167162581e-02
-3.084311681684630546e-01 -7.361688915023386834e-03 3.249684036448328289e-02
-3.768744023986440039e-01 -1.859347489144309168e-02 -4.042188840202429884e-02
-3.668178944827716337e-01 -9.470487737103958081e-02 -1.106800261239228728e-01
-3.906435685359412879e-01 -2.316224674785423154e-01 -3.088843158098085462e-02
-3.036221728076076709e-01 -2.165819035668482551e-01 -7.181852609186287206e-02
-2.909097202807816585e-01 -1.615110524894257660e-01 -8.790210571682388618e-02
-2.462509959338713694e-01 -1.346046858877170127e-01 -6.139574823007808158e-02
-3.732503025302569277e-01 -2.499351257954554317e-01 2.975256779321157341e-02
-3.423892280609631689e-01 -2.515404993731183425e-01 6.889578068707855052e-02
-3.746497569733178712e-01 -2.205169588266535363e-01 9.014421762347163414e-02
-3.675250995542397869e-01 -1.046604031366321456e-02 -6.584288064570445465e-02
-2.866813465855805321e-01 -1.721786916256541275e-02 -5.296491431069681038e-02
-3.236219042338225882e-01 -1.123377629177298165e-01 -1.226019022596486346e-01
-2.764395978031617407e-01 -7.043575764970747000e-02 -9.675206608899515615e-02
-2.268382219890446860e-01 4.325188900410532611e-01 -1.275454936123200482e-02
-2.729044528565864325e-01 3.995242330414019438e-01 -9.222014786752513738e-02
-1.152530226842564259e-01 4.725220070104749204e-01 -1.961861472037042253e-02
-1.292653097693688413e-01 4.162012765603507192e-01 -7.497359284299258929e-03
-2.996986478301301160e-01 4.585449572723676592e-01 -1.474944418725579742e-01
-8.012238634053178710e-02 4.795992689599358760e-01 -7.959801752460521351e-02
-6.446746232981116764e-02 2.723205805906702692e-01 5.510508115819807984e-02
-8.156905621689766739e-02 2.886014109304767539e-01 2.388841461855756992e-02
-1.206872055607226824e-01 2.545918129344055814e-01 -2.737955902626810351e-04
-1.167012183934373615e-01 3.769915726199763450e-01 9.897996500597636138e-02
-1.288068702858529424e-01 3.566760767883337402e-01 4.410754665705176464e-02
-8.596542361237922980e-02 2.402037210094682684e-01 4.432218737738764097e-02
-1.195828106372763266e-01 2.226642293377275317e-01 3.690616416780795328e-02
-1.967658205294159635e-01 3.693115979242567182e-01 1.574048326501931994e-01
-1.372927429987609305e-01 1.874478266313159003e-01 7.372363766160222598e-02
-1.467599166201842276e-01 1.849191587760006528e-01 4.887146953868660298e-02
-1.627124815805632008e-01 1.938303585897465375e-01 1.041682163621450996e-01
-2.544330869227562353e-01 4.072110247685597484e-01 1.002350806505655778e-01
-2.383024366863819854e-01 3.996392482176470695e-01 2.890576935058964021e-03
-2.096934987906057257e-01 1.532965892136718411e-01 2.154927321188859768e-02
-2.090255480318623793e-01 1.703961608599517397e-01 7.876701242903082212e-02
-3.536259178507632495e-01 3.296237076213436312e-01 6.525808302846637654e-03
-2.320541020935915077e-01 1.956459041743339733e-01 -3.925036678422756664e-02
-1.972575038674744263e-01 2.553670562117931198e-01 -7.798960483121811227e-02
-3.320315232767554470e-01 2.389281283245786314e-01 3.542785095926777317e-02
-3.256944302903713728e-01 3.435975699212635570e-01 -7.665600230865318720e-02
-2.888261141623513217e-01 3.498901803285748846e-01 -7.979676205760664887e-02
-2.973597595916945280e-01 2.264596213699279215e-01 -8.970753200084402579e-02
-3.120064822859324738e-01 2.832689853610463326e-01 -1.076006832621441006e-01
-2.794486631344747507e-01 3.007697880113276434e-01 -1.121192438878693270e-01
-4.453677123413882222e-01 4.473951104670295109e-01 -4.437316916959723745e-01
-3.510593806996345490e-01 4.657836906561548806e-01 -3.748795061271885110e-01
-3.850665452929131760e-01 4.695701571540858987e-01 -1.864188621250758571e-01
-3.338064724008154571e-01 4.440372695157444038e-01 -3.343758533945357381e-01
-4.822035573559887434e-01 3.253618951891037447e-01 -2.683182587738168201e-01
-4.495941735323901178e-01 3.346073645809748975e-01 -3.011374859570896678e-01
-4.560208708926016263e-01 3.674125099396606253e-01 -3.864538331407499361e-01
-4.084369025463406300e-01 3.436594608323666478e-01 -3.425712887157293385e-01
2.369543683610620122e-01 4.564708418605047391e-01 -4.872465774635238445e-01
4.000207350337983692e-01 4.254464819338962811e-01 -3.431173470343881204e-01
2.835940403012547906e-01 3.628480490678239745e-01 -4.400610989609843871e-01
2.841254023654319893e-01 3.890565028836044381e-01 -4.002626373556095185e-01
4.144536334596142790e-01 2.928156832768854523e-01 -4.449282115074795207e-01
4.709124347815321632e-01 3.600689027798498754e-01 -3.682993275558588131e-01
-4.284747713053708995e-02 4.028045905252027326e-01 -1.166381787664600433e-01
-7.196463163325549084e-02 4.522526549020449704e-01 -1.298590327399865851e-01
-1.552946083463877802e-01 2.642452482558658722e-01 -2.444459394051425594e-01
-2.095805693087622323e-01 2.756384887258297445e-01 -2.289125044033241130e-01
-2.180263349855618427e-01 3.669468622448823214e-01 -1.285201591550396150e-01
-8.828232538497053639e-02 3.444225676712269202e-01 -7.679137187160574307e-02
-1.183841472826613339e-01 3.814259151579476592e-01 -6.365433344775989211e-02
-2.217990026487415833e-01 3.133711719369334792e-01 -1.487092449224960977e-01
-1.464032015026854594e-01 2.567672674945515876e-01 -1.772489338919692181e-01
-1.295274672736669297e-01 3.084693841315920282e-01 -9.643002924072981152e-02
-1.830415897994303598e-01 2.911150230181035470e-01 -1.337499008396960676e-01
-2.008101991463444591e-01 4.295154868652328317e-01 -4.849434754980831430e-01
-2.483895285524219121e-01 4.811161215275008840e-01 -4.463725525537425853e-01
-9.829462307459135850e-02 4.634645239427774288e-01 -1.709056993954012615e-01
-2.256155679819647486e-01 4.570923126455135321e-01 -2.814132661722792972e-01
-1.410554926814857821e-02 4.207844647039802877e-01 -3.515574424680164567e-01
-7.787418021528599854e-02 4.474831350872716662e-01 -3.630188083009595057e-01
-2.092738127913294499e-01 4.349361898424731754e-01 -3.218348026498227821e-01
-1.770615241927842309e-01 4.464137337197627842e-01 -2.738459100472461771e-01
-2.163335661629712803e-01 4.685926224102718307e-01 -2.181472036588017194e-01
-1.789693292621906962e-01 4.592810256340971176e-01 -2.275482522327830215e-01
2.714252665913221424e-02 4.096097918589614029e-01 -2.617058272322657642e-01
-2.539513708972914591e-02 4.096321531483508305e-01 -2.324160791227791178e-01
4.354211994275422604e-03 3.749333965933034918e-01 -2.888319074717347057e-01
-3.351307663224885325e-02 3.824266957756262686e-01 -2.388073434398431116e-01
9.969091684500058781e-02 2.311878492801637541e-01 5.000000000000000000e-01
1.634534614421223886e-01 1.273769001176367766e-01 5.000000000000000000e-01
4.380444417669198121e-01 2.911822453054932480e-01 5.000000000000000000e-01
4.261523021213868834e-01 1.667882868754361481e-01 5.000000000000000000e-01
2.102699025289213874e-01 8.911464230211182946e-02 5.000000000000000000e-01
2.528500579898662060e-01 4.050127520369350975e-01 5.000000000000000000e-01
-3.114012352942906181e-02 -5.000000000000000000e-01 4.145870524804267654e-01
1.037920880373704446e-01 -5.000000000000000000e-01 4.112469318327131029e-01
-5.694900944464669629e-02 -5.000000000000000000e-01 4.119265442760580709e-01
-1.851877616834946005e-01 -5.000000000000000000e-01 2.723647839451512898e-01
1.319307706323991358e-01 -5.000000000000000000e-01 2.300791654517824747e-01
-1.705220337134228104e-01 -5.000000000000000000e-01 2.183771689304294383e-01
-5.620220285657262504e-02 -5.000000000000000000e-01 1.435720919141510732e-01
-2.945257849383222104e-01 -5.000000000000000000e-01 1.053777072582497698e-01
-4.021400541558768915e-01 -5.000000000000000000e-01 1.169027346155767366e-01
-2.935511958854238879e-01 -5.000000000000000000e-01 -1.261656990575583948e-01
-3.980703990871176101e-01 -5.000000000000000000e-01 -1.378698299945956274e-01
-2.431264900598503753e-01 -5.000000000000000000e-01 -1.650154881302914878e-02
-4.791524888901462775e-01 -5.000000000000000000e-01 1.339900234132310186e-02
-4.923044419384575154e-01 5.000000000000000000e-01 3.955182284917724278e-01
-4.507644616611205524e-01 4.460837426971309694e-01 5.000000000000000000e-01
-5.000000000000000000e-01 3.157802346563407525e-01 4.952532641494366006e-01
-4.940850923445672671e-01 5.000000000000000000e-01 3.944241769516784735e-01
4.645921739871399780e-01 1.375875462910111369e-01 5.000000000000000000e-01
2.246428758035239615e-01 -2.475896307986877320e-02 5.000000000000000000e-01
3.578763291848518491e-01 -1.224771306934402254e-01 5.000000000000000000e-01
2.330757289961952750e-01 -5.075776974584280538e-02 5.000000000000000000e-01
4.829180056448986180e-01 7.157458735448268827e-02 5.000000000000000000e-01
3.656830500817069285e-01 -1.222924299095924233e-01 5.000000000000000000e-01
5.000000000000000000e-01 -1.857287730791369884e-01 4.065672145200833754e-01
5.000000000000000000e-01 -2.534338427649941369e-02 3.842370253577060413e-01
5.000000000000000000e-01 9.996144158527332790e-02 2.146255870596518456e-01
5.000000000000000000e-01 -2.026701076506510213e-01 3.914384773117305372e-01
5.000000000000000000e-01 8.403408016897438715e-02 2.002014636625937261e-01
5.000000000000000000e-01 -4.318012923669404396e-02 1.149669508376955085e-01
5.000000000000000000e-01 -1.287934572864577465e-01 1.483209331070828585e-01
5.000000000000000000e-01 -2.144886991431635970e-01 3.455793580293360368e-01
5.000000000000000000e-01 -3.435793540559137216e-01 4.918622611902181418e-01
2.078451149020665578e-01 -2.475685814877846835e-01 5.000000000000000000e-01
2.550379558907656663e-01 -4.070185872872166821e-01 5.000000000000000000e-01
2.920667548011706138e-01 -4.198623267469694387e-01 5.000000000000000000e-01
4.673862681679940567e-01 -3.888973043794564655e-01 5.000000000000000000e-01
5.000000000000000000e-01 -2.019296047354800228e-01 1.256313777180691482e-01
5.000000000000000000e-01 -3.816366406357374896e-01 2.042955232120048092e-01
5.000000000000000000e-01 -3.822404518201174550e-01 2.065522446021885450e-01
-2.353992059354251612e-02 -5.000000000000000000e-01 -3.840619303538885809e-01
-7.195200974757473555e-02 -4.617770282551817984e-01 -5.000000000000000000e-01
-2.043336536105832546e-01 -5.000000000000000000e-01 -2.852689990245668716e-01
-2.634132499570593922e-01 -5.000000000000000000e-01 -4.759799990159741534e-01
-1.173832785542422985e-01 -3.939872630830101308e-01 -5.000000000000000000e-01
-3.070035829139526884e-01 -5.000000000000000000e-01 -3.791405832822173361e-01
-2.158854616303252927e-01 -5.000000000000000000e-01 -1.770741612032224882e-02
-8.426999011203863132e-02 -5.000000000000000000e-01 -9.638255028571338090e-02
-1.979426110491069868e-01 -5.000000000000000000e-01 -2.066769908015506085e-01
-1.268700123888694686e-01 -5.000000000000000000e-01 -1.607067847251678061e-01
-1.398198758722856705e-01 -3.572098599262940599e-01 -5.000000000000000000e-01
-2.568738005285951531e-01 -3.902808763560227101e-01 -5.000000000000000000e-01
-4.067321465133246772e-01 -5.000000000000000000e-01 -1.469085683693055755e-01
-5.000000000000000000e-01 -4.853774142706401840e-01 -1.716337243538216539e-01
-4.197778823160461803e-01 -5.000000000000000000e-01 -1.684933399918682739e-01
-3.484654109988262194e-01 -5.000000000000000000e-01 -3.696646230105320452e-01
-5.000000000000000000e-01 -2.974837652492400841e-01 -1.683053273628722091e-02
-5.000000000000000000e-01 -4.118357591665611217e-01 4.772271547079456888e-02
-5.000000000000000000e-01 -2.469384087047228060e-01 -1.067419234045148269e-01
-5.000000000000000000e-01 -2.805447500942055417e-01 -1.729855532658762240e-01
-5.000000000000000000e-01 -4.137752712148492495e-01 -2.178346056164675859e-01
-5.000000000000000000e-01 8.990192529075594075e-02 -4.633870586225396493e-01
-5.000000000000000000e-01 8.616970671279715333e-02 -4.496128183256008493e-01
-5.000000000000000000e-01 9.233087690120439506e-02 -4.622734683517911725e-01
-4.065606395572196607e-01 1.099002665206314650e-02 5.000000000000000000e-01
-5.000000000000000000e-01 -2.534338427649938941e-02 3.842370253577060413e-01
-5.000000000000000000e-01 9.996144158527328627e-02 2.146255870596518456e-01
-5.000000000000000000e-01 1.303108013979958346e-01 2.119325433814904514e-01
-5.000000000000000000e-01 1.707162174156300338e-01 2.389954561456095194e-01
-5.000000000000000000e-01 2.276198438793834433e-01 4.576590118694505160e-01
-3.928557614117255681e-01 2.120256420998517244e-01 5.000000000000000000e-01
-5.000000000000000000e-01 1.060840579886971058e-01 2.120880254852834379e-01
-3.178354866873246976e-01 1.268626457697555332e-01 5.000000000000000000e-01
-3.315469574129092378e-01 1.962480002469405016e-01 5.000000000000000000e-01
-5.000000000000000000e-01 3.332232050568241788e-01 1.586116977513283843e-01
-4.790700735096592444e-01 5.000000000000000000e-01 2.853869853560830894e-01
-5.000000000000000000e-01 3.113648811947731798e-01 4.956057461981104861e-01
-2.744840394310672504e-01 4.747721082971474438e-01 5.000000000000000000e-01
-3.176313439028616292e-01 5.000000000000000000e-01 3.565970381612629803e-01
-3.985412099713178113e-01 5.000000000000000000e-01 3.391368426608162845e-01
-5.000000000000000000e-01 -1.857287730791369884e-01 4.065672145200833754e-01
-4.812942963605975621e-01 -2.230847430764542894e-01 5.000000000000000000e-01
-3.717224433583878884e-01 -1.097242756182665729e-01 5.000000000000000000e-01
-3.113401608250629393e-01 -3.301901155455493897e-01 -5.000000000000000000e-01
-2.408095763403994005e-01 -2.356548363323751616e-01 -5.000000000000000000e-01
-1.185188586597765159e-01 -2.961990836204880240e-01 -5.000000000000000000e-01
2.918479235372980346e-02 -4.741968269600992381e-01 -5.000000000000000000e-01
-1.753934154725453679e-02 -2.695940926322491493e-01 -5.000000000000000000e-01
-7.755241568041890132e-02 -2.718929203510462300e-01 -5.000000000000000000e-01
7.143779236605246608e-02 -5.000000000000000000e-01 -4.701418939119688112e-01
1.777958988186801453e-02 -5.000000000000000000e-01 -3.803441369643864589e-01
2.550379558907656108e-01 -4.070185872872166266e-01 -5.000000000000000000e-01
2.206625783401045815e-01 -4.605362360519540954e-01 -5.000000000000000000e-01
2.976332643344724582e-01 -5.000000000000000000e-01 -2.159198061413555303e-01
1.433616991875582003e-01 -5.000000000000000000e-01 -2.948945477571872642e-01
3.970233832033506216e-01 -5.000000000000000000e-01 -2.506481386033366787e-01
2.920667548011706138e-01 -4.198623267469694387e-01 -5.000000000000000000e-01
4.170544995933733734e-01 -5.000000000000000000e-01 -3.581300496771501196e-01
2.081716721203459020e-01 -5.000000000000000000e-01 -4.951517845155886666e-01
1.930946452590933948e-01 -4.911123731874704190e-01 -5.000000000000000000e-01
4.673862681679940567e-01 -3.888973043794564655e-01 -5.000000000000000000e-01
5.000000000000000000e-01 -4.297545724128614686e-01 -4.128099901413280759e-01
5.000000000000000000e-01 -4.317890411779884974e-01 -4.100385125902553107e-01
-7.964233453091447423e-02 -5.000000000000000000e-01 -6.122346082948747562e-03
-5.252650586073933509e-02 -5.000000000000000000e-01 5.477073143245176495e-02
-6.022717848313114547e-02 -5.000000000000000000e-01 -7.033337333755075582e-02
4.608784179711011841e-02 -5.000000000000000000e-01 -6.435829809745868824e-02
5.568367829327999785e-02 -5.000000000000000000e-01 -7.395307020606529946e-02
3.509511186109757347e-02 -5.000000000000000000e-01 -7.256221673112323023e-02
3.656830500817069285e-01 -1.222924299095924650e-01 -5.000000000000000000e-01
5.000000000000000000e-01 8.616970671279723659e-02 -4.496128183256009048e-01
5.000000000000000000e-01 -1.779089798420201429e-01 -3.781273066235709135e-01
5.000000000000000000e-01 5.162304416688866249e-02 -3.676845515844960888e-01
5.000000000000000000e-01 -2.232067137878545326e-01 -4.440649031569876559e-01
5.000000000000000000e-01 -2.246367974350376995e-01 -4.482245360580113802e-01
5.000000000000000000e-01 -3.371138687960326674e-01 -4.721948095270736556e-01
2.078451149020665856e-01 -2.475685814877846835e-01 -5.000000000000000000e-01
3.578763291848518491e-01 -1.224771306934402670e-01 -5.000000000000000000e-01
5.000000000000000000e-01 -2.271946161191592539e-01 -4.472198170236191261e-01
9.048529393498433437e-02 5.000000000000000000e-01 -6.522097321081490873e-02
2.132380146653970465e-01 5.000000000000000000e-01 4.947918371320528252e-02
2.723470687778324351e-01 5.000000000000000000e-01 -2.952476234383002995e-02
2.684686083957781855e-01 5.000000000000000000e-01 -3.889174364295550079e-02
4.706106417147145060e-01 -5.000000000000000000e-01 -1.819878597512809837e-01
5.000000000000000000e-01 -4.137752712148493051e-01 -2.178346056164675859e-01
5.000000000000000000e-01 -4.853774142706402395e-01 -1.716337243538216262e-01
5.000000000000000000e-01 -1.737570780957944094e-01 -1.134919496227875663e-01
5.000000000000000000e-01 -1.588945749366051652e-01 -1.500138340578031360e-01
5.000000000000000000e-01 -2.090914940768721642e-01 -2.287991085355130516e-01
5.000000000000000000e-01 -2.469384087047228338e-01 -1.067419234045147713e-01
5.000000000000000000e-01 -2.805447500942055417e-01 -1.729855532658762518e-01
-2.804208564695589434e-01 -1.229339471119284544e-01 5.000000000000000000e-01
-1.884273801246151847e-01 2.897775461997485844e-03 5.000000000000000000e-01
-1.875326821234254149e-01 -3.010090697303665838e-02 5.000000000000000000e-01
1.221384951481456760e-01 -1.830214512356478085e-01 -5.000000000000000000e-01
-3.300719939674578302e-03 -9.367903872566953061e-02 -5.000000000000000000e-01
1.297494947653105891e-02 5.782380289591636247e-02 -5.000000000000000000e-01
1.634534614421223331e-01 1.273769001176367766e-01 -5.000000000000000000e-01
2.219929020124543628e-01 -5.578033648125502175e-02 -5.000000000000000000e-01
1.364501379015377602e-01 -1.828789802749312687e-01 -5.000000000000000000e-01
2.246428758035239615e-01 -2.475896307986884259e-02 -5.000000000000000000e-01
2.102699025289214152e-01 8.911464230211182946e-02 -5.000000000000000000e-01
-6.303202553788397888e-02 -1.034088448461887577e-01 -5.000000000000000000e-01
2.330757289961952750e-01 -5.075776974584281925e-02 -5.000000000000000000e-01
4.261523021213869389e-01 1.667882868754361758e-01 -5.000000000000000000e-01
5.000000000000000000e-01 1.707162174156300893e-01 2.389954561456095750e-01
5.000000000000000000e-01 3.332232050568242343e-01 1.586116977513284121e-01
4.304779147647383453e-01 5.000000000000000000e-01 3.059018454831285982e-01
4.306923834833600861e-01 5.000000000000000000e-01 3.603054769417148306e-01
5.000000000000000000e-01 3.157802346563408080e-01 4.952532641494366006e-01
5.000000000000000000e-01 2.276198438793833878e-01 4.576590118694505160e-01
5.000000000000000000e-01 3.113648811947732353e-01 4.956057461981104861e-01
7.998829819498326499e-02 -5.000000000000000000e-01 -2.925581621729492765e-01
6.704728066872403525e-02 -5.000000000000000000e-01 -7.843067970457152926e-02
9.733705775807155458e-02 -5.000000000000000000e-01 -2.801458562519615891e-01
-5.000000000000000000e-01 -4.317890411779884974e-01 -4.100385125902553662e-01
-4.667406717250668913e-01 -5.000000000000000000e-01 -4.239825454767202073e-01
-4.703155830899571899e-01 -2.995356059467867982e-01 -5.000000000000000000e-01
-5.000000000000000000e-01 -3.371138687960327784e-01 -4.721948095270736556e-01
-5.000000000000000000e-01 -4.297545724128614686e-01 -4.128099901413281314e-01
-5.000000000000000000e-01 -2.232067137878545326e-01 -4.440649031569876559e-01
-5.000000000000000000e-01 -2.271946161191592539e-01 -4.472198170236191261e-01
-5.000000000000000000e-01 -1.779089798420201707e-01 -3.781273066235709135e-01
-5.000000000000000000e-01 -2.090914940768721919e-01 -2.287991085355129961e-01
-5.000000000000000000e-01 -2.144886991431635692e-01 3.455793580293359812e-01
-5.000000000000000000e-01 -1.287934572864578020e-01 1.483209331070828862e-01
-5.000000000000000000e-01 -3.822404518201174550e-01 2.065522446021886283e-01
-5.000000000000000000e-01 -2.019296047354800505e-01 1.256313777180691482e-01
-5.000000000000000000e-01 -3.816366406357374896e-01 2.042955232120048648e-01
-5.000000000000000000e-01 -2.026701076506509935e-01 3.914384773117305927e-01
-5.000000000000000000e-01 -4.318012923669405784e-02 1.149669508376955085e-01
-5.000000000000000000e-01 8.403408016897434551e-02 2.002014636625937261e-01
1.319307706323991081e-01 5.000000000000000000e-01 2.300791654517825024e-01
1.037920880373704863e-01 5.000000000000000000e-01 4.112469318327131029e-01
-3.114012352942904793e-02 5.000000000000000000e-01 4.145870524804267654e-01
-5.620220285657261117e-02 5.000000000000000000e-01 1.435720919141510732e-01
-5.694900944464668935e-02 5.000000000000000000e-01 4.119265442760580709e-01
-1.851877616834945728e-01 5.000000000000000000e-01 2.723647839451512898e-01
-1.705220337134228381e-01 5.000000000000000000e-01 2.183771689304294938e-01
8.224243452131924093e-02 5.000000000000000000e-01 4.503959410049142575e-01
1.076406505877528785e-01 5.000000000000000000e-01 4.236843534977583481e-01
4.608784179711017392e-02 5.000000000000000000e-01 -6.435829809745877150e-02
-5.252650586073932815e-02 5.000000000000000000e-01 5.477073143245181353e-02
2.259280587296489395e-01 5.000000000000000000e-01 1.612948843202900440e-01
6.704728066872406300e-02 5.000000000000000000e-01 -7.843067970457152926e-02
5.568367829328000479e-02 5.000000000000000000e-01 -7.395307020606532722e-02
-2.015408773794972463e-01 4.008932495935170759e-01 5.000000000000000000e-01
8.790893995941648220e-02 4.930850688889800160e-01 5.000000000000000000e-01
-1.828054762742951922e-01 3.484081753857956043e-01 5.000000000000000000e-01
-1.968776097051110896e-01 3.727123661079561057e-01 5.000000000000000000e-01
-2.145218079650798582e-02 2.340959951236512571e-01 5.000000000000000000e-01
-5.049587978641255359e-02 2.464626324670566859e-01 5.000000000000000000e-01
3.955547386462988230e-02 2.490999370380953259e-01 5.000000000000000000e-01
1.683825180360048468e-01 5.000000000000000000e-01 4.835437140349818086e-01
2.466237642587794932e-01 4.298901253469321615e-01 5.000000000000000000e-01
-2.297024652672012834e-01 2.713493159495644624e-01 5.000000000000000000e-01
-4.725910255686804201e-02 1.236187381907652427e-01 5.000000000000000000e-01
1.297494947653106065e-02 5.782380289591638328e-02 5.000000000000000000e-01
-1.855535157381573153e-01 2.802532617277149751e-01 5.000000000000000000e-01
-3.176313439028616292e-01 -5.000000000000000000e-01 3.565970381612630358e-01
-9.455795623881878276e-02 -4.812814625427436210e-01 5.000000000000000000e-01
-1.173832785542423263e-01 -3.939872630830101308e-01 5.000000000000000000e-01
-1.398198758722856982e-01 -3.572098599262940599e-01 5.000000000000000000e-01
-2.568738005285951531e-01 -3.902808763560227101e-01 5.000000000000000000e-01
-5.000000000000000000e-01 -3.435793540559137771e-01 4.918622611902181418e-01
-4.703155830899571899e-01 -2.995356059467867982e-01 5.000000000000000000e-01
-7.195200974757474943e-02 -4.617770282551817984e-01 5.000000000000000000e-01
-3.985412099713179224e-01 -5.000000000000000000e-01 3.391368426608162290e-01
-4.514363993823468646e-01 -5.000000000000000000e-01 2.753547943074524662e-01
-3.113401608250628838e-01 -3.301901155455494452e-01 5.000000000000000000e-01
2.219929020124543628e-01 -5.578033648125501481e-02 5.000000000000000000e-01
1.364501379015378157e-01 -1.828789802749312410e-01 5.000000000000000000e-01
-2.408095763403994005e-01 -2.356548363323751616e-01 5.000000000000000000e-01
-1.875326821234254149e-01 -3.010090697303668961e-02 -5.000000000000000000e-01
-2.804208564695588879e-01 -1.229339471119284821e-01 -5.000000000000000000e-01
-3.178354866873246976e-01 1.268626457697555887e-01 -5.000000000000000000e-01
-4.065606395572196607e-01 1.099002665206318119e-02 -5.000000000000000000e-01
-3.717224433583878884e-01 -1.097242756182665868e-01 -5.000000000000000000e-01
-1.884273801246151570e-01 2.897775461997535718e-03 -5.000000000000000000e-01
-3.928557614117256791e-01 2.120256420998517521e-01 -5.000000000000000000e-01
-3.315469574129091823e-01 1.962480002469405016e-01 -5.000000000000000000e-01
-5.000000000000000000e-01 5.162304416688860004e-02 -3.676845515844960888e-01
-4.725910255686804201e-02 1.236187381907652566e-01 -5.000000000000000000e-01
-5.000000000000000000e-01 -1.588945749366051652e-01 -1.500138340578031637e-01
-5.000000000000000000e-01 3.137330151809054890e-02 -2.023034684389329874e-01
-5.000000000000000000e-01 6.122066499982890819e-02 -3.415768598518348353e-01
-5.000000000000000000e-01 9.070629629200668842e-02 -1.058561493454616836e-01
-5.000000000000000000e-01 2.979057515462056327e-01 -2.416475683944220021e-01
-5.000000000000000000e-01 2.976258796166346143e-01 -2.420830281652359417e-01
-5.000000000000000000e-01 2.741880341634725382e-01 -1.770057607872096428e-01
-5.000000000000000000e-01 1.617701402198748473e-01 -8.284598078459139148e-02
2.259280587296489395e-01 -5.000000000000000000e-01 1.612948843202901272e-01
2.132380146653969910e-01 -5.000000000000000000e-01 4.947918371320526865e-02
2.723470687778323795e-01 -5.000000000000000000e-01 -2.952476234383004383e-02
2.921336005043221329e-01 -5.000000000000000000e-01 1.694007687844064081e-01
3.887698113712729775e-01 -5.000000000000000000e-01 1.454682893847922959e-02
9.048529393498427886e-02 -5.000000000000000000e-01 -6.522097321081490873e-02
2.684686083957781300e-01 -5.000000000000000000e-01 -3.889174364295540365e-02
5.000000000000000000e-01 -5.058790015458810435e-02 3.222802767092790982e-02
5.000000000000000000e-01 -2.974837652492400841e-01 -1.683053273628713417e-02
2.599199290042882859e-01 -4.900556103550142151e-01 5.000000000000000000e-01
2.206625783401046925e-01 -4.605362360519540399e-01 5.000000000000000000e-01
4.995090665693168175e-01 3.148653282326965286e-01 5.000000000000000000e-01
5.000000000000000000e-01 1.060840579886971613e-01 2.120880254852834101e-01
5.000000000000000000e-01 1.303108013979958346e-01 2.119325433814903958e-01
5.000000000000000000e-01 3.277091548785288633e-01 -2.577360366345375908e-01
4.706106417147145060e-01 5.000000000000000000e-01 -1.819878597512810392e-01
4.717808998749231097e-01 5.000000000000000000e-01 -8.576304223161974882e-02
5.000000000000000000e-01 4.800138266083271987e-01 -2.010394834367061970e-03
5.000000000000000000e-01 2.979057515462056882e-01 -2.416475683944219743e-01
5.000000000000000000e-01 2.741880341634725382e-01 -1.770057607872096428e-01
5.000000000000000000e-01 3.721353293031413045e-01 4.309860997890142820e-02
4.511653252727890195e-01 5.000000000000000000e-01 -7.386914517596827878e-03
3.887698113712730330e-01 5.000000000000000000e-01 1.454682893847918101e-02
2.921336005043221329e-01 5.000000000000000000e-01 1.694007687844064081e-01
5.000000000000000000e-01 3.326387896069700201e-01 8.660332103996909447e-02
-4.514363993823468646e-01 5.000000000000000000e-01 2.753547943074524107e-01
-4.021400541558768360e-01 5.000000000000000000e-01 1.169027346155766811e-01
-2.945257849383222104e-01 5.000000000000000000e-01 1.053777072582497976e-01
-4.791524888901462775e-01 5.000000000000000000e-01 1.339900234132307931e-02
-5.000000000000000000e-01 4.800138266083271987e-01 -2.010394834367091894e-03
-5.000000000000000000e-01 3.721353293031413045e-01 4.309860997890142820e-02
-5.000000000000000000e-01 3.326387896069700201e-01 8.660332103996906672e-02
5.000000000000000000e-01 -4.797776657251855426e-01 4.120029729646559336e-01
4.306923834833600861e-01 -5.000000000000000000e-01 3.603054769417147751e-01
5.000000000000000000e-01 -4.994094169529781357e-01 3.914095058811783989e-01
5.000000000000000000e-01 -4.981272337089194813e-01 2.916108592636756369e-01
5.000000000000000000e-01 -4.118357591665611217e-01 4.772271547079455500e-02
4.511653252727889640e-01 -5.000000000000000000e-01 -7.386914517596839154e-03
4.717808998749231097e-01 -5.000000000000000000e-01 -8.576304223161974882e-02
4.304779147647383453e-01 -5.000000000000000000e-01 3.059018454831285982e-01
1.076406505877528647e-01 -5.000000000000000000e-01 4.236843534977583481e-01
-6.303202553788400664e-02 -1.034088448461887438e-01 5.000000000000000000e-01
-7.755241568041883193e-02 -2.718929203510462300e-01 5.000000000000000000e-01
-3.300719939674540138e-03 -9.367903872566951673e-02 5.000000000000000000e-01
1.221384951481456899e-01 -1.830214512356478085e-01 5.000000000000000000e-01
-1.753934154725445005e-02 -2.695940926322491493e-01 5.000000000000000000e-01
-1.185188586597764743e-01 -2.961990836204880240e-01 5.000000000000000000e-01
-2.145218079650800663e-02 2.340959951236512571e-01 -5.000000000000000000e-01
-2.297024652672013112e-01 2.713493159495644624e-01 -5.000000000000000000e-01
-1.855535157381572597e-01 2.802532617277149751e-01 -5.000000000000000000e-01
-5.049587978641276176e-02 2.464626324670567692e-01 -5.000000000000000000e-01
9.969091684500058781e-02 2.311878492801637819e-01 -5.000000000000000000e-01
3.955547386462988924e-02 2.490999370380952704e-01 -5.000000000000000000e-01
-5.000000000000000000e-01 -5.058790015458811129e-02 3.222802767092790982e-02
-5.000000000000000000e-01 -1.737570780957944094e-01 -1.134919496227875801e-01
-5.000000000000000000e-01 2.296048341796393388e-01 7.980157153256844937e-02
3.970233832033506216e-01 5.000000000000000000e-01 -2.506481386033366787e-01
2.976332643344724027e-01 5.000000000000000000e-01 -2.159198061413555303e-01
9.733705775807155458e-02 5.000000000000000000e-01 -2.801458562519615891e-01
1.433616991875582003e-01 5.000000000000000000e-01 -2.948945477571872087e-01
3.509511186109757347e-02 5.000000000000000000e-01 -7.256221673112325798e-02
-7.964233453091447423e-02 5.000000000000000000e-01 -6.122346082948742357e-03
-2.158854616303256257e-01 5.000000000000000000e-01 -1.770741612032221413e-02
-2.431264900598503753e-01 5.000000000000000000e-01 -1.650154881302912796e-02
-2.935511958854238879e-01 5.000000000000000000e-01 -1.261656990575584225e-01
-3.980703990871176656e-01 5.000000000000000000e-01 -1.378698299945956274e-01
-5.000000000000000000e-01 3.296143570853743987e-01 -2.823642517435679400e-01
-5.000000000000000000e-01 3.277091548785289743e-01 -2.577360366345375353e-01
-4.067321465133247327e-01 5.000000000000000000e-01 -1.469085683693055755e-01
-4.197778823160461803e-01 5.000000000000000000e-01 -1.684933399918682739e-01
-5.000000000000000000e-01 3.634617454528054070e-01 -3.953187338519422722e-01
-5.000000000000000000e-01 3.163928499152574569e-01 -4.971057828075708396e-01
5.000000000000000000e-01 3.137330151809057666e-02 -2.023034684389330151e-01
5.000000000000000000e-01 6.122066499982892207e-02 -3.415768598518348353e-01
5.000000000000000000e-01 2.296048341796393388e-01 7.980157153256844937e-02
5.000000000000000000e-01 1.617701402198748195e-01 -8.284598078459137760e-02
5.000000000000000000e-01 9.070629629200667454e-02 -1.058561493454616836e-01
5.000000000000000000e-01 2.976258796166345588e-01 -2.420830281652360250e-01
2.466237642587794932e-01 4.298901253469320505e-01 -5.000000000000000000e-01
2.567591247207468563e-01 5.000000000000000000e-01 -4.987773200172214705e-01
2.528500579898662060e-01 4.050127520369350420e-01 -5.000000000000000000e-01
4.380444417669198121e-01 2.911822453054932480e-01 -5.000000000000000000e-01
4.170544995933733734e-01 5.000000000000000000e-01 -3.581300496771501196e-01
5.000000000000000000e-01 3.634617454528054070e-01 -3.953187338519422722e-01
2.081716721203459575e-01 5.000000000000000000e-01 -4.951517845155887221e-01
5.000000000000000000e-01 3.296143570853742877e-01 -2.823642517435678290e-01
-6.022717848313115935e-02 5.000000000000000000e-01 -7.033337333755072807e-02
-2.015408773794971908e-01 4.008932495935171314e-01 -5.000000000000000000e-01
-1.136061458470166291e-01 5.000000000000000000e-01 -4.966900548492885203e-01
-2.634132499570593922e-01 5.000000000000000000e-01 -4.759799990159741534e-01
-2.744840394310673060e-01 4.747721082971474438e-01 -5.000000000000000000e-01
-1.828054762742951644e-01 3.484081753857956043e-01 -5.000000000000000000e-01
-1.968776097051110618e-01 3.727123661079560502e-01 -5.000000000000000000e-01
-4.507644616611205524e-01 4.460837426971309694e-01 -5.000000000000000000e-01
-4.667406717250668913e-01 5.000000000000000000e-01 -4.239825454767202073e-01
-3.484654109988262194e-01 5.000000000000000000e-01 -3.696646230105320452e-01
-3.070035829139526329e-01 5.000000000000000000e-01 -3.791405832822173361e-01
-1.979426110491070145e-01 5.000000000000000000e-01 -2.066769908015505808e-01
-2.043336536105833101e-01 5.000000000000000000e-01 -2.852689990245669271e-01
7.998829819498326499e-02 5.000000000000000000e-01 -2.925581621729492765e-01
1.777958988186801453e-02 5.000000000000000000e-01 -3.803441369643864589e-01
-8.426999011203861745e-02 5.000000000000000000e-01 -9.638255028571335314e-02
-1.268700123888694686e-01 5.000000000000000000e-01 -1.607067847251678061e-01
-2.353992059354255428e-02 5.000000000000000000e-01 -3.840619303538885809e-01
