41 438
73 341
371 804
6 42
305 306
368 771
90 84
352 246
269 273
8 114
71 70
204 254
298 302
13 87
110 181
47 616
393 394
245 95
18 594
186 645
40 433
371 313
140 253
419 356
201 204
179 497
127 206
218 282
165 10
365 352
112 623
117 270
53 383
176 256
72 35
32 431
148 102
297 296
406 189
272 273
119 181
311 712
237 214
147 170
315 718
395 393
69 318
267 793
321 734
418 413
365 236
382 182
253 140
420 422
90 38
40 544
176 602
338 78
137 456
60 211
198 197
374 831
28 51
37 465
138 457
18 597
194 552
234 703
141 692
246 247
186 94
196 133
282 279
262 812
365 118
75 598
86 148
221 365
264 628
231 791
282 652
203 227
49 121
369 310
245 370
67 832
231 158
67 218
370 792
407 863
95 244
201 811
206 746
292 78
105 84
171 490
298 224
56 716
241 243
181 123
101 427
100 90
77 783
26 153
236 240
271 342
27 157
286 352
208 54
23 155
44 45
321 835
39 209
71 8
268 858
52 122
336 338
256 341
395 26
238 122
281 654
267 380
360 362
34 250
183 382
129 130
362 199
17 474
97 70
149 152
21 72
10 663
223 761
46 61
263 613
186 185
139 458
314 808
316 738
66 425
371 322
74 263
5 440
407 866
66 89
206 749
380 267
43 519
39 40
70 35
369 160
339 338
96 436
395 329
191 115
161 505
50 392
121 28
193 54
387 389
392 296
8 124
94 776
102 451
416 412
82 469
195 124
282 233
184 186
95 713
208 748
91 46
99 82
10 666
69 736
271 304
217 219
43 7
407 184
3 483
208 640
244 246
86 80
372 807
223 741
61 64
365 363
27 98
62 664
326 121
368 367
89 90
302 406
138 479
98 97
211 543
369 774
71 72
300 345
325 267
274 327
380 248
378 319
140 754
214 669
374 830
170 557
37 464
313 806
321 269
18 596
251 752
30 120
301 422
93 491
384 258
419 357
196 132
301 687
48 173
150 294
127 208
310 772
238 45
105 125
286 284
364 184
264 627
33 443
321 118
184 779
123 215
270 342
159 573
120 183
75 145
77 83
398 332
57 71
259 178
40 89
56 715
257 493
169 105
71 27
245 788
302 226
209 642
227 360
411 356
237 820
210 643
380 848
141 298
183 197
21 23
132 124
312 785
27 59
47 54
257 4
213 368
311 80
48 392
110 382
132 134
308 419
168 205
172 341
120 29
406 303
195 261
299 684
361 343
407 865
132 116
268 847
288 287
323 144
205 248
82 42
321 320
75 446
51 50
9 16
299 301
291 297
60 542
96 435
281 283
321 188
27 34
160 576
349 348
45 219
107 106
183 276
352 288
128 59
171 3
282 232
62 565
81 158
104 568
10 665
289 14
166 241
314 810
25 22
24 84
41 439
248 380
266 264
12 16
346 855
314 142
42 525
158 560
369 773
315 143
184 307
266 633
13 88
232 571
183 374
105 487
43 122
412 408
121 392
329 272
216 237
186 646
251 751
188 186
325 815
101 494
420 353
302 682
202 201
317 198
243 68
182 183
179 498
375 320
167 824
169 488
420 878
246 312
199 306
208 750
112 624
251 252
3 6
14 15
138 468
238 709
240 242
279 280
255 257
73 105
251 764
267 203
280 281
98 581
65 64
90 424
313 314
315 719
223 743
422 407
212 94
280 28
353 871
67 375
104 40
219 238
2 281
399 400
209 65
135 591
248 851
96 41
257 43
79 392
260 178
257 492
37 466
399 304
244 593
159 232
188 189
254 252
345 403
174 56
341 129
42 139
138 471
122 216
231 563
178 265
101 100
98 584
205 805
109 679
258 856
314 721
47 190
116 115
342 276
265 112
389 285
315 722
116 190
46 92
39 89
328 269
114 506
315 194
185 118
356 303
381 838
137 17
312 163
87 104
56 717
296 290
54 74
140 759
415 356
24 22
422 880
107 767
344 301
225 260
42 208
177 259
70 170
262 202
88 84
145 442
342 343
32 39
98 299
388 389
267 252
391 394
241 34
247 309
402 403
314 809
107 577
85 38
104 87
229 395
195 132
189 696
367 18
144 840
27 26
201 635
252 760
65 502
20 19
43 520
100 430
69 270
158 559
256 255
371 876
164 83
80 311
266 632
31 63
72 71
74 489
227 205
327 390
109 43
332 336
116 531
330 400
99 478
190 530
322 803
94 777
152 153
122 30
367 369
103 453
370 786
72 84
68 250
37 186
387 293
167 823
195 622
247 312
225 224
63 540
237 373
302 694
302 298
64 504
212 647
219 161
346 857
311 784
143 554
353 870
369 775
71 73
214 167
84 257
102 104
138 137
114 115
148 145
266 720
304 117
254 175
206 201
258 757
107 799
251 753
115 190
382 843
391 340
179 500
183 844
257 256
52 108
261 262
138 470
343 133
279 282
93 257
244 18
336 395
203 795
322 248
309 310
396 419
18 875
65 66
325 258
240 352
260 168
77 245
159 574
217 167
393 388
100 38
107 524
143 141
365 366
213 700
322 228
335 339
137 139
396 397
8 195
422 354
108 255
169 745
175 676
263 190
192 509
246 18
41 36
343 362
3 477
404 117
33 96
380 849
371 800
171 54
32 545
145 441
196 636
11 81
306 270
81 80
105 3
41 249
311 81
390 386
107 42
76 86
130 131
221 274
351 289
303 318
215 237
67 570
170 169
213 68
44 161
277 301
304 187
104 86
345 157
380 839
353 300
53 110
309 365
170 148
13 15
313 371
324 380
3 853
277 278
97 192
31 62
80 562
94 186
117 342
93 90
228 69
311 312
277 422
322 802
353 421
82 257
281 657
134 206
283 234
294 241
135 244
298 867
385 392
252 174
319 269
236 235
53 860
302 693
19 20
189 302
82 139
220 291
158 561
413 397
77 789
411 335
122 52
302 69
47 533
270 144
147 105
281 503
103 104
278 358
404 405
265 314
301 345
168 199
215 670
146 455
309 872
132 207
4 257
161 162
257 179
158 60
144 183
85 103
314 265
182 833
184 189
420 879
341 84
315 266
274 366
98 250
241 239
238 710
313 205
56 797
273 271
103 432
251 765
307 369
252 253
216 122
7 43
213 354
86 83
313 315
97 510
182 67
60 31
90 89
348 347
143 556
95 585
162 499
134 133
140 816
97 8
204 56
382 183
255 109
135 592
174 204
138 139
43 255
148 147
211 39
128 130
98 8
386 326
178 177
114 192
356 364
225 421
263 609
83 36
141 224
183 120
160 668
3 476
199 200
202 205
180 727
74 97
121 375
283 282
165 247
213 689
22 23
69 742
211 536
281 219
7 603
231 564
102 699
135 582
320 321
105 481
237 219
383 380
298 406
375 376
356 355
135 68
190 115
107 526
357 397
384 381
110 680
213 702
183 319
222 142
228 222
164 166
221 49
170 70
42 473
80 231
312 164
317 269
192 263
112 618
374 836
114 195
300 58
118 233
162 708
167 674
174 798
212 186
223 228
247 873
399 417
77 448
308 410
111 630
421 406
178 625
353 420
4 52
281 656
208 193
217 662
405 229
353 685
316 318
95 36
382 383
115 641
121 120
379 377
391 395
150 149
67 320
228 322
11 62
167 237
342 117
414 415
24 13
67 572
380 324
144 324
132 637
36 580
178 723
380 841
82 138
189 733
320 376
339 388
193 852
136 648
6 105
356 416
285 284
47 532
158 80
160 118
190 74
372 205
94 778
191 612
94 549
69 316
276 323
219 279
370 787
251 176
269 187
354 364
93 179
207 208
114 621
356 406
123 373
230 334
384 842
182 119
143 194
342 197
302 695
18 644
261 196
284 287
98 27
161 281
183 270
143 555
174 127
287 333
198 121
27 8
148 146
200 259
214 671
305 323
368 307
422 419
181 110
413 412
137 529
191 615
258 758
224 353
82 100
361 341
85 105
122 516
165 246
136 461
211 535
42 172
278 243
309 707
422 301
351 11
410 359
55 190
248 877
308 213
204 796
76 148
353 224
213 701
95 587
162 501
418 417
211 548
415 411
224 868
79 395
104 148
176 175
112 617
363 369
180 608
167 673
71 57
237 822
371 801
88 13
252 325
117 405
65 91
210 537
70 444
70 72
241 288
113 8
7 605
111 141
344 345
146 558
63 211
392 28
123 726
107 528
110 53
142 313
384 383
376 379
269 328
151 26
174 176
40 60
345 396
189 732
2 1
175 253
245 312
80 104
14 11
300 299
297 293
132 55
36 5
58 259
5 41
105 99
301 299
349 350
90 257
78 151
148 450
202 360
106 176
157 156
36 250
124 131
150 151
186 189
331 408
219 217
202 372
165 309
159 67
369 185
52 43
302 730
227 228
326 49
261 195
48 15
256 257
241 250
341 127
69 305
16 24
98 508
312 245
285 286
7 179
77 790
384 854
131 57
110 518
67 672
213 364
333 335
116 534
318 187
422 213
94 780
191 614
94 551
145 76
259 113
268 325
308 359
129 343
182 834
203 204
406 407
13 341
65 495
247 711
311 163
25 149
136 460
298 691
166 246
234 667
282 218
301 98
292 293
212 650
303 302
308 242
95 586
211 547
352 283
380 381
50 290
176 174
156 27
401 404
108 53
419 417
263 610
41 578
8 507
172 176
422 686
47 514
113 261
180 728
5 437
54 171
392 173
182 837
185 160
400 416
89 13
4 7
190 513
112 629
204 174
261 265
184 698
322 380
43 601
20 86
369 363
135 583
105 482
226 69
58 300
122 119
263 744
123 725
372 814
315 724
107 527
126 125
348 350
18 770
269 118
137 521
33 249
247 165
190 611
228 223
179 44
175 176
246 68
17 523
26 79
83 164
112 619
216 215
307 94
118 234
167 675
206 207
113 620
325 381
81 104
3 480
264 265
247 874
340 394
77 449
40 104
209 538
155 241
111 631
245 83
320 829
137 475
294 295
315 111
374 850
70 74
179 4
43 604
327 328
262 314
109 599
173 0
283 659
36 249
110 180
300 419
180 181
204 360
228 323
383 384
346 258
142 315
132 638
114 511
318 737
127 172
302 729
401 345
275 270
170 74
128 343
324 144
341 126
200 343
53 382
337 332
217 653
123 826
300 301
117 345
81 566
228 313
77 80
115 114
145 447
386 385
94 550
358 359
67 828
154 152
176 106
281 61
56 206
105 452
178 111
146 147
250 135
362 205
398 402
410 413
171 486
124 132
300 422
101 423
206 634
10 705
92 45
86 12
106 766
27 154
316 374
144 845
179 91
212 649
35 33
28 30
346 859
1 10
312 247
234 283
318 321
84 86
373 819
109 677
124 125
255 173
385 387
422 420
350 289
153 154
210 209
226 222
356 269
11 165
239 409
352 165
182 607
214 215
252 755
190 512
52 110
23 19
238 237
184 697
181 122
136 462
39 66
225 226
309 234
77 782
340 330
83 75
302 303
26 229
28 0
414 365
262 372
292 295
173 29
372 813
282 121
158 567
180 861
105 171
106 107
177 626
377 378
394 390
96 589
133 201
360 361
408 409
224 869
28 13
356 366
81 31
422 688
407 420
7 238
37 160
308 364
54 47
368 769
276 275
62 61
204 252
84 21
123 606
97 33
235 246
98 588
105 484
331 333
159 118
283 658
160 159
7 122
329 269
126 127
378 183
27 345
25 9
94 369
155 156
365 242
170 445
349 295
135 213
354 407
65 539
140 763
258 253
207 639
313 168
232 67
310 235
32 429
123 825
421 300
112 265
317 379
67 232
272 271
59 27
133 259
330 356
290 291
301 300
159 569
347 11
231 77
181 517
223 740
210 541
350 351
365 234
224 178
382 180
321 768
282 660
187 318
260 142
402 334
233 283
400 398
283 661
37 463
189 355
367 308
244 590
165 706
92 44
18 595
141 690
151 230
318 739
302 731
380 227
247 246
193 3
310 365
1 165
325 756
270 69
337 334
123 180
217 655
64 63
119 182
159 320
373 818
392 386
2 220
115 116
148 454
267 794
321 735
303 421
257 600
409 414
211 209
220 283
65 496
205 168
56 714
374 183
122 817
230 337
253 251
194 553
9 12
276 173
234 704
7 45
179 92
212 651
11 51
29 0
353 177
80 77
105 170
31 40
100 99
133 200
118 320
26 401
99 6
54 193
213 367
17 472
419 418
255 175
36 83
99 485
41 579
18 781
176 678
331 239
62 81
299 683
218 215
377 183
125 170
47 515
39 546
407 864
206 747
38 32
347 163
238 7
200 275
268 846
371 223
357 344
70 33
361 324
13 84
358 422
310 309
248 227
96 434
355 321
266 111
321 187
403 331
211 60
232 218
160 575
205 227
110 862
237 122
137 522
249 98
82 467
119 123
181 827
214 821
361 204
222 681
55 74
223 762
206 208
122 7
32 428
139 459
66 426
