553 612
705 746
580 495
785 534
878 518
657 797
702 710
574 790
734 446
654 798
435 494
704 811
698 825
706 634
556 613
592 499
688 604
540 525
869 862
693 444
857 470
461 787
684 600
833 433
791 616
875 622
839 483
840 481
466 786
841 480
508 493
588 492
536 472
662 752
664 749
661 796
652 793
762 487
838 477
700 708
690 859
741 489
736 557
770 623
618 766
782 533
725 426
843 485
845 482
565 748
667 814
653 760
465 789
863 817
648 718
735 448
621 527
597 505
779 820
589 467
732 440
606 428
506 524
856 475
694 443
864 827
590 502
551 724
464 783
561 853
873 637
631 759
711 639
510 469
670 543
463 876
730 445
686 603
739 450
707 635
650 821
658 715
777 721
681 744
778 823
585 538
571 848
826 546
535 473
541 523
865 516
685 677
549 719
628 753
804 515
582 496
655 755
579 424
668 807
768 449
723 816
713 641
644 617
880 519
586 539
682 610
626 676
573 877
701 709
578 425
879 520
630 758
547 476
509 459
583 497
619 764
669 847
645 792
872 636
584 498
572 560
575 806
503 799
576 805
607 545
727 427
828 568
632 757
511 458
737 447
874 638
780 720
742 745
712 640
665 717
651 819
656 714
868 860
666 716
660 794
738 558
842 478
858 474
844 484
836 455
627 754
687 601
733 598
867 861
740 512
854 479
802 514
620 678
866 517
671 815
672 542
703 813
646 587
772 812
774 809
855 471
675 751
769 822
775 808
829 699
870 679
567 852
729 441
773 810
728 430
697 818
695 436
871 680
683 599
784 532
507 602
830 453
629 765
837 431
696 437
689 605
781 624
743 488
831 454
614 456
834 432
591 500
803 490
554 609
771 824
850 452
832 544
835 451
615 521
691 434
570 562
776 722
439 423
537 522
788 531
625 763
663 747
731 442
462 800
504 528
566 750
674 756
552 611
569 563
761 486
801 513
596 501
581 491
659 795
608 429
