1.945630723984252686e-01 -2.362123586473804937e-02 -1.162301289824318185e-01
1.864869100015224476e-02 -4.188012025792898219e-01 3.285599027732254845e-02
7.030162160419646533e-02 -3.853299500424442470e-01 -1.720125056035242544e-02
1.398616569836722001e-01 3.593633702027481669e-01 4.473535294988327249e-01
4.025182050579310111e-01 -4.019209538248329217e-02 4.753729076199430387e-02
-3.719257010933260110e-01 -2.063512398741513820e-01 4.459550170418346005e-01
2.212418167480901532e-01 2.739470505715296822e-01 4.255562423721259702e-01
4.345534378778436735e-01 -1.864487138987485915e-01 -1.349300206852444839e-01
-3.620527493649324247e-01 1.811719207830290446e-01 1.729287785992602300e-01
-6.857544876436449943e-02 -1.466961747316668785e-01 1.097166933255789567e-01
5.383549145827386251e-02 -4.665004154918376278e-01 4.062175595568128655e-02
1.810734362021820115e-03 -2.654019454126902988e-01 9.236707612722203087e-02
-4.971785367858155835e-02 -1.471026608336930552e-01 9.661859387708054969e-02
8.000531918643299933e-02 -1.387485348311823241e-01 1.281074084839706750e-01
2.776936040019003377e-02 -2.074944000894261287e-01 6.865550789661999109e-02
6.811525889330199979e-02 -1.502948289851489816e-01 6.282775876237213508e-02
-2.997216636797336159e-02 -1.471295780129480424e-01 1.108589666657722322e-01
4.124485014931213445e-01 4.720483668340617056e-01 4.829353506319034595e-01
-4.574707180476669799e-01 -4.811594354949362273e-01 2.816362128505377552e-02
-1.298004425492322311e-01 -1.172050102434540331e-01 1.783826545832884469e-01
-1.347673025699664129e-01 -1.202153125973694503e-01 2.480133543588249334e-01
-1.459843018543241777e-01 -5.256232420031842212e-02 1.924400977759825881e-01
-6.625768637655760074e-02 -1.364994183052778420e-01 1.263417382212312923e-01
-1.277652861075565249e-01 -1.112202744105124236e-01 1.477096758607222005e-01
1.277593576961933222e-02 -1.280747100513323633e-01 1.224645877201689798e-01
-9.716686351176163916e-02 -1.467505036664918383e-01 1.065657422058833848e-01
-1.297421891478830747e-01 -5.123174156611692148e-02 -1.191852142215497901e-02
-1.914401666484220055e-01 6.574654585314572072e-03 7.450284283583430422e-02
1.262264819843094410e-01 -2.188591843980923490e-01 -1.332461658381233760e-01
1.979321456613730434e-01 9.253202276208325611e-03 -1.519598902626181636e-01
2.309254778601663449e-01 -1.511027954430837483e-01 -1.911091890315625708e-01
1.954377572211222491e-01 -4.048880211842976751e-01 3.497689242808337262e-01
2.972167401402004971e-01 -1.214951109165871151e-01 4.682623919330637929e-01
-3.405144789699201535e-01 4.394201033214218538e-02 3.726863689742609953e-01
-2.738436693335501437e-01 -1.525492938576410995e-01 1.227585877306629214e-01
-2.418720809349143019e-01 6.583222348033053450e-02 3.305451555179770851e-01
-3.467158136715409178e-01 -2.244711759718220623e-01 3.718354476157036959e-01
-2.312279233662903055e-01 -4.280735558220684078e-01 -4.785818934111929490e-01
3.055331451190272385e-01 -2.084506674056163522e-02 3.723170765028248064e-01
3.147547649899227751e-01 -2.195072855901765152e-01 4.040645888469779901e-01
1.722669545609051278e-01 -2.566334320515335499e-01 4.231080425291413594e-01
-4.815376054725568067e-01 -9.728200528519868884e-02 4.087011216108816236e-01
3.925432174357192383e-01 3.261807084599301909e-01 3.116700469564929188e-01
4.619242163445636540e-01 -7.002468846571559269e-02 -1.347344610958505218e-01
3.887996907304249183e-01 -2.378257516129238525e-01 9.216241024956595834e-03
3.871799557137574066e-01 -2.414166655387176008e-01 -6.839650662967385053e-02
3.145856598926500269e-01 -2.810259704804760061e-01 9.745262465791462714e-02
-8.745952555596629707e-02 4.491418419656947880e-01 4.332263795477667712e-01
4.448433993986372625e-02 -1.238265380145363997e-01 1.481271761989087950e-02
-1.542309318384537352e-02 -2.349290657216201172e-01 -1.841621491237512287e-01
1.728219665495229346e-02 -1.762835640427364015e-01 1.433544205452534290e-02
4.156954710948378151e-02 -2.304473629080040220e-01 4.764520473757088981e-02
3.888590065686358122e-01 -1.553860362057894046e-02 -1.889854466439114533e-01
3.711421762976845895e-01 1.090300495179003376e-01 -3.066165644249388977e-01
-2.531564258843458856e-03 3.979401363459814100e-01 3.654801967103259996e-01
-2.467110246953667096e-01 3.516523084773914287e-01 3.970971852408983760e-01
1.049942970488972477e-01 4.837219518836842758e-01 1.189153962869217949e-02
-1.616049343402526373e-01 9.843233510662606489e-02 1.436207154146183773e-01
-3.426182424979390961e-01 7.794070394714290584e-02 -7.027018630752687733e-02
-1.707340752917274884e-01 6.068077747813514777e-02 7.040393286693910624e-02
2.437303284907239853e-01 -4.141944752438273536e-01 4.370279513047303777e-01
1.999462944699247902e-01 -4.030374378597342266e-01 8.770166392666928212e-02
1.290735111622433595e-01 -4.447345537687732442e-01 1.451097575907336623e-01
3.223168784365749162e-01 -4.525327219864525574e-01 3.138012577163073469e-01
3.861543706808736598e-01 -4.418391543211308559e-01 2.170163688803175561e-01
4.678691401249500670e-01 -3.445963643219919770e-01 2.392216921453072243e-01
3.766143726858467988e-01 -1.900078425701392237e-01 3.941126615470694206e-01
1.222991048943479209e-01 -3.387872435398858739e-01 -4.441573814488433136e-01
-3.929418154293805032e-01 -2.460524839555670307e-01 6.358947585370197664e-02
-1.340875355775968392e-01 8.932571931164182133e-02 -4.139386837501308758e-01
-2.195425193371536854e-01 8.163803876872012533e-02 3.423830274837691978e-01
-1.692559393309209237e-01 7.667722426055756380e-02 1.877180702881218743e-01
-1.950257344439497720e-01 5.635679858901473938e-02 2.600388819096135506e-01
6.725964897573691315e-02 1.265359999110924338e-01 1.276460324058008300e-01
-2.415516910546967044e-01 2.927283455394763534e-01 4.190335680283766573e-01
-2.591909758577505829e-01 -1.832665524692025927e-01 4.570086245185768226e-01
-1.495763764803623996e-01 -1.284827363362366082e-01 4.115659855269468426e-01
-1.228069161302545870e-01 -3.670181966549420638e-01 4.722267583031468652e-01
-8.492881485694761534e-02 -1.322592153649027047e-01 -2.007467911413531036e-02
-6.472988741259051715e-02 -6.546013215974359756e-02 -5.578647462484771086e-02
-2.883372441334054043e-02 -3.700105703873161622e-01 4.426225813517146723e-01
4.157131589742293215e-02 -4.060164395017520911e-01 3.053727286332975077e-01
4.285038006606504135e-01 2.239017725071431042e-01 3.813127956228276050e-01
-2.336058415602499660e-01 -2.454014978605670028e-01 3.463189979733585777e-01
1.505218043805318651e-01 -4.618356156676155927e-02 1.700483978917890771e-01
1.304680490615402477e-01 3.004079247803997238e-02 4.492806670475943953e-01
-1.270133604967031704e-01 -1.774136620266194286e-01 3.686358524409156234e-01
7.503081466815045286e-02 -2.082861918334419082e-01 3.468619817678615935e-01
1.068723759390339256e-01 -8.456112868396339910e-02 1.620988145090340726e-01
3.116508332077227994e-01 -1.571375714060871398e-01 3.265533618443596797e-01
3.436252759252516609e-01 -4.360376102976733226e-02 2.726238294811755281e-01
3.778534567680515988e-01 -2.658197885969787455e-01 1.412521702401224322e-01
3.545535997982366960e-01 -2.344780240774372859e-01 3.653422428826932217e-02
4.263546038695300577e-01 -3.238070218317175980e-02 1.502904332565472567e-01
-4.071014025684582260e-01 -4.736924423116437022e-01 -3.624597977924613468e-01
-4.435971948572340340e-01 -3.818399870112679229e-01 3.038127401917180004e-01
-4.377749740603326112e-01 3.650797894805148103e-02 4.576884717512276768e-01
-4.005499974450452694e-01 1.504532950472946273e-01 2.701031948883549916e-01
-4.530986769660541591e-01 1.245707993481852925e-02 1.242524256484290324e-01
3.209366841954742200e-01 1.611830435118145055e-01 4.611205965927674399e-01
3.622088206360417062e-01 3.901516052475465651e-02 4.086069758754060643e-01
4.590330925937916584e-01 -3.575286976625811908e-03 4.643262473140201685e-01
-3.983084733744506750e-02 -2.049518343781175644e-01 4.740996550529946729e-01
1.288808515906028906e-01 -5.436906093964397058e-02 4.787754233416677829e-01
5.387923332202189386e-02 -2.486539911173115680e-01 4.127440923020045394e-01
6.817362800023174518e-02 1.262661846878261607e-01 4.737069235191496142e-01
4.292431014310508774e-01 3.457002322666010152e-01 6.943732865150878397e-02
4.559260764958756873e-01 4.570341683280841338e-01 1.497779774185473423e-01
3.646233537064680341e-01 6.748218664170584080e-02 -2.072832345185091352e-01
4.733578067682620572e-01 9.561455929743900573e-02 -1.109175666586327130e-01
4.387286031439356915e-01 6.786282455902270527e-02 -2.957821113729841023e-01
-4.793220133826198714e-01 3.436237290161172631e-01 -3.103912687156408778e-01
-4.707479250786139602e-01 4.785419909310533182e-01 -3.704267634847824980e-02
-3.300420595299161097e-01 2.744377676564151991e-01 -3.309037801319473365e-02
-4.684892653474840851e-01 4.329142924963090278e-01 2.507611560542689078e-01
-3.666914014696711632e-01 4.662681795944645380e-01 3.231802049921861930e-01
-2.982949670514515317e-01 4.673146026815424570e-01 3.159333854805139175e-01
-1.514225916186235643e-01 5.228721760053295017e-03 -1.580922280155797333e-01
-8.169864737122155274e-02 -3.408892902544572445e-01 -2.919602373790796679e-01
3.156501876095997861e-01 -1.413352727088396377e-01 -3.985303931511379738e-01
1.452800160254981154e-01 -2.849112485154876862e-02 -3.085766641408495548e-01
4.964894649928510567e-02 -2.027508253404542438e-01 -2.353153724880018283e-01
3.930612702980481044e-01 -1.983542879373655088e-01 -2.385594634227969912e-01
4.055753235075043039e-01 -2.077007392064860458e-01 -4.698277791785274715e-01
-2.064334949925188123e-01 3.712098375999433597e-01 1.253689239994694171e-01
2.506400029841308191e-02 2.162532917290989343e-01 2.772320492755356858e-01
8.514951475895901623e-02 2.782682357029165332e-01 1.553541252736121703e-01
1.128850361009276770e-01 3.607106346768701455e-01 1.340916014742933871e-01
-1.187024355405496001e-01 1.192943451082899425e-01 4.751000537129738271e-02
-3.496403121409931425e-02 1.321776086124666072e-01 5.799471999654199489e-02
-9.206493003916599305e-02 1.268971804685227744e-01 7.025151394105819125e-02
-1.311428152038136841e-01 1.154131340658673954e-01 1.079027955048812576e-01
-1.903769784356667549e-01 4.259543617564131579e-01 1.060446193850294733e-01
-1.042316687695417771e-01 3.545902890985996314e-01 -3.905009643993630208e-03
-9.526089882509237994e-02 3.976197250928484306e-01 6.158711953470349942e-02
-4.725271429242804966e-01 -2.881840803755852387e-01 1.036308533868829374e-01
-3.176290638535642086e-01 -4.835926497534502877e-01 -4.933941055551103183e-01
4.742016521321330558e-01 4.239456945399010523e-01 4.683383118161600911e-01
4.558447855379375580e-01 2.678191209154001107e-01 4.638968959032466755e-01
4.582086107027502075e-01 3.181248402269243880e-01 3.776065965367913502e-01
4.851106591272041912e-01 3.251043754901170590e-01 -2.317083633501962059e-01
-4.694025625286188386e-01 2.265390232920626301e-01 -4.444437839966053905e-01
-2.859165909974570319e-01 3.341182252166558508e-01 -3.491260937544222731e-01
-4.161576753551712304e-01 3.189742808609610791e-01 -4.688398255579709351e-01
5.199039971937956944e-02 1.405998765910070336e-01 -3.776473149319836686e-01
-2.082948629257714568e-01 -1.096078566262623649e-01 4.621659272413399799e-01
-5.875786580668265757e-02 -4.030986198049062857e-02 4.623471258112743509e-01
-7.532165608866422946e-02 1.730309569321182399e-03 4.239643423556125890e-01
-1.042002544487974081e-01 -8.499620333074389689e-02 4.406310948341898293e-01
-1.353762495558667178e-01 -1.292537743990292420e-01 7.985582224466923618e-02
-1.299770757477040350e-01 -1.508276763508027141e-01 6.312865262919939435e-02
-1.084377858647364024e-01 -1.198228059426609121e-01 1.693104812697826533e-02
-1.534838930411644986e-01 -8.787237128018186849e-02 6.390992857001875915e-02
-1.445324914825600326e-01 -6.848123054695585965e-02 4.321610066003098161e-02
-1.750312045126134752e-01 -4.737089261796750828e-02 7.655656739666777399e-02
-1.662371752207987829e-01 -1.291491101163296795e-01 9.207327662285723358e-02
-1.716518063372468039e-01 -7.043382949233037427e-02 7.397820265762269920e-02
-2.206746473164706845e-01 -5.968583717788041032e-02 4.215210684456732748e-02
1.012267819309393135e-01 -4.596680954167486344e-01 4.487253650474616329e-01
-4.239377261102152822e-02 -3.836427106493939809e-01 -3.880976829565210284e-01
-1.438620892868410217e-01 -4.407956401436984861e-01 -3.139192867495976258e-01
3.976162785728546423e-01 -3.789373284070250425e-01 -3.849355923723157130e-02
4.659513504099920267e-01 -3.835452352703315193e-01 -2.622346103531382824e-02
-1.083354459892464233e-01 -3.917757936144444786e-01 2.302621679407850785e-01
-2.208557309220786358e-01 -3.016251842633191349e-01 2.302833235560059477e-01
-7.022264749384210525e-02 -4.304479115218872165e-01 3.358320473470756407e-02
-2.470895579637520656e-01 -2.625325621712851221e-01 1.328776548843550454e-01
4.386805833347660055e-01 -4.627730369381801712e-01 -2.679630158007853535e-01
-1.480596066215576490e-01 3.393793505545392719e-01 -2.738389130368274471e-01
-1.047634088927359014e-01 1.664431867061771375e-01 4.552963569488195361e-01
-1.452568874497264795e-01 1.066630369648888660e-01 4.009728153096398517e-01
4.292405654302752609e-03 3.388704390967895441e-01 4.189706369554458965e-01
3.479290850016478753e-01 2.796411376780669200e-01 1.444940340899286135e-01
2.152601006526840555e-01 1.706644255008402805e-02 -1.169275854216499655e-01
1.723019949895519543e-01 4.146058003159313610e-01 -3.899443918442459939e-04
4.218479803206272027e-01 2.208186397444771576e-01 -4.291571255448538985e-02
4.199893884022518620e-01 2.803009618345825293e-01 4.909137958863576262e-02
-4.410351223548510946e-01 2.191175905201121765e-01 -1.368056738470500855e-01
-4.547651865342512423e-01 2.704235887823420725e-01 -2.186158253876906710e-01
4.084952832452553029e-01 -1.821915989139672731e-01 9.591486007845585748e-02
4.253078958981335589e-01 -4.002984745961331303e-02 -4.518290871620810334e-01
4.307004488363793682e-01 -1.025095812001126372e-01 -3.521085175434426340e-01
2.132361326167578064e-01 -1.228820527202203333e-01 -4.565375080943722130e-01
9.382977350187866883e-02 -2.304491854806663478e-03 -3.636680598651178542e-01
-4.453015210408008961e-01 -2.599424422146577318e-01 -3.912605997708449856e-01
-1.644720145991594440e-01 -4.125490996742539607e-01 -3.031128695173654353e-01
-3.527159831558738801e-01 -3.949307001323457689e-01 -4.507086786797902533e-01
-1.471626287638529429e-01 -1.246999882258684189e-01 -4.048369411031834675e-01
-2.308790993799518521e-01 -2.387601712744944205e-01 -4.319539039696715377e-01
-3.587785160191518385e-01 -2.272230855424515472e-01 -4.480820689591611949e-01
-2.635679629017760317e-01 3.970810697819601165e-01 4.055596744163707523e-01
-4.480355036068476848e-01 4.423280560707220088e-01 4.580298078757968350e-01
-4.441637081867319536e-01 2.834766747005694754e-01 3.245758656919528473e-01
4.428618996149457504e-02 4.293185029661173990e-01 3.460273877920651553e-01
-3.983311669524925991e-01 4.068295800924108807e-01 -4.572721458194866639e-01
-2.470811871923838110e-01 3.822476826430545316e-01 3.653467627833974218e-02
-1.942437895827246186e-01 4.113223276758425917e-01 -6.990612639041181298e-04
4.625207809244155643e-02 -4.299729848811559285e-02 -3.149380738684622316e-01
5.067023486533064891e-02 -1.156644820135148549e-01 -2.842388494933059673e-01
-1.157873285085778414e-01 2.318071884787156756e-01 -2.334747469436690703e-01
-1.351066569243546955e-01 2.325955677119914689e-01 -6.466467407395896927e-02
-4.389630845551689003e-02 4.605905950027066598e-01 -1.057764867573281614e-01
-7.892505764273088920e-02 4.277554775180463786e-01 -1.922402653513468063e-01
8.334489341683788688e-02 4.626534868894082719e-01 -2.087514556493240969e-01
1.044109567863961002e-01 4.167431883636442680e-01 -1.110041415601422388e-01
-6.558517326203906761e-02 4.124580235393013883e-01 -2.757385107234621158e-01
5.252339745836717005e-02 4.714678759624511550e-01 8.067490200085271346e-02
-6.023142414263901734e-02 4.712216902655128603e-01 1.226866202102370462e-01
4.413435649156514928e-02 4.531730234263988133e-01 2.290713949945193950e-01
4.556945828811739263e-01 -3.878772546827191081e-01 4.120176635078875438e-01
4.448270696036938920e-01 -4.627724001644878959e-01 4.658728924051175335e-01
3.190408149627697032e-01 -4.597073028748344670e-01 4.518599223295124423e-01
-4.453366569315914125e-01 -4.067352321197866272e-01 -4.535041639724344820e-01
-4.419728859288604150e-01 -2.752814681665366470e-01 -9.915257964932551460e-02
3.878234239218603108e-01 -4.431600947520945022e-01 -3.830179669555445199e-01
3.266524756609917590e-01 -3.414569799064232081e-01 -3.797061767836854007e-01
3.537055853608219724e-01 -2.699098438472964379e-01 -2.766442206825466266e-01
3.320669895247531089e-01 -4.599126424875812913e-01 -1.787979839481182442e-01
1.775148017461745942e-01 -3.732629097465962609e-01 -3.354856213751448712e-01
3.221114993251046332e-01 -3.890864608077756470e-01 -1.439652754963146319e-01
4.995946494720252679e-02 -3.726910006674996612e-01 -9.115756692765063229e-02
-9.809929651480851776e-02 -2.572258128133006472e-01 -1.556228304217436020e-01
-2.712963566719755470e-01 2.472811488293075177e-01 -4.150241761423488218e-01
-1.197359415417081907e-01 2.807901385143121709e-01 -4.736087652990665364e-01
-4.650566749457115678e-01 1.241022636219382136e-01 -3.218308372715598109e-01
-3.260796155996925627e-01 1.368504842206968164e-01 -3.143127646913336237e-01
-2.802875626570253131e-01 1.207785157324005182e-01 -3.995297475702134227e-01
9.936282992578348780e-03 4.048925343837096458e-01 -2.975204804894947541e-01
-1.009693334319752001e-01 3.038238633814847600e-01 -4.217467675828147078e-01
-1.256535636892492092e-01 -3.889787641154882070e-02 -8.016196380959145218e-02
-1.289097315599579130e-01 -1.244677845317710280e-01 -2.863774152446081633e-02
-6.282652629038815162e-02 -4.309514730479263034e-01 4.815265675946390211e-01
1.220036385173788318e-01 -3.933947257790573748e-01 -3.731005804949088511e-01
6.607473406357801393e-02 -3.879932355636154240e-01 -2.142852277255426208e-01
-2.964899001931643741e-02 -4.716729729076845623e-01 -1.805476412005437847e-01
-2.108660578364107141e-01 -3.990151809319313903e-01 -2.132081930907454848e-02
-1.802557288159099547e-01 -3.466346307118235437e-01 -7.185963967335975977e-02
4.166761476275268605e-01 -3.186502789163474514e-01 -2.764833929717858130e-01
4.258783250352923266e-01 -2.441567165716601040e-01 -1.464136179733114829e-01
-1.985745260939323908e-01 -1.928443123430682304e-01 -3.667772832498181201e-02
-1.778370309517460224e-01 -3.088213886126018881e-01 -6.542413328220487989e-02
-2.127377477716006493e-01 -1.908542544006589514e-01 7.260429494404356532e-02
-2.069734307714705679e-01 -3.014505919019308533e-01 -8.344649690584765578e-02
-3.395991886893982015e-01 -1.851217312553714578e-01 2.438012487143114554e-02
-4.662174570288959430e-01 -4.219448939759364858e-01 2.067157460279065995e-01
-2.959999726906243356e-01 -4.105735460432142769e-01 3.493977700138033993e-01
-2.059032503893189203e-01 -3.931695552490951928e-01 7.684030302545373503e-02
-1.652739434664559637e-01 -4.577059885585741950e-01 7.910272473995751119e-02
2.797558599284957759e-02 4.143709896468157905e-01 -3.765959927278491604e-01
-4.129731001912377297e-01 -8.405208905144356812e-02 3.517500734322995815e-01
-3.669493684737030748e-01 -1.995242899069724352e-01 1.084686420797703194e-01
4.560358850420457300e-01 4.451321522820478882e-01 -1.462612086923889276e-01
3.427700909535150720e-01 4.387810910914394791e-01 -1.786949590158959933e-01
4.462095302293068166e-01 3.541859987928454023e-01 -2.202994889902112063e-01
3.383737836769524776e-01 2.351790874752523186e-01 -1.394476345256128180e-01
3.969264575237665404e-01 1.356564835749646536e-01 -8.962747177393565190e-02
3.695298618524309187e-01 8.662646445048277632e-02 6.057810309653312991e-02
3.988866023072383804e-01 2.167717672352437175e-02 9.778039613160473265e-02
4.287081843052122920e-01 3.517426951001571545e-01 -3.858817411290735300e-01
-3.108722726359564037e-01 2.214817917319578944e-01 -8.972722949837955153e-02
-3.092483311452814965e-01 2.432634736595692682e-01 -2.918231676762756410e-01
-2.665090959238066159e-01 3.641902165956144022e-01 -2.728919730014417108e-02
-2.129119904558476606e-01 4.524647610747084547e-01 -1.656476140452683432e-01
-3.256667835213404860e-01 2.640147145552620422e-01 4.652064459409412378e-01
-4.499404912679532131e-01 4.037001739230437480e-01 -2.046590353601684120e-01
-3.721650039865839754e-01 4.175989171136663125e-01 -1.618001247862475012e-01
-4.679612500773329686e-01 4.331496005507894931e-01 -3.059489055742488639e-01
1.885340057603370756e-01 4.653247878126232084e-01 -2.840369805497467981e-01
3.518315393111821621e-01 4.822385028747444013e-01 -4.545820358145238882e-01
-6.998446098205640675e-02 -1.246379979806810645e-01 -2.892609628214529160e-01
-1.020713871147731211e-01 6.462378231413089258e-02 -3.017273786613864361e-01
-1.124284407246867318e-01 -2.779307695540614298e-02 -2.093786792006089581e-01
-9.819308951409064234e-02 -5.963503525757849616e-02 -2.230790144527883823e-01
-1.082956253859927442e-01 -7.700877504701891807e-02 -2.574072535517638038e-01
-1.104335917689644592e-01 -2.220961889980961335e-01 -1.584336607783756734e-01
-7.157368435107493154e-02 8.997101959175095309e-02 -2.449791940529905954e-01
-9.100551047382212863e-03 8.859434106018114485e-02 -2.647219463184525279e-01
-4.081940348928989604e-01 -9.866241899043234898e-02 -5.492212116126500565e-02
-3.674453225091502406e-01 -1.449139659854766504e-01 -2.423549199716922009e-02
2.175929701247192594e-01 -3.804840341897114953e-01 -1.775617970492202602e-01
1.796135221637425450e-01 -3.755849409643355341e-01 -9.319127202036690816e-02
1.849767286166409119e-01 -4.461364959212497650e-01 -9.728352774259022354e-03
1.640897969529590827e-01 -4.118516971130343762e-01 -2.559116336478343134e-01
6.531518640668666775e-02 -4.575603584015205394e-01 -1.570417782732121126e-01
-1.231764291705979703e-01 -1.954529169106905551e-01 -1.005605819323953515e-01
-1.036037465883478670e-01 -2.004474290314393614e-01 -1.025635603044039446e-01
-1.301149769287860969e-01 -2.291675885884341957e-01 -9.401243800714345622e-02
-1.486174910678722261e-01 -1.797651397695771702e-01 -7.544995909796614608e-02
-1.658549290785496511e-01 -2.130753796944405698e-01 -4.583822865866168245e-02
-1.781507729689637762e-02 -1.967126946907879204e-01 7.875657202112447408e-02
-5.059602917505645094e-03 -1.888554480991478379e-01 -9.465817960913145562e-04
-1.185858998472799457e-02 -2.410182693155031031e-01 -2.432486480782292126e-02
-7.152038939739156775e-02 -1.614642197023417325e-01 3.199205407108662857e-03
-4.931765090012759506e-02 -1.753508569505234094e-01 -3.925779060662162867e-02
-1.453695542211034253e-01 -1.758297563202067537e-01 6.954578823386886599e-02
-9.790689598159238449e-02 -1.773848277775496030e-01 5.473561341391500884e-02
6.280929107514120202e-04 -1.751314055628261368e-01 -2.251519700902054541e-02
-2.056950913480492041e-02 -1.937006848641791290e-01 -1.792323434950372080e-02
-3.966011491583231741e-01 3.010453590005628816e-02 -4.299593785993283124e-01
-4.481950169928061722e-01 2.839415529842461566e-02 -4.368048544459726679e-03
-3.745704824951076595e-01 5.119839490941219262e-03 -8.050867858473814698e-02
-4.209787469006247562e-01 -4.612910051013120044e-02 -4.724907086572183168e-02
-3.197908601384921723e-01 2.185347530145841793e-02 -4.517911706631594915e-01
-3.171985047644660938e-01 -1.391421667671552224e-02 -3.697405829897007501e-01
-1.600527578095249648e-01 -2.698584395732069735e-02 -2.078021749977368993e-01
-8.125279763633048991e-02 1.354182371221493708e-01 -3.287366136830590646e-01
-1.020373048081423262e-01 1.321554342015331673e-01 -2.854877698009166131e-01
-4.178241656545855220e-01 -3.877005667221540275e-01 -2.986173997313322781e-01
-3.168044054288521871e-01 -2.404432767878033061e-01 -1.029016910182694311e-01
-1.539498172993841174e-01 -4.568521709272014841e-01 -4.553850133209312590e-02
-1.910579172665363978e-01 -4.368618398125518332e-01 -8.681085855213718783e-02
-5.618275457002776946e-02 -4.168471933071354329e-01 2.925405854103090841e-01
-1.816687661001934184e-01 -4.124358226062236898e-01 2.106251603731864597e-01
-2.002688922100249458e-01 4.150411256611033495e-01 -3.648280856264713434e-01
-2.871821876527383410e-01 4.676849954206253046e-01 -2.303676068596928472e-01
-3.914608970085132755e-01 4.306780257614368779e-01 -3.947167575322494959e-01
-3.748699591991308533e-02 -2.689681147796488259e-02 -4.656335019609117998e-01
1.283085256248802687e-02 -9.483457818901791514e-02 -3.084637230082286075e-01
-1.475215910820492360e-01 -1.068828359047348658e-01 -4.509471496224334852e-01
3.969305199272206430e-02 -5.257538487711060221e-02 -3.331676564393886153e-01
-8.170867019542586707e-02 -2.407752677655101703e-01 -4.117577876763983680e-01
-1.507508250748531009e-01 -2.147782157149758508e-01 -4.436130066169092223e-01
-4.635510066305370547e-02 3.658288040085357351e-01 -4.507432248726994661e-01
-1.255480471521943156e-02 1.471924800952571499e-01 -3.369537693270373002e-01
1.009504072209479741e-01 2.543030945610158522e-01 -3.408024330237794386e-01
3.167862237569831207e-01 4.533096958074140925e-01 -3.362355857222425470e-01
4.711508576164865486e-04 -2.077905788699746514e-01 -2.007746946344166061e-01
-6.234462599083449158e-02 -1.721765371523455435e-01 -1.655703295213437898e-01
-4.597986659460532449e-02 -1.442107090740551434e-01 -2.380957552672688382e-01
-8.143750840671939994e-02 -6.567562684885021318e-02 -1.992903540399229290e-01
-1.708873779720402608e-01 -1.035511318283818399e-01 -1.878007231655154652e-01
-1.886885168905557963e-01 -1.600081447618919017e-01 -8.630610613905476125e-02
-1.329390294661095540e-01 -9.439827644694885611e-02 -9.125676601817672706e-02
-1.537332082884048101e-01 -1.681603412278825649e-01 -1.013071365322118222e-01
-1.537361477331170012e-01 -1.253832735544727628e-01 -5.515601151555328541e-02
-1.603611965260099415e-01 -1.665477962133693202e-01 -1.303990089194464463e-01
-9.973747447110638265e-02 -8.839677089451912495e-02 -1.011669261694631561e-01
-1.333785848887482917e-01 -1.226766071051171442e-01 -6.805766591480844063e-02
-9.289783889587822918e-02 -1.110856235113640567e-01 -7.305822913805418151e-02
-1.099759859363709791e-01 -1.360623209140034429e-01 -1.199625568163256578e-01
-1.190756824725218016e-01 -1.007685076493721049e-01 -1.580380521673735994e-01
8.791607353452468576e-02 1.137547564355539803e-01 1.182649788819187114e-01
-8.709033270674580718e-02 3.232277645101267610e-02 -2.107203495116693470e-01
-9.283386267773902079e-02 1.961816412018521361e-01 -1.087522277237190291e-02
-3.453916622170594697e-01 -9.300958558011912514e-02 -3.705497184898203650e-02
-2.597516478455755284e-01 -4.845658765878334273e-02 -2.696114820501900947e-02
4.677536063015318435e-01 2.711261046093492721e-01 -4.648589604673387665e-01
-5.097562206291809256e-02 -2.686219338954785596e-01 1.301036990645440261e-01
-5.942155445715521789e-02 -2.205621026958413666e-01 1.009264885524453620e-01
-7.601138940277682443e-02 -1.912248707679525817e-01 8.018561282321842731e-02
-4.731715728485758055e-02 -1.996632854228427567e-01 8.330335598448840306e-02
-1.731749739880864003e-02 -2.218929429159946509e-01 7.949329741765288893e-02
-1.519029366549794202e-01 -2.659595652587106729e-01 -6.781924704339795107e-02
-4.665951197021949159e-01 7.207110165129006207e-02 -1.923104661084154565e-01
-4.290060225191535959e-01 -1.654842026470891014e-01 -1.964207477136650504e-01
-2.564975320789815716e-01 -2.072640973539447429e-01 -3.895399897836482883e-01
-2.257204575380900025e-01 -1.433677006996431635e-01 -2.033515398858131984e-01
-3.059244773278705365e-01 -1.211822019169959547e-01 -8.742278936906179576e-02
-3.718765009414571332e-01 -1.409143610263126345e-01 -4.995346002836342780e-02
-3.188382553932435082e-01 -1.943249688802140274e-01 -6.677471561994355320e-02
3.791291594205544596e-02 3.401783370420478070e-01 -1.835754990862695224e-01
6.513685545213732109e-02 3.090481235266313575e-01 -1.460191880634881534e-01
-4.818760691748476266e-02 2.589783653171168765e-01 -2.056157776460272313e-01
-2.626655117257745697e-01 -4.065523655064982034e-01 -2.217875895724367996e-01
-3.738380927769019979e-01 -2.143313666976567611e-01 -1.664556955434374763e-01
-1.779365305356820082e-01 -3.303694192342731539e-01 -1.399041112039781376e-01
-1.790091002920136398e-01 -2.234006065862707835e-01 -1.660327951034563099e-01
-3.987772291215098130e-01 -3.720316432059917466e-01 -1.282457587201533689e-01
-4.537110968142683554e-01 -3.954590931631071782e-01 -2.173965014475360558e-01
-2.776038840145101383e-01 -4.531032984264691810e-01 -2.306800641702886345e-01
-2.912846307811431390e-01 -4.267551110139419790e-01 4.662561269811732467e-01
-1.925828924397752495e-01 4.281136380121310370e-01 -4.538639969444652755e-01
-1.044876428934958662e-01 4.639951132026919334e-01 -2.125359687609262027e-01
4.594160411751442297e-01 -2.625748833620791256e-01 -4.068095943002572046e-01
3.979674943962389910e-02 -2.250919764653224603e-02 -4.630436971230171839e-01
3.001566554810028431e-02 -1.938207203604505602e-01 -3.231026632517206565e-01
1.413887554255354416e-02 -1.692963241599520774e-01 -3.619128777094842708e-01
7.333691625629902566e-02 -4.952694712771871927e-02 -3.349555251599702355e-01
7.170480062877727934e-02 -4.203637128041153720e-02 -3.488850048411571980e-01
5.059460254139839380e-02 -1.049304334971923741e-01 -3.403392664740068629e-01
1.128958469351746124e-01 3.669168869112401365e-01 -4.003624428838323812e-01
2.155354443859027191e-01 3.609574766230972953e-01 -4.360647402582269461e-01
3.151270215990816803e-01 1.128785315333897671e-01 -3.687081067450269645e-01
3.117631152862125332e-01 1.810860377878766858e-01 -3.824891576303180440e-01
3.296662173407980956e-01 2.124014309783612831e-01 -4.409398910476715616e-01
-1.799797779531170719e-02 -1.703506691291061526e-01 -8.213044504637775911e-02
-1.534725373003544349e-02 -1.747549526294707722e-01 -1.199131928196794233e-01
-4.576697739902414741e-02 -1.804313649915673945e-01 -7.757955088062570836e-02
-8.565937232400440415e-02 -1.529962107810526328e-01 -1.199395259813814119e-01
-7.866017444532714953e-02 -1.862439053646922915e-01 -9.961775348538777497e-02
-5.826032997908625610e-02 -1.623874535885308501e-01 -1.366912863557250557e-01
-8.769783278774205548e-02 -9.140943741509557907e-02 -1.393027005463540191e-01
1.246800498866347875e-02 -1.551244676226131991e-01 -6.194135628902999735e-02
-8.167211234262984620e-02 -1.146361941853496352e-01 -1.131741224213848457e-01
-8.314013568051714653e-02 -1.208556350932074031e-01 -1.420317223977964338e-01
-8.330887378694190604e-02 -6.719351349640585724e-02 -1.099843782301391931e-01
-2.930169272929074031e-01 -7.874470346222066375e-02 -8.074193889866546070e-02
-2.837230198490865996e-01 -1.076989738520700984e-01 -9.363495925818988985e-02
-1.653829738854949161e-01 -7.755068089076812277e-02 -1.061539809286888153e-01
-2.071995438932267009e-01 -5.675195893978814132e-02 -1.849041258978902924e-01
-1.992295432838241953e-01 -7.904343142831299351e-02 -1.677462845994975582e-01
-2.030841746665829062e-01 -5.327154508705121694e-02 -3.968266491685404351e-02
-1.700161851758867915e-01 -1.028583923958237001e-01 -7.964146733080458562e-02
-2.069850579152279213e-01 -9.748385736595235884e-02 -8.031589781432889319e-02
-1.793288478890291138e-01 -2.674670349822811863e-02 -8.569317931831192670e-02
-1.660286180654352850e-01 -2.063404943087707166e-02 -9.486877355326286954e-02
-3.754441313260750701e-01 -4.061745971689144363e-02 -3.566062798309401205e-01
-4.689962884516590269e-01 -1.262693806182554335e-01 -2.790781453424212577e-01
-2.148691795753596701e-01 -1.577604593280752532e-01 -1.014812391169269135e-01
-2.181467753440410606e-01 -1.918944461241350874e-01 -8.190827289519843346e-02
-2.883504510055184822e-01 -1.934355380390876400e-01 -9.232462917983186301e-02
-1.931527653944166423e-01 -1.649346149156905861e-01 -1.761359870768782754e-01
-2.167529408153972548e-01 -1.285266242329544673e-01 -1.280775586468482219e-01
-2.586341826435857860e-01 -1.206396869395693627e-01 -1.044044558022313857e-01
-2.170424610926515452e-01 -2.278259854805375628e-01 -1.293853243664389030e-01
-2.128650858931726286e-01 -1.841046262816469214e-01 -1.707566280488275745e-01
-2.232553179398497623e-01 -1.073035320995397723e-01 -1.716529011766979862e-01
-2.676925735848119658e-01 -8.557619377271197258e-02 -1.668292764391291205e-01
-2.746289081039239299e-01 -1.070672223085164521e-01 -1.353490955246417493e-01
-3.080504783188177664e-01 -1.165090407641098530e-01 -1.374939558278099605e-01
-4.825671015638787198e-01 -3.693655129130316017e-02 -1.899107802994279004e-01
-3.718217759321711946e-01 4.132713137694591504e-02 -2.843449262356343987e-01
-4.507677057692887068e-01 -8.397594273489850103e-02 -1.202698451214192638e-01
5.000000000000000000e-01 -3.240592121001335812e-02 4.475129395390738951e-01
5.000000000000000000e-01 -9.097117533407428347e-02 3.628359665720420346e-01
5.000000000000000000e-01 -1.462126572383338763e-01 3.940690376307094955e-01
3.840601851713475456e-01 -2.103565939116102124e-01 5.000000000000000000e-01
4.603996482694184822e-01 -1.082060977021641335e-02 5.000000000000000000e-01
3.166378998368838960e-01 -1.532306944116289815e-01 5.000000000000000000e-01
3.297906369227344148e-01 -5.639752800237181340e-02 5.000000000000000000e-01
3.632042880728065248e-01 -5.559957205064081087e-04 5.000000000000000000e-01
2.266084039848635934e-01 -1.320740309380350752e-01 5.000000000000000000e-01
1.510340632703826014e-01 -1.026883620200030739e-01 5.000000000000000000e-01
1.775876017990446198e-01 -1.536332962105641520e-01 5.000000000000000000e-01
-4.565317710752765379e-01 5.262729738370820753e-02 5.000000000000000000e-01
-5.000000000000000000e-01 2.190485210981560002e-02 4.778783598155973422e-01
-3.890527606733848454e-01 5.169152194562884328e-02 5.000000000000000000e-01
-3.812160836965600152e-01 -2.103845046617149050e-01 5.000000000000000000e-01
-5.000000000000000000e-01 -1.379301210977738890e-01 4.461255306353927308e-01
-5.000000000000000000e-01 -3.240592121001339282e-02 4.475129395390738396e-01
-3.525136064457085605e-01 -1.902020159785431097e-01 5.000000000000000000e-01
-2.899459460676780953e-01 -4.604463991918364418e-02 5.000000000000000000e-01
-2.049742531624347830e-01 -9.817028085061069165e-02 5.000000000000000000e-01
-3.276483197438389561e-01 6.886757000649196270e-02 5.000000000000000000e-01
-3.247691812612394924e-01 7.159160996096228247e-02 5.000000000000000000e-01
-3.144774096355875681e-01 7.045145868730182115e-02 5.000000000000000000e-01
-2.467294623871476578e-01 -2.014396308856225004e-01 5.000000000000000000e-01
-1.904280428385343449e-01 -1.116471598968659246e-01 5.000000000000000000e-01
-1.760758094625387848e-01 -3.006934945990028529e-01 5.000000000000000000e-01
-1.500155395428030836e-01 -2.974974227235722690e-01 5.000000000000000000e-01
-1.406282985555115939e-01 -1.089184321818039702e-01 5.000000000000000000e-01
-6.826243553547381437e-02 -2.102307629579845683e-01 5.000000000000000000e-01
7.202281330523566116e-02 -1.157315448554356585e-02 5.000000000000000000e-01
8.085109755522132402e-02 -3.468209852770749724e-02 5.000000000000000000e-01
1.643335450438022927e-03 -6.652476678037384794e-02 5.000000000000000000e-01
-1.819577782420329914e-02 -3.719282421034120212e-02 5.000000000000000000e-01
5.000000000000000000e-01 4.178791788328086731e-01 4.435988285081398086e-01
5.000000000000000000e-01 2.837989036093007678e-01 4.773458326366073479e-01
5.000000000000000000e-01 3.656281827375713056e-01 3.145052008161122736e-01
5.000000000000000000e-01 2.835155321657759631e-01 3.554652391722927240e-01
-3.141626417779781466e-01 -5.000000000000000000e-01 -4.994270440369715791e-01
-3.051776155282310277e-01 -4.584113494082097673e-01 -5.000000000000000000e-01
-3.129659326261434726e-01 -5.000000000000000000e-01 -4.987591769488091131e-01
-2.065085904541159589e-01 -5.000000000000000000e-01 -4.661670483434594003e-01
-1.526300347690949244e-01 -3.949186728389602608e-01 -5.000000000000000000e-01
-1.949755695972918701e-01 -3.769370412600192011e-01 -5.000000000000000000e-01
-2.956103772786864425e-01 -4.248095351131753183e-01 -5.000000000000000000e-01
5.000000000000000000e-01 6.880966856398619547e-02 4.617372154619860392e-01
4.559340600778867270e-01 2.179407538785370357e-01 5.000000000000000000e-01
5.000000000000000000e-01 1.540760165773071566e-01 3.104346288184158809e-01
4.718439226101824313e-01 2.644386122944175077e-01 5.000000000000000000e-01
4.686010863830627482e-01 2.604408951208729839e-01 5.000000000000000000e-01
3.715522241068857645e-01 5.000000000000000000e-01 4.757297953272837665e-01
3.318638020817958889e-01 5.000000000000000000e-01 4.289169887590785768e-01
3.606707695139199088e-01 4.967405057862478990e-01 5.000000000000000000e-01
4.330886908392723722e-01 4.496093547352758568e-01 5.000000000000000000e-01
3.160680837160351753e-01 5.000000000000000000e-01 4.614295402451037420e-01
2.215477714334702364e-01 3.799607385323869324e-01 5.000000000000000000e-01
3.377194056715457360e-01 2.117198580861718582e-01 5.000000000000000000e-01
3.967145586146708092e-01 2.238240479393273363e-01 5.000000000000000000e-01
1.038987722774851186e-01 3.325121685542387073e-01 5.000000000000000000e-01
8.983752971622585570e-02 1.527399940282807012e-01 5.000000000000000000e-01
9.203926406375111113e-02 1.444684661552821103e-01 5.000000000000000000e-01
1.543025257055367916e-01 3.820561693364006861e-01 5.000000000000000000e-01
1.127636017163312909e-01 1.093088972984739837e-01 5.000000000000000000e-01
2.879905813072417553e-01 1.340814135311518274e-01 5.000000000000000000e-01
-9.117758859098681889e-02 2.698635980413423008e-01 5.000000000000000000e-01
-8.410702026466165826e-02 2.468416564623778786e-01 5.000000000000000000e-01
-1.026588937686535447e-01 2.199400853584790594e-01 5.000000000000000000e-01
-1.177158319621232074e-01 2.670577251578674649e-01 5.000000000000000000e-01
-3.447363684370551712e-02 3.383214686171305274e-01 5.000000000000000000e-01
5.000000000000000000e-01 -2.858091140981310410e-02 1.541918876398424287e-01
5.000000000000000000e-01 2.359246894180552431e-02 1.365749022629383913e-01
5.000000000000000000e-01 8.602822951546619523e-02 1.664024262721160163e-01
5.000000000000000000e-01 2.190485210981565900e-02 4.778783598155973422e-01
5.000000000000000000e-01 -3.410575401215956148e-01 2.880657925684079745e-01
5.000000000000000000e-01 -2.856041275579879191e-01 1.560835852996741158e-01
5.000000000000000000e-01 -2.724440816356236139e-01 1.444256583196553700e-01
5.000000000000000000e-01 -9.912287785883995561e-02 1.351849642570657206e-01
5.000000000000000000e-01 -3.810608556883814391e-01 5.311734369769902445e-03
5.000000000000000000e-01 -2.771142530849074470e-01 1.301435259304586645e-01
5.000000000000000000e-01 -4.082151724874683585e-01 6.688542855336852139e-04
5.000000000000000000e-01 -4.068721174374722582e-01 2.017781336624116795e-01
4.060578427905424670e-01 -5.000000000000000000e-01 9.355848534410560191e-02
4.523289239703844888e-01 -5.000000000000000000e-01 1.721032748265521328e-01
5.000000000000000000e-01 -4.621454521424193107e-01 1.945507152484145241e-02
-5.000000000000000000e-01 4.422169645804581717e-01 1.782504795486194171e-01
-5.000000000000000000e-01 2.791283141630148124e-01 8.628225779839399090e-02
-5.000000000000000000e-01 8.602822951546620911e-02 1.664024262721160163e-01
-5.000000000000000000e-01 2.835155321657759631e-01 3.554652391722927796e-01
-5.000000000000000000e-01 1.540760165773071844e-01 3.104346288184159364e-01
-5.000000000000000000e-01 3.656281827375713611e-01 3.145052008161122736e-01
-1.979829879918571789e-01 3.049826413494131638e-01 5.000000000000000000e-01
-1.788475307657768076e-01 4.236841558970715349e-01 5.000000000000000000e-01
-8.626876168143593482e-02 4.286783361846848162e-01 5.000000000000000000e-01
-1.556643924776230370e-01 4.362169823537089264e-01 5.000000000000000000e-01
5.000000000000000000e-01 -1.496820249810698888e-01 -2.865421988942201681e-01
5.000000000000000000e-01 -1.451855023195077754e-01 -2.933931907451840515e-01
5.000000000000000000e-01 -6.637998577568214598e-03 -2.348027664505405454e-01
5.000000000000000000e-01 -6.106843579966485247e-02 -1.636629920055385767e-01
5.000000000000000000e-01 -4.733095582356774272e-02 -1.684845527381835795e-01
5.000000000000000000e-01 4.654247307399354550e-01 4.722690205107857864e-01
4.686417544459836049e-01 5.000000000000000000e-01 4.897794018174561614e-01
4.043890791518426897e-01 5.000000000000000000e-01 4.865540256030871924e-01
5.000000000000000000e-01 4.422169645804581717e-01 1.782504795486194449e-01
3.263859629365215009e-01 5.000000000000000000e-01 2.831505780846243492e-01
4.936128236661169177e-01 5.000000000000000000e-01 1.600763559809588454e-01
5.000000000000000000e-01 4.714518135564944035e-01 1.647986935389389729e-01
4.523289239703844888e-01 5.000000000000000000e-01 1.721032748265521051e-01
4.905245548709366021e-01 4.862749245049126645e-01 5.000000000000000000e-01
-3.143132115355360967e-01 4.995096268593872679e-01 5.000000000000000000e-01
-3.266737195211069089e-01 5.000000000000000000e-01 3.380521693488950374e-01
-1.199250663208140388e-01 5.000000000000000000e-01 3.490354104844519134e-01
-9.745461475239250437e-02 5.000000000000000000e-01 4.628655615365646625e-01
-2.417155134666834626e-01 5.000000000000000000e-01 3.002400820287431937e-01
3.318638020817958889e-01 -5.000000000000000000e-01 4.289169887590785768e-01
3.715522241068857645e-01 -5.000000000000000000e-01 4.757297953272837665e-01
4.686417544459836049e-01 -5.000000000000000000e-01 4.897794018174561614e-01
5.000000000000000000e-01 -3.691489447931438073e-01 3.644679072778794771e-01
5.000000000000000000e-01 -3.451268738004955594e-01 2.887963289455163785e-01
3.263859629365214454e-01 -5.000000000000000000e-01 2.831505780846244047e-01
4.043890791518425787e-01 -5.000000000000000000e-01 4.865540256030871924e-01
2.077385269065731010e-01 -3.799732125701330010e-01 5.000000000000000000e-01
2.814673827808422124e-01 -3.934391298168566364e-01 5.000000000000000000e-01
1.342975794113629162e-01 -2.748816043796324382e-01 5.000000000000000000e-01
2.778412229285462387e-01 -1.286544448226516202e-01 5.000000000000000000e-01
3.840289198492150002e-01 -2.276576933658499002e-01 5.000000000000000000e-01
3.160680837160350642e-01 -5.000000000000000000e-01 4.614295402451038530e-01
3.454344125690647638e-01 -5.000000000000000000e-01 4.993548936576488462e-01
-3.866894681412311741e-01 -5.000000000000000000e-01 -4.341391485646535209e-01
-4.522328838628885128e-01 -5.000000000000000000e-01 -4.583230054636025508e-01
-3.996460530243590159e-01 -5.000000000000000000e-01 -3.970049569674976575e-01
-3.669406477628400776e-01 4.519776928515400471e-01 -5.000000000000000000e-01
-3.691766989910633678e-01 4.517106347937009381e-01 -5.000000000000000000e-01
-4.132674788193287374e-01 2.676700053351894759e-01 -5.000000000000000000e-01
-4.582683843490631959e-01 2.760657633477944795e-01 -5.000000000000000000e-01
-3.308763810450565113e-01 2.770755862075767184e-01 -5.000000000000000000e-01
-1.385342673907863920e-01 1.051587669413840409e-01 5.000000000000000000e-01
-2.791561716856608491e-02 -3.602053244254671549e-02 5.000000000000000000e-01
1.176041286941133523e-01 -5.000000000000000000e-01 4.833496582629696059e-01
1.268657311112257879e-01 -4.561398519313802358e-01 5.000000000000000000e-01
1.200709594550046916e-01 -5.000000000000000000e-01 4.791087829039447632e-01
3.551636477344973647e-02 -3.696976505131602808e-01 5.000000000000000000e-01
-7.586836381681696939e-02 -4.113592631412945066e-01 5.000000000000000000e-01
-3.962704565043398408e-02 -4.962135961491744296e-01 5.000000000000000000e-01
1.204418564061586761e-01 -5.000000000000000000e-01 2.168130395181808723e-01
7.778258416892641636e-02 -5.000000000000000000e-01 2.612701165169646900e-01
8.952327283378981593e-02 -5.000000000000000000e-01 4.159952415880541210e-01
7.517254329077460717e-02 -2.890817903992756732e-01 5.000000000000000000e-01
-7.586836381681698327e-02 -4.113592631412945066e-01 -5.000000000000000000e-01
3.551636477344974341e-02 -3.696976505131602808e-01 -5.000000000000000000e-01
9.967806394587792884e-02 -5.000000000000000000e-01 -3.774003120396485222e-01
1.268657311112257879e-01 -4.561398519313801803e-01 -5.000000000000000000e-01
-1.774677867911807205e-02 -5.000000000000000000e-01 -3.770221969370537995e-01
-1.265633210962254229e-01 -3.902848349621506618e-01 -5.000000000000000000e-01
-1.645904550681321910e-01 -5.000000000000000000e-01 -3.422428335268984934e-01
-9.242942162162216813e-02 -5.000000000000000000e-01 -3.095342493460822575e-01
5.000000000000000000e-01 4.939876073880432594e-01 1.385793270370970220e-01
-5.000000000000000000e-01 -1.462126572383339040e-01 3.940690376307094955e-01
-5.000000000000000000e-01 -9.097117533407424184e-02 3.628359665720419791e-01
-5.000000000000000000e-01 -3.410575401215956148e-01 2.880657925684079190e-01
-5.000000000000000000e-01 -2.858091140981311104e-02 1.541918876398424565e-01
-5.000000000000000000e-01 -2.856041275579879746e-01 1.560835852996743101e-01
-5.000000000000000000e-01 -2.724440816356235584e-01 1.444256583196554533e-01
-5.000000000000000000e-01 -9.912287785883992786e-02 1.351849642570657484e-01
-5.000000000000000000e-01 -3.691489447931438073e-01 3.644679072778794215e-01
-5.000000000000000000e-01 -3.451268738004956149e-01 2.887963289455163785e-01
-4.045396957120035997e-01 -3.330795867440948799e-01 5.000000000000000000e-01
-5.000000000000000000e-01 2.359246894180556248e-02 1.365749022629383913e-01
-5.000000000000000000e-01 6.880966856398625098e-02 4.617372154619859836e-01
-5.000000000000000000e-01 -4.068721174374722582e-01 2.017781336624116517e-01
-5.000000000000000000e-01 -2.771142530849076135e-01 1.301435259304585257e-01
-5.000000000000000000e-01 -3.810608556883812725e-01 5.311734369770101938e-03
-5.000000000000000000e-01 -4.714991950718316893e-01 1.715474737310708209e-01
-4.932703959476573141e-01 -5.000000000000000000e-01 1.277241818208706137e-01
-4.980910841484512130e-01 -5.000000000000000000e-01 6.847636727096635678e-02
-5.000000000000000000e-01 -4.082151724874685805e-01 6.688542855337840931e-04
-5.000000000000000000e-01 -4.621454521424193107e-01 1.945507152484145588e-02
-3.476761571962557751e-01 -1.887555532843958050e-01 5.000000000000000000e-01
5.000000000000000000e-01 1.089853395262852659e-01 -7.290794126169887479e-02
5.000000000000000000e-01 2.665805622253909768e-02 1.131550757905203652e-01
5.000000000000000000e-01 -8.670515013091578682e-02 -8.228855905554066652e-02
5.000000000000000000e-01 2.791283141630148124e-01 8.628225779839396314e-02
5.000000000000000000e-01 -1.380423669511458007e-01 -7.647896496543350742e-02
5.000000000000000000e-01 -9.631599368784357629e-02 -9.095818855347186094e-02
5.000000000000000000e-01 -2.208546692634604514e-01 -9.378304828092277889e-02
3.166378998368842845e-01 -1.532306944116292868e-01 -5.000000000000000000e-01
2.778412229285461832e-01 -1.286544448226516479e-01 -5.000000000000000000e-01
3.297906369227348033e-01 -5.639752800237118197e-02 -5.000000000000000000e-01
-4.132674788193289594e-01 2.676700053351895869e-01 5.000000000000000000e-01
-3.280559724329546456e-01 1.836587503447852099e-01 5.000000000000000000e-01
-3.669406477628400776e-01 4.519776928515399361e-01 5.000000000000000000e-01
-3.691766989910632013e-01 4.517106347937008826e-01 5.000000000000000000e-01
-3.308763810450564558e-01 2.770755862075767184e-01 5.000000000000000000e-01
-5.000000000000000000e-01 4.178791788328086731e-01 4.435988285081398086e-01
-5.000000000000000000e-01 4.654247307399355105e-01 4.722690205107857864e-01
-6.221892402039706782e-02 5.000000000000000000e-01 4.792709951331963758e-01
-4.786709829290855533e-01 5.000000000000000000e-01 1.252085457666089578e-02
-5.000000000000000000e-01 4.673349550565629729e-01 1.953687851833176350e-02
-5.000000000000000000e-01 4.763790859330571670e-01 -3.189336578152623947e-02
-5.000000000000000000e-01 2.839764813315519554e-01 4.298599995938405527e-02
-5.000000000000000000e-01 4.714518135564944590e-01 1.647986935389389451e-01
-3.817843482616607442e-01 5.000000000000000000e-01 6.377743781588815497e-02
-4.467708651372831463e-01 5.000000000000000000e-01 -1.562139487494478528e-02
-4.395629033707855737e-01 5.000000000000000000e-01 -1.602516789409416664e-02
-5.000000000000000000e-01 3.153218523392836148e-01 -2.108597834532062731e-01
-5.000000000000000000e-01 2.122385780427696322e-01 -8.305231549707337013e-02
-5.000000000000000000e-01 3.199606880613343751e-01 -2.100423335440741446e-01
-5.000000000000000000e-01 4.316565596919416103e-01 -1.646139027788122156e-01
-5.000000000000000000e-01 4.526353872248617960e-01 -1.277721435995388677e-01
-5.000000000000000000e-01 3.311170491747121858e-01 -3.277980166646716209e-01
-5.000000000000000000e-01 3.266382376505852503e-01 -3.188550607225774103e-01
-5.000000000000000000e-01 4.056452642640440143e-01 -3.416756803784260499e-01
-4.845780470972823051e-01 5.000000000000000000e-01 -2.690636597020853449e-01
6.624415762556504217e-02 5.000000000000000000e-01 5.662825464305849127e-02
-9.041259638971402279e-02 5.000000000000000000e-01 -5.569983416371680762e-02
-1.891602579191640210e-01 5.000000000000000000e-01 -7.573627690641089767e-03
-2.044106427208784993e-01 5.000000000000000000e-01 8.346288936022853988e-02
-1.744595646259886890e-01 5.000000000000000000e-01 1.171863436265437319e-01
-1.020053797672479667e-01 5.000000000000000000e-01 1.282444337999509021e-01
-1.157819961945605325e-02 5.000000000000000000e-01 2.605445840216515929e-01
-3.893666173653638762e-01 5.000000000000000000e-01 3.084692458119618896e-01
5.000000000000000000e-01 -3.675146144616328603e-01 4.475456471910963518e-01
4.709713771750425049e-01 -4.711270165481277195e-01 5.000000000000000000e-01
-4.786709829290854978e-01 -5.000000000000000000e-01 1.252085457666091139e-02
-2.988462706941788505e-01 -4.254015751073302876e-01 -5.000000000000000000e-01
-4.045396957120035997e-01 -3.330795867440948244e-01 -5.000000000000000000e-01
-5.000000000000000000e-01 -4.433601556903399299e-01 -4.726007885128983843e-01
-3.147472323244293602e-01 -5.000000000000000000e-01 -4.985734039434003839e-01
-4.661678750001349014e-01 -3.546442998742502795e-01 -5.000000000000000000e-01
-5.000000000000000000e-01 -4.202742236994523872e-01 -4.398444009006562405e-01
-5.000000000000000000e-01 -2.691699440184307512e-01 -4.282985394493766251e-01
2.208992368513527926e-01 -5.000000000000000000e-01 -2.829668933398258868e-01
3.322495819011857532e-01 -5.000000000000000000e-01 -1.987390131047576669e-01
2.220973132750360957e-01 -5.000000000000000000e-01 6.109987356283132220e-04
3.415743580404236313e-01 -5.000000000000000000e-01 -1.834542387864440960e-01
1.179327638475560630e-01 -5.000000000000000000e-01 1.741618403189247599e-02
1.276595966336398491e-01 -5.000000000000000000e-01 2.130969725495947958e-02
1.043911375263558011e-01 -5.000000000000000000e-01 -1.993532912975082283e-02
8.694028278680984712e-02 -5.000000000000000000e-01 -1.760195551300807737e-01
1.708491709634914202e-01 -5.000000000000000000e-01 -2.829313675086999047e-01
7.705608227961016632e-02 -5.000000000000000000e-01 -1.233399301254276270e-01
3.551744961539005652e-01 -5.000000000000000000e-01 -1.797726860530509674e-01
9.562910201156545054e-02 -5.000000000000000000e-01 5.798492164427252599e-02
9.659159270751829784e-02 -5.000000000000000000e-01 5.902106215747845996e-02
1.014920235062687498e-01 -5.000000000000000000e-01 4.134267880449267463e-02
9.284024986270204838e-02 -5.000000000000000000e-01 4.382980578026839102e-02
-8.193594012584014263e-02 -5.000000000000000000e-01 -2.307996629332463301e-01
-8.275355457148171612e-02 -5.000000000000000000e-01 -2.327641570074772681e-01
3.481030160218477887e-01 -5.000000000000000000e-01 -4.901802932212434571e-01
2.814673827808422679e-01 -3.934391298168566919e-01 -5.000000000000000000e-01
3.261733801324534499e-01 -5.000000000000000000e-01 -3.577250448246427905e-01
2.077385269065730178e-01 -3.799732125701329455e-01 -5.000000000000000000e-01
5.000000000000000000e-01 -4.799906960871685446e-01 -2.605141200248066724e-01
3.448613244231115704e-01 -5.000000000000000000e-01 -3.315571305330523577e-01
4.898212117401588572e-01 -5.000000000000000000e-01 -2.188179850973091811e-01
5.000000000000000000e-01 2.122385780427696322e-01 -8.305231549707339789e-02
5.000000000000000000e-01 1.187915147097407254e-01 -8.701226979879805867e-02
5.000000000000000000e-01 2.839764813315520109e-01 4.298599995938404833e-02
5.000000000000000000e-01 8.793995763075178329e-02 -1.463257084950862763e-01
5.000000000000000000e-01 8.452787554359227074e-02 -2.666238437246808424e-01
-3.118223421027673803e-01 2.620516607170837453e-01 -5.000000000000000000e-01
-3.280559724329545901e-01 1.836587503447852932e-01 -5.000000000000000000e-01
-5.000000000000000000e-01 1.089853395262852381e-01 -7.290794126169888867e-02
-5.000000000000000000e-01 2.665805622253916013e-02 1.131550757905203375e-01
-5.000000000000000000e-01 1.187915147097406976e-01 -8.701226979879808643e-02
-5.000000000000000000e-01 -1.380423669511458007e-01 -7.647896496543350742e-02
-5.000000000000000000e-01 -8.670515013091575907e-02 -8.228855905554061101e-02
-5.000000000000000000e-01 -9.631599368784361792e-02 -9.095818855347187482e-02
-5.000000000000000000e-01 -2.208546692634604514e-01 -9.378304828092276502e-02
-5.000000000000000000e-01 2.548034939480989247e-01 -4.778962441977305242e-01
-4.565317710752766489e-01 5.262729738370820753e-02 -5.000000000000000000e-01
-5.000000000000000000e-01 1.937423433010113660e-01 -4.657354656908212487e-01
-3.247691812612394924e-01 7.159160996096229634e-02 -5.000000000000000000e-01
-3.276483197438390116e-01 6.886757000649194882e-02 -5.000000000000000000e-01
-3.890527606733848454e-01 5.169152194562887104e-02 -5.000000000000000000e-01
-3.812160836965600152e-01 -2.103845046617149050e-01 -5.000000000000000000e-01
-5.000000000000000000e-01 -2.679193411391007085e-01 -4.276260761845289138e-01
-5.000000000000000000e-01 -2.092954941711450412e-01 -4.393288431002659311e-01
-5.690574128920244251e-02 -2.073154580375124734e-01 5.000000000000000000e-01
-5.000000000000000000e-01 -3.817687961855431578e-01 -1.716431467507543995e-02
-5.000000000000000000e-01 -3.046507864633891116e-01 -1.232257264168671318e-01
-5.000000000000000000e-01 -2.619662459633204099e-01 -1.250727263094267294e-01
-8.893937423232514683e-02 -5.000000000000000000e-01 -1.838499791980359177e-01
-7.551558293188324889e-02 -5.000000000000000000e-01 -1.660961061100287017e-01
8.151985122376813331e-02 -5.000000000000000000e-01 5.524785272085361298e-02
6.624415762556513931e-02 -5.000000000000000000e-01 5.662825464305845657e-02
-9.041259638971405055e-02 -5.000000000000000000e-01 -5.569983416371677987e-02
5.000000000000000000e-01 -3.817687961855432133e-01 -1.716431467507530118e-02
5.000000000000000000e-01 -3.046507864633891116e-01 -1.232257264168671179e-01
5.000000000000000000e-01 -2.619662459633204099e-01 -1.250727263094267294e-01
-1.020053797672479529e-01 -5.000000000000000000e-01 1.282444337999508743e-01
-1.157819961945605325e-02 -5.000000000000000000e-01 2.605445840216515929e-01
-3.893666173653638207e-01 -5.000000000000000000e-01 3.084692458119618341e-01
1.179327638475560075e-01 5.000000000000000000e-01 1.741618403189244130e-02
1.043911375263558289e-01 5.000000000000000000e-01 -1.993532912975059385e-02
9.284024986270204838e-02 5.000000000000000000e-01 4.382980578026845347e-02
1.014920235062685971e-01 5.000000000000000000e-01 4.134267880449286198e-02
-3.147472323244293602e-01 5.000000000000000000e-01 -4.985734039434004394e-01
-3.866894681412312296e-01 5.000000000000000000e-01 -4.341391485646535209e-01
-4.247748239683060145e-01 5.000000000000000000e-01 -3.093072404657580265e-01
-3.657672686392903216e-01 5.000000000000000000e-01 -2.993910028205130081e-01
-4.014043110429115213e-01 5.000000000000000000e-01 -3.417357596866066882e-01
-5.000000000000000000e-01 2.948300503804915373e-01 -2.685759561830810549e-01
-3.996460530243590159e-01 5.000000000000000000e-01 -3.970049569674976575e-01
3.840601851713475456e-01 -2.103565939116102124e-01 -5.000000000000000000e-01
4.589312356003634741e-01 -1.580499302844813880e-01 -5.000000000000000000e-01
4.603996482694184267e-01 -1.082060977021646712e-02 -5.000000000000000000e-01
3.632042880728065803e-01 -5.559957205064167823e-04 -5.000000000000000000e-01
-2.899459460676781508e-01 -4.604463991918363724e-02 -5.000000000000000000e-01
-3.144774096355875681e-01 7.045145868730177952e-02 -5.000000000000000000e-01
-2.049742531624347552e-01 -9.817028085061066389e-02 -5.000000000000000000e-01
-3.525136064457085605e-01 -1.902020159785431652e-01 -5.000000000000000000e-01
-3.476761571962557751e-01 -1.887555532843958606e-01 -5.000000000000000000e-01
-2.467294623871476578e-01 -2.014396308856225004e-01 -5.000000000000000000e-01
-1.760758094625388126e-01 -3.006934945990028529e-01 -5.000000000000000000e-01
-1.385342673907863642e-01 1.051587669413840270e-01 -5.000000000000000000e-01
-1.904280428385343171e-01 -1.116471598968658829e-01 -5.000000000000000000e-01
-2.791561716856613348e-02 -3.602053244254672243e-02 -5.000000000000000000e-01
-1.406282985555116216e-01 -1.089184321818039702e-01 -5.000000000000000000e-01
-1.979829879918571511e-01 3.049826413494131083e-01 -5.000000000000000000e-01
-1.177158319621231380e-01 2.670577251578674649e-01 -5.000000000000000000e-01
-1.095254388045405203e-01 1.524319339840196075e-01 -5.000000000000000000e-01
-1.026588937686535169e-01 2.199400853584789206e-01 -5.000000000000000000e-01
-3.118223421027673803e-01 2.620516607170838008e-01 5.000000000000000000e-01
-1.095254388045404925e-01 1.524319339840196075e-01 5.000000000000000000e-01
8.151985122376820270e-02 5.000000000000000000e-01 5.524785272085363380e-02
9.562910201156532564e-02 5.000000000000000000e-01 5.798492164427242884e-02
1.204418564061586483e-01 5.000000000000000000e-01 2.168130395181808723e-01
9.659159270751832560e-02 5.000000000000000000e-01 5.902106215747853629e-02
7.778258416892644411e-02 5.000000000000000000e-01 2.612701165169646900e-01
4.898212117401588572e-01 5.000000000000000000e-01 -2.188179850973091811e-01
3.551744961539005097e-01 5.000000000000000000e-01 -1.797726860530509674e-01
5.000000000000000000e-01 4.316565596919416103e-01 -1.646139027788122156e-01
5.000000000000000000e-01 3.199606880613345972e-01 -2.100423335440740891e-01
3.415743580404236868e-01 5.000000000000000000e-01 -1.834542387864440682e-01
3.448613244231115149e-01 5.000000000000000000e-01 -3.315571305330524132e-01
5.000000000000000000e-01 4.056452642640440143e-01 -3.416756803784260499e-01
5.000000000000000000e-01 3.311170491747122413e-01 -3.277980166646716764e-01
5.000000000000000000e-01 3.266382376505849727e-01 -3.188550607225768552e-01
3.322495819011858087e-01 5.000000000000000000e-01 -1.987390131047576114e-01
-9.117758859098687441e-02 2.698635980413423008e-01 -5.000000000000000000e-01
-8.410702026466154724e-02 2.468416564623777953e-01 -5.000000000000000000e-01
5.000000000000000000e-01 3.153218523392835593e-01 -2.108597834532062454e-01
5.000000000000000000e-01 4.763790859330571115e-01 -3.189336578152635049e-02
5.000000000000000000e-01 4.526353872248617960e-01 -1.277721435995388954e-01
5.000000000000000000e-01 4.673349550565629174e-01 1.953687851833180861e-02
5.000000000000000000e-01 4.983189824877590213e-01 7.117497336927242069e-02
-1.500155395428031113e-01 -2.974974227235723245e-01 -5.000000000000000000e-01
-5.000000000000000000e-01 -3.917835433514652577e-01 -2.356649715743970863e-01
-4.467708651372831463e-01 -5.000000000000000000e-01 -1.562139487494474538e-02
-5.000000000000000000e-01 -4.488563567618210071e-01 -2.492877291051628641e-01
-2.378389396627241248e-01 -5.000000000000000000e-01 -1.396768429056955696e-01
-2.686468944027802785e-01 -5.000000000000000000e-01 -1.597989133291419783e-01
-2.730111599301646708e-01 -5.000000000000000000e-01 -1.935190460253169431e-01
-2.945251436294034075e-01 -5.000000000000000000e-01 -2.496166782981862342e-01
-4.014043110429115213e-01 -5.000000000000000000e-01 -3.417357596866066327e-01
-3.657672686392903771e-01 -5.000000000000000000e-01 -2.993910028205130636e-01
-5.000000000000000000e-01 -4.687732376533303436e-01 -2.615391466604342074e-01
-5.000000000000000000e-01 -2.731039779699319103e-01 -3.501085119568297377e-01
-4.247748239683060145e-01 -5.000000000000000000e-01 -3.093072404657580265e-01
-4.395629033707855737e-01 -5.000000000000000000e-01 -1.602516789409417011e-02
-9.745461475239246274e-02 -5.000000000000000000e-01 4.628655615365646625e-01
-1.526300347690949244e-01 -3.949186728389602608e-01 5.000000000000000000e-01
-1.199250663208140111e-01 -5.000000000000000000e-01 3.490354104844518579e-01
-2.417155134666834071e-01 -5.000000000000000000e-01 3.002400820287432492e-01
-2.956103772786864425e-01 -4.248095351131753183e-01 5.000000000000000000e-01
-3.051776155282310277e-01 -4.584113494082097673e-01 5.000000000000000000e-01
-3.266737195211069089e-01 -5.000000000000000000e-01 3.380521693488950374e-01
-1.949755695972918423e-01 -3.769370412600192011e-01 5.000000000000000000e-01
-1.265633210962253952e-01 -3.902848349621506063e-01 5.000000000000000000e-01
-6.221892402039697068e-02 -5.000000000000000000e-01 4.792709951331964313e-01
-2.988462706941788505e-01 -4.254015751073302876e-01 5.000000000000000000e-01
2.208992368513527926e-01 5.000000000000000000e-01 -2.829668933398258868e-01
1.708491709634914202e-01 5.000000000000000000e-01 -2.829313675086998492e-01
8.694028278680984712e-02 5.000000000000000000e-01 -1.760195551300807737e-01
7.705608227961018020e-02 5.000000000000000000e-01 -1.233399301254276270e-01
1.276595966336398491e-01 5.000000000000000000e-01 2.130969725495948652e-02
2.220973132750360957e-01 5.000000000000000000e-01 6.109987356282924054e-04
4.060578427905424670e-01 5.000000000000000000e-01 9.355848534410556028e-02
-3.129659326261434726e-01 5.000000000000000000e-01 -4.987591769488091686e-01
-1.788475307657768076e-01 4.236841558970714239e-01 -5.000000000000000000e-01
-8.626876168143594870e-02 4.286783361846848717e-01 -5.000000000000000000e-01
-3.447363684370553100e-02 3.383214686171305829e-01 -5.000000000000000000e-01
-1.556643924776230370e-01 4.362169823537088709e-01 -5.000000000000000000e-01
-9.242942162162218200e-02 5.000000000000000000e-01 -3.095342493460822575e-01
-1.645904550681321910e-01 5.000000000000000000e-01 -3.422428335268985489e-01
-8.275355457148163285e-02 5.000000000000000000e-01 -2.327641570074770183e-01
-2.945251436294034075e-01 5.000000000000000000e-01 -2.496166782981862065e-01
-2.730111599301647263e-01 5.000000000000000000e-01 -1.935190460253169986e-01
-2.686468944027803341e-01 5.000000000000000000e-01 -1.597989133291419783e-01
-7.551558293188326276e-02 5.000000000000000000e-01 -1.660961061100286740e-01
-2.378389396627241248e-01 5.000000000000000000e-01 -1.396768429056955974e-01
-8.893937423232517459e-02 5.000000000000000000e-01 -1.838499791980358899e-01
-8.193594012584022590e-02 5.000000000000000000e-01 -2.307996629332464411e-01
3.261733801324534499e-01 5.000000000000000000e-01 -3.577250448246428460e-01
5.000000000000000000e-01 2.948300503804915929e-01 -2.685759561830810549e-01
5.000000000000000000e-01 -1.673455139775066602e-01 -2.795564177850401455e-01
5.000000000000000000e-01 -2.679193411391007085e-01 -4.276260761845289693e-01
5.000000000000000000e-01 -2.691699440184307512e-01 -4.282985394493766806e-01
5.000000000000000000e-01 -2.731039779699319103e-01 -3.501085119568297932e-01
5.000000000000000000e-01 -4.202742236994523872e-01 -4.398444009006562405e-01
5.000000000000000000e-01 -3.917835433514652577e-01 -2.356649715743970586e-01
5.000000000000000000e-01 -4.687732376533303436e-01 -2.615391466604341519e-01
5.000000000000000000e-01 -4.488563567618211181e-01 -2.492877291051628641e-01
5.000000000000000000e-01 -2.092954941711449857e-01 -4.393288431002659866e-01
3.840289198492150002e-01 -2.276576933658499002e-01 -5.000000000000000000e-01
5.000000000000000000e-01 -1.304879314940776691e-01 -3.600534729564603409e-01
7.517254329077462105e-02 -2.890817903992757287e-01 -5.000000000000000000e-01
-5.690574128920247721e-02 -2.073154580375124734e-01 -5.000000000000000000e-01
8.085109755522137953e-02 -3.468209852770751805e-02 -5.000000000000000000e-01
1.643335450437988232e-03 -6.652476678037382019e-02 -5.000000000000000000e-01
1.342975794113628885e-01 -2.748816043796324382e-01 -5.000000000000000000e-01
1.775876017990446476e-01 -1.536332962105640687e-01 -5.000000000000000000e-01
1.510340632703826846e-01 -1.026883620200031294e-01 -5.000000000000000000e-01
-6.826243553547375886e-02 -2.102307629579845127e-01 -5.000000000000000000e-01
-1.819577782420319506e-02 -3.719282421034122293e-02 -5.000000000000000000e-01
2.266084039848635379e-01 -1.320740309380350752e-01 -5.000000000000000000e-01
2.215477714334702086e-01 3.799607385323869324e-01 -5.000000000000000000e-01
1.543025257055367638e-01 3.820561693364006861e-01 -5.000000000000000000e-01
8.983752971622578631e-02 1.527399940282806456e-01 -5.000000000000000000e-01
1.038987722774850908e-01 3.325121685542387073e-01 -5.000000000000000000e-01
3.377194056715456805e-01 2.117198580861718860e-01 -5.000000000000000000e-01
2.879905813072417553e-01 1.340814135311518829e-01 -5.000000000000000000e-01
1.127636017163312909e-01 1.093088972984739699e-01 -5.000000000000000000e-01
9.203926406375108338e-02 1.444684661552819993e-01 -5.000000000000000000e-01
3.457220052915443986e-01 4.997954806207523526e-01 -5.000000000000000000e-01
3.481030160218477887e-01 5.000000000000000000e-01 -4.901802932212435127e-01
9.967806394587791496e-02 5.000000000000000000e-01 -3.774003120396485222e-01
1.124588630708885373e-01 4.884559736384984086e-01 -5.000000000000000000e-01
7.202281330523567504e-02 -1.157315448554349299e-02 -5.000000000000000000e-01
-3.720425232403085786e-02 5.000000000000000000e-01 -4.951106560269462609e-01
8.952327283378980205e-02 5.000000000000000000e-01 4.159952415880540655e-01
1.200709594550046500e-01 5.000000000000000000e-01 4.791087829039447632e-01
3.967145586146709202e-01 2.238240479393273641e-01 -5.000000000000000000e-01
4.686010863830629147e-01 2.604408951208730394e-01 -5.000000000000000000e-01
4.330886908392723722e-01 4.496093547352758568e-01 -5.000000000000000000e-01
4.718439226101824868e-01 2.644386122944173967e-01 -5.000000000000000000e-01
3.606707695139199088e-01 4.967405057862478990e-01 -5.000000000000000000e-01
5.000000000000000000e-01 2.548034939480989247e-01 -4.778962441977305242e-01
5.000000000000000000e-01 1.100106819623857674e-01 -3.209856030745144029e-01
5.000000000000000000e-01 9.986179106191830912e-03 -4.157491304365161233e-01
5.000000000000000000e-01 1.091675215430959467e-01 -3.207067090721311131e-01
-5.000000000000000000e-01 -1.673455139775066325e-01 -2.795564177850401455e-01
-5.000000000000000000e-01 -1.304879314940777246e-01 -3.600534729564602854e-01
-5.000000000000000000e-01 -1.496820249810698056e-01 -2.865421988942201681e-01
-5.000000000000000000e-01 -1.451855023195078309e-01 -2.933931907451839405e-01
-5.000000000000000000e-01 9.986179106191834381e-03 -4.157491304365161233e-01
-5.000000000000000000e-01 1.100106819623856702e-01 -3.209856030745144029e-01
-5.000000000000000000e-01 1.091675215430958634e-01 -3.207067090721311131e-01
-5.000000000000000000e-01 8.793995763075178329e-02 -1.463257084950862763e-01
-5.000000000000000000e-01 8.452787554359229849e-02 -2.666238437246808424e-01
-1.891602579191640210e-01 -5.000000000000000000e-01 -7.573627690641050736e-03
-2.044106427208784715e-01 -5.000000000000000000e-01 8.346288936022858151e-02
-1.744595646259886335e-01 -5.000000000000000000e-01 1.171863436265437458e-01
-3.817843482616607442e-01 -5.000000000000000000e-01 6.377743781588819660e-02
-2.065085904541159589e-01 5.000000000000000000e-01 -4.661670483434594003e-01
-1.774677867911807899e-02 5.000000000000000000e-01 -3.770221969370537995e-01
-5.000000000000000000e-01 -6.637998577568254496e-03 -2.348027664505405177e-01
-5.000000000000000000e-01 -4.733095582356773579e-02 -1.684845527381835795e-01
-5.000000000000000000e-01 -6.106843579966484553e-02 -1.636629920055385767e-01
