496 497
489 493
185 614
272 278
476 852
56 691
167 292
495 911
312 815
568 335
349 347
341 343
7 611
301 842
376 687
385 102
138 135
143 69
325 333
413 412
282 685
31 606
227 186
495 488
441 47
296 484
128 773
230 228
497 529
482 481
323 240
399 382
532 533
579 575
254 255
180 267
340 368
33 35
266 694
287 288
562 563
430 887
103 698
215 651
318 319
260 137
592 392
583 586
49 58
337 340
137 138
417 374
561 334
324 334
412 414
332 204
545 530
256 393
226 225
448 516
543 601
511 506
533 892
39 657
229 230
304 711
540 603
497 499
100 298
458 570
330 246
590 579
491 496
45 44
330 327
470 580
240 321
542 234
586 581
294 295
331 328
425 411
374 466
541 548
557 559
596 594
178 724
324 325
233 821
173 54
314 316
383 382
394 391
520 506
233 677
415 414
387 388
248 417
149 82
9 1
438 441
302 862
472 868
196 198
504 870
303 714
164 699
112 763
214 118
501 500
530 529
548 542
596 584
494 497
507 514
534 535
570 568
581 577
458 573
560 559
17 25
603 601
235 820
270 277
57 696
357 355
350 352
136 135
267 709
157 158
168 167
577 454
66 785
547 533
198 197
556 541
402 869
563 449
52 743
168 659
534 893
413 481
355 53
326 448
51 40
500 867
449 553
381 787
107 159
553 918
0 630
210 748
262 263
500 502
566 565
292 291
24 167
12 227
567 566
44 791
79 674
315 318
372 366
304 766
342 343
345 348
580 584
285 17
487 838
534 883
283 684
415 480
167 169
408 477
457 428
463 464
161 381
181 754
522 518
597 171
358 418
571 898
332 359
64 60
185 616
93 87
85 83
346 339
273 281
596 397
409 403
107 106
365 82
384 387
421 849
352 465
402 826
122 127
257 143
421 241
493 450
148 258
405 409
533 891
31 608
436 440
495 490
171 170
477 408
304 710
31 96
142 254
279 273
480 518
475 843
516 850
23 24
426 878
407 855
526 599
20 18
138 261
464 413
427 879
344 346
548 454
396 593
233 676
95 99
337 342
73 364
112 46
114 90
207 206
529 888
432 437
179 180
132 930
379 782
302 496
235 234
286 280
180 639
201 626
600 589
161 701
289 290
268 267
447 928
403 851
601 590
63 57
98 612
131 330
423 875
312 309
36 666
65 735
585 587
66 67
373 371
477 860
33 7
38 115
351 352
362 361
147 143
113 115
188 356
448 476
151 149
32 609
339 740
423 488
121 230
435 437
133 628
451 320
112 644
212 210
223 187
52 40
259 257
447 515
242 240
567 488
55 295
71 768
174 602
32 622
530 531
567 565
41 42
505 474
22 21
379 14
62 59
354 817
454 472
157 181
337 52
0 642
235 822
145 69
369 368
486 473
97 102
386 384
401 400
330 197
200 907
125 653
298 102
519 408
473 829
375 514
183 858
163 690
540 290
440 442
167 660
36 232
338 742
432 45
441 443
217 220
199 200
102 437
355 55
468 470
424 296
238 237
0 632
565 493
210 750
471 550
537 538
34 178
105 96
273 280
540 542
200 861
321 746
549 553
161 635
445 427
44 793
576 580
437 897
599 600
118 13
181 29
353 354
336 807
77 16
206 194
167 54
334 238
385 386
163 165
218 668
497 454
449 514
162 60
211 209
129 350
69 160
122 271
496 489
381 779
543 532
195 196
463 466
318 340
273 270
41 3
265 266
519 516
459 468
532 534
322 521
269 272
87 150
61 57
72 282
92 88
248 253
210 84
415 365
181 268
232 665
359 360
78 8
56 695
234 675
117 155
53 662
419 449
423 424
376 776
433 432
518 507
271 679
337 739
484 482
101 259
38 269
190 193
60 47
312 832
334 562
279 275
506 505
16 47
508 509
19 20
223 227
536 535
187 654
219 123
67 62
302 300
81 823
251 331
539 540
80 81
324 326
508 488
600 601
363 361
582 589
368 84
151 148
25 72
376 380
290 542
39 648
249 131
253 352
418 420
485 473
213 345
176 177
186 185
491 488
6 243
134 627
529 890
481 479
473 475
219 113
274 271
80 704
553 450
578 573
300 910
161 703
268 269
98 373
300 301
524 528
510 520
236 558
320 322
0 46
473 487
2 11
512 489
55 172
390 389
362 363
110 112
116 12
140 142
299 102
588 599
78 797
256 387
4 624
281 166
47 68
173 175
202 204
487 485
480 482
497 493
182 640
203 205
434 336
28 25
165 283
490 494
195 236
547 545
221 126
284 72
71 770
161 634
48 47
50 51
150 275
296 298
578 576
391 70
40 192
235 824
54 658
153 151
487 839
290 128
592 595
97 104
218 667
401 402
527 881
69 159
473 831
457 429
490 885
43 99
377 780
182 751
252 247
503 504
513 512
149 270
42 3
285 279
296 496
459 498
288 284
571 899
330 41
160 144
250 257
310 308
454 465
552 550
530 904
120 213
389 382
105 98
425 844
595 596
50 650
599 602
123 124
353 356
336 809
402 827
54 661
153 154
337 738
338 349
310 184
164 303
235 912
246 417
55 357
329 207
491 424
346 217
258 251
471 913
562 553
110 764
261 262
205 207
188 798
455 464
513 482
175 289
123 214
374 253
265 268
50 13
407 856
276 277
305 304
529 531
181 158
247 254
306 305
541 581
15 57
424 301
43 45
164 637
303 272
488 503
125 123
329 332
509 520
421 477
126 124
155 153
36 713
439 437
433 434
459 460
506 872
474 508
247 245
485 484
515 514
124 36
582 578
417 251
165 76
473 486
455 467
360 320
187 656
594 588
46 641
373 372
575 574
99 96
597 598
110 111
531 574
366 368
282 681
114 117
126 91
170 28
334 448
339 741
436 435
450 447
103 107
182 181
487 484
43 620
429 398
212 211
536 895
186 187
223 188
410 846
447 919
553 472
535 526
334 818
522 452
528 523
221 125
71 769
514 517
264 265
406 853
275 274
570 571
46 752
572 536
475 425
480 364
327 328
468 383
127 126
78 433
123 645
548 556
585 591
550 561
101 109
242 369
473 830
244 800
307 183
560 334
520 877
421 422
272 683
76 689
394 397
303 707
520 511
26 121
140 9
302 491
476 478
340 321
187 721
197 131
477 478
17 18
8 43
223 53
556 554
75 486
292 294
274 276
493 502
125 186
215 337
74 7
54 168
61 68
79 80
90 89
393 392
336 808
277 152
426 427
407 406
319 192
444 439
321 760
518 411
239 801
431 401
295 550
417 419
267 715
326 310
7 33
564 920
233 235
217 745
225 223
448 320
252 461
31 621
128 71
68 61
121 664
288 286
542 543
61 58
53 54
64 63
123 113
164 636
569 568
361 74
573 574
14 378
484 296
35 604
107 109
4 94
373 415
125 647
306 180
35 725
427 524
567 921
102 399
191 190
523 880
383 456
142 11
220 219
448 813
239 804
127 670
177 790
250 249
537 901
8 4
482 485
554 551
241 242
586 129
272 273
492 499
514 450
555 552
89 222
539 541
324 327
422 802
315 314
228 663
349 208
160 149
114 116
232 669
400 494
367 368
405 403
377 376
328 198
396 252
144 146
39 649
388 391
301 177
356 223
529 544
201 796
485 474
122 231
321 368
45 810
145 147
453 449
452 451
431 865
30 372
213 211
130 551
243 241
513 474
325 206
521 519
264 49
132 825
176 792
558 552
544 546
268 270
193 315
208 749
287 283
403 854
154 205
515 516
52 51
51 718
309 307
55 917
564 567
57 734
87 88
300 200
83 366
422 805
505 518
404 405
147 146
303 706
302 490
143 148
415 418
162 161
485 840
5 134
387 393
156 90
79 235
100 43
133 631
487 486
477 876
212 213
162 273
410 848
566 490
517 516
188 757
180 753
368 316
10 6
214 123
46 633
243 244
58 56
436 63
101 98
275 276
570 573
422 408
75 7
81 534
116 118
487 99
10 730
255 141
407 511
180 110
322 370
510 504
417 449
263 394
383 390
296 176
100 398
218 219
291 555
209 210
270 160
224 127
125 39
278 277
478 313
574 537
326 320
467 375
493 472
584 582
549 350
577 579
146 139
372 371
47 166
400 430
402 828
427 523
81 128
42 130
417 514
5 726
132 772
227 222
443 263
138 286
0 134
397 262
81 882
85 211
479 480
537 900
429 864
564 922
427 536
34 35
507 513
287 76
478 747
87 17
177 199
434 812
551 557
99 619
462 384
454 544
101 69
439 438
398 45
156 155
129 130
188 933
234 81
398 296
297 102
48 135
393 397
167 28
476 836
271 682
106 157
500 565
236 237
160 273
190 227
159 61
185 755
402 546
7 5
529 429
479 483
32 96
508 512
551 549
82 149
555 554
67 65
224 231
53 27
10 762
486 799
208 761
446 569
416 414
305 36
181 106
478 835
584 395
360 333
446 444
380 775
453 420
163 161
375 450
318 191
406 405
452 453
410 847
249 246
334 819
317 203
23 19
286 285
71 170
185 722
317 316
228 655
174 128
13 125
369 370
348 347
571 572
57 103
84 85
36 671
575 545
313 322
123 646
134 728
175 128
166 162
10 729
392 595
308 319
234 532
67 14
303 708
226 222
55 932
501 494
378 781
311 833
117 343
319 478
105 610
461 469
449 351
229 93
97 15
134 7
474 845
556 555
69 68
307 311
185 309
523 76
109 104
449 330
8 795
201 8
9 19
62 64
365 367
169 21
377 806
451 448
132 771
435 433
30 83
274 122
181 179
426 77
98 108
179 111
548 402
429 863
85 29
4 774
428 429
483 484
550 914
183 719
99 297
53 225
266 268
237 357
425 505
25 26
57 61
320 319
442 896
54 55
262 136
18 137
54 172
119 120
591 11
401 501
338 737
68 438
583 396
444 443
32 607
15 4
448 814
81 884
375 489
516 511
228 225
537 902
461 462
553 915
339 217
231 229
428 399
381 784
94 43
395 335
189 617
483 487
518 519
12 193
428 906
295 293
507 482
60 61
322 319
244 363
72 71
569 572
104 103
199 788
340 736
368 370
31 638
406 404
420 419
182 0
164 161
431 866
111 119
134 629
509 503
567 925
411 239
475 474
11 247
224 221
248 351
368 347
456 458
337 744
146 87
3 1
304 717
61 268
194 203
185 613
329 325
367 359
340 341
520 564
96 94
587 588
125 227
59 700
170 167
446 571
353 184
159 157
237 195
7 98
55 931
478 837
31 605
396 469
178 487
414 101
385 459
64 16
183 185
538 903
498 496
590 575
188 758
566 927
234 542
272 267
56 49
169 291
323 321
80 673
26 167
210 643
512 514
33 34
102 100
432 811
266 693
118 216
216 337
91 90
180 767
74 73
430 886
483 297
348 349
412 299
207 88
155 149
117 120
10 731
162 264
438 437
185 184
234 534
440 16
429 497
218 220
588 260
469 470
216 215
496 429
389 439
497 498
246 245
201 623
495 567
186 615
281 283
81 525
527 528
386 299
528 288
8 45
282 284
369 362
18 22
69 70
548 550
58 60
101 102
45 794
263 136
487 723
531 538
589 590
421 803
147 141
158 149
133 733
516 404
133 134
272 712
358 331
486 480
340 314
469 460
192 191
260 594
1 21
132 173
48 280
445 443
154 156
381 783
353 756
222 221
492 455
152 91
565 924
23 196
550 916
485 423
245 248
27 92
316 202
255 256
426 442
160 68
87 154
226 92
542 546
24 27
5 6
569 571
380 688
560 558
346 345
357 354
22 587
291 539
600 535
121 680
258 416
552 294
417 413
410 409
287 686
520 873
208 338
430 431
95 34
86 204
184 324
456 457
250 141
474 510
184 190
101 299
44 176
488 423
376 76
489 492
314 341
37 36
192 308
215 50
518 521
471 548
38 37
495 909
546 547
380 163
108 98
371 364
139 20
322 321
315 317
576 577
364 361
591 593
15 97
201 678
416 415
580 583
104 105
178 486
437 15
115 119
472 402
566 926
521 522
232 305
517 452
4 78
27 167
529 400
561 560
86 151
239 422
593 592
309 310
567 503
97 57
602 597
75 73
518 363
335 444
391 389
312 816
311 857
59 702
381 380
416 417
379 778
421 240
162 164
450 449
152 156
311 834
189 720
204 205
184 227
495 566
377 77
344 120
388 259
538 905
502 472
261 260
488 489
293 292
354 238
224 652
323 322
29 30
306 267
71 174
550 553
13 227
304 306
150 279
343 344
59 60
70 69
63 66
181 697
106 108
395 390
71 527
202 367
6 727
557 330
95 98
134 732
137 139
408 409
418 417
242 759
110 716
169 171
490 889
581 598
565 923
2 585
465 466
442 445
209 348
520 515
46 0
302 495
420 358
466 467
36 272
534 672
168 71
471 234
201 625
79 705
71 28
172 293
398 102
496 296
347 340
65 66
239 244
187 618
29 0
559 330
77 76
37 113
524 261
477 859
109 108
140 139
202 86
434 436
135 144
321 765
460 462
132 175
136 145
563 553
342 116
539 598
278 270
231 230
461 463
571 929
185 189
26 93
526 524
504 871
495 908
21 19
455 499
472 548
1 2
264 692
269 278
542 548
241 10
549 454
477 322
423 841
571 537
603 602
377 378
199 789
437 399
97 101
160 48
378 379
65 786
468 456
289 234
408 874
489 482
525 174
187 189
377 777
194 89
324 238
333 320
534 894
525 527
