808 644
896 745
825 703
815 640
863 760
780 716
713 726
927 625
882 910
826 786
852 631
886 837
663 844
755 753
854 732
783 626
877 608
914 691
900 738
794 729
866 834
758 709
924 622
929 737
689 792
898 740
933 707
675 613
920 606
891 719
637 638
892 718
683 724
917 692
777 669
658 871
795 629
861 803
864 765
690 619
770 840
666 731
720 766
679 829
806 668
771 921
712 725
807 642
769 841
885 860
836 632
916 695
654 805
756 715
833 752
810 759
677 614
660 845
915 696
812 750
791 730
887 835
708 604
776 665
893 649
903 736
662 872
883 657
722 767
912 702
704 911
809 643
881 842
781 764
888 747
901 744
928 609
894 650
931 699
832 641
824 701
897 749
818 694
906 761
922 607
868 734
876 628
862 849
820 779
672 615
923 624
932 636
788 762
853 611
688 620
880 790
869 735
850 612
721 846
827 857
902 741
711 728
714 605
899 742
797 630
811 748
822 778
656 874
905 739
878 667
661 873
889 859
680 831
681 830
673 618
674 617
828 858
817 693
685 839
775 623
686 838
821 782
904 743
671 727
884 648
796 627
913 700
655 804
816 639
687 793
676 616
772 925
814 751
895 651
664 843
851 733
918 698
890 746
652 801
768 875
823 909
798 855
684 723
879 645
773 908
682 799
930 635
785 763
659 870
813 754
634 621
867 774
670 800
819 697
757 847
919 610
653 802
705 784
