4.101272242417390301e-01 4.391036726524332745e-01 1.427688520974441932e-01
-8.007091956696169022e-02 -1.530680620142434445e-01 -1.405245181322211101e-01
-1.200043763002486830e-01 -1.477939454324815050e-01 -1.136033758580424213e-01
-7.350377118716777680e-02 -1.852811092346588195e-01 -1.091198959941097751e-01
-3.561095820710836191e-01 4.190571342389985965e-01 2.169446500073159978e-01
3.319529689551107832e-01 2.429739855738560772e-01 4.104881154675248944e-01
4.172233478229800951e-01 1.487350396726337398e-01 4.204038378795949549e-01
2.017824305342105773e-01 2.482387220251125737e-01 3.367125215148408235e-01
-4.223119835441168646e-01 3.825742716305489677e-01 3.558944555661445741e-01
-3.936805002435155715e-02 -1.347050684759787675e-01 -1.580897181378881633e-01
4.635175028252524476e-01 1.083806306698921890e-01 4.253191151149588456e-01
-1.197818755325290863e-01 -1.200517773061915427e-01 -7.483391771020271588e-02
2.978385510401314051e-01 -1.656360883569338582e-01 -2.159446189397151439e-01
4.351650500362332363e-01 -1.349106702701055316e-01 -3.001974776962467173e-01
-4.015811308765315224e-01 4.423235730170854141e-01 -1.953487309305408925e-01
-2.822827077432197851e-01 3.522819877212367556e-01 1.188893950825337942e-01
-3.209035110957452197e-01 2.452310169375367943e-01 -2.063814158633601181e-01
-7.559796061812454337e-02 8.892671050554062234e-04 -3.333204659928933333e-01
-9.866954208952474770e-02 -4.706898088927792545e-02 -2.619357826623390784e-01
-3.080756312723969409e-02 -1.411958011805524715e-01 -1.955063066995718080e-01
-4.376697872412008139e-02 -8.870267037710066749e-02 -2.211799395013313296e-01
-8.914374288786984513e-02 -1.438550261516902962e-01 -2.088437339982351648e-01
-1.365382549618810171e-01 -1.179427518925530299e-01 -2.243169044196975659e-01
2.894453781243990290e-02 -1.539839165435131219e-01 -2.278101831101262409e-01
-4.928802016838486691e-03 -1.896132115678643426e-01 -2.874154004999805445e-01
-1.038567699623655777e-01 -4.028857666802475312e-02 -3.827440987317659027e-01
3.123383164144125784e-02 -1.580787436132318202e-01 -3.866000793350546916e-01
3.615377547401148195e-02 -1.991975656083776192e-01 -3.300084120697414636e-01
-1.366882523296280016e-01 -1.201965918371225572e-01 -3.845265362589025404e-01
2.742652062391350287e-01 2.013545316161301224e-01 1.084224914479848534e-01
2.372645247925513623e-01 1.599895250956589465e-01 1.223708788244017437e-01
-1.037264193885865937e-01 4.735372688647750405e-01 4.702578967556023670e-01
-1.589036171533317332e-01 4.820569250624841540e-01 3.248327818464186167e-01
1.261954380800985320e-01 2.852030026607745850e-01 4.071260129755974733e-01
8.967399745176046766e-02 2.776031650234581094e-01 4.191995200472830585e-01
1.148135313005460151e-01 3.104989413926098618e-01 4.593134838275559351e-01
3.825349830432037135e-01 1.923063968126846601e-01 -4.459024529834020867e-01
3.361291178886463560e-01 1.379738591377780987e-01 -3.394242818343250478e-01
2.869862508854359451e-01 1.379830284253479589e-01 -3.048586412176651494e-01
4.726107987834155533e-01 -1.950131205965275338e-01 -3.482154851958751962e-01
4.268978377244093125e-01 -2.341079532502224336e-01 -1.126626010374159187e-01
-5.308756059699578506e-02 -2.112845595916111596e-01 -8.937782225878231068e-02
-9.039109896170215153e-02 -2.062091883449160834e-01 -1.012925761822057874e-01
-3.183709849513182144e-01 3.140423779824084716e-01 3.937019488130543143e-01
-4.399041106873687879e-01 1.268790356198169211e-01 4.379826105033111650e-01
-4.305746321826515732e-01 1.618040043171736775e-01 3.460385724917615091e-01
4.240551615649921224e-01 4.700871608248248790e-01 5.918105139836065537e-02
-2.199070685132526182e-01 2.286327831156279577e-01 -2.466870328945739710e-01
-1.341256940269767717e-01 1.795986097749809884e-01 -2.482684765889360823e-01
-8.257508892951669066e-02 4.842932366482539663e-01 -1.855761733540462755e-01
4.709279999287668828e-01 -1.599828167330388240e-01 -2.604773766736236951e-01
4.600404169797506215e-01 -2.186656106625463614e-01 -1.449510248747518659e-01
4.625749758651974686e-01 -1.808302991918033231e-01 -1.321494059574037927e-01
8.997665206664814952e-02 -3.065091688993030195e-01 -3.791598771377039934e-01
-7.981111873546888058e-02 -3.380204489959891534e-01 -4.153550386499501590e-01
-5.176557121614758228e-02 -4.433897457562654409e-01 -3.297766975373774834e-01
-1.120722556626031208e-01 4.819495703345287319e-01 -1.586874492135469383e-01
-2.273598295456289442e-01 4.090049669739390104e-01 2.933378786577525363e-02
-1.300984952089391522e-01 4.386518867571436164e-01 -1.617640651922126471e-01
-2.947663428555466480e-01 4.514939182471384149e-01 -2.023002293446805600e-01
-2.218166083425222590e-01 3.896034152666518202e-01 -1.984562140595518831e-01
-1.752270534051984796e-01 3.550747972231501626e-01 -9.360248050923522523e-02
-3.512391530411544394e-01 4.353177386209780564e-01 -1.713832572386098929e-01
-3.419728390079022629e-01 3.996663533452411987e-01 -8.114428625512067061e-02
-3.152273656597359142e-01 3.850387388808222400e-01 -1.513912596465452343e-01
-3.789943288883666495e-01 4.623717069679485481e-01 -1.204508529470778438e-01
-3.844765891417054604e-01 4.251999210764461634e-01 -1.064111652438524264e-01
-3.685203805715268066e-01 4.374265580567954226e-01 -1.495058515381290087e-01
-1.667160952228613768e-01 2.465800725614249733e-01 -7.530368013313806785e-02
-1.134088694993768270e-01 1.769625840403320771e-01 -9.551894895407231009e-03
-1.368354273361648277e-01 1.335458461526733143e-01 -5.167474370522121691e-03
-2.164504633281762458e-01 -1.274430129170744941e-01 -4.259925784693495143e-01
-1.388306935645741702e-01 1.093305834149199338e-02 -4.147131130211023642e-01
1.997254980675253755e-01 1.708778830153432626e-01 2.787022032094809143e-01
1.956846987184881481e-01 1.712681346869041055e-01 2.911450165715319116e-01
1.833782059644117890e-01 1.944278926709513966e-01 3.179019193613831784e-01
-3.353736610005221275e-01 1.862048218933495536e-01 -3.661501542498017403e-01
-3.848941586340960952e-01 2.101703736343247808e-01 -2.742393686648176843e-01
-4.481787153104064836e-01 3.709447670529651964e-01 1.805876472861935034e-01
-4.470536450656439342e-01 -4.435268581847267022e-01 -4.288492414596885016e-01
-4.530858639247180020e-01 -3.303740254607268612e-01 -4.693162892782105078e-01
-4.189547320186992607e-01 -2.619813948270905968e-01 -4.065294054326572537e-01
2.066138486495903426e-01 1.271739027730776628e-01 6.387953296855282403e-02
2.589484082703116252e-01 1.435249737578185303e-01 1.110613407335146463e-01
3.535940128157244455e-01 1.338423793065141587e-01 8.338270781310111457e-02
3.083785828461376721e-01 1.686278981689371959e-01 7.110818657029688294e-02
1.666552185101347339e-01 3.833510719411506451e-02 -1.371145270799624394e-01
4.117270172786759164e-02 -4.307238907891729890e-02 -2.733394944330995724e-01
6.497109121334879167e-02 -1.157745801111172979e-01 -2.511598504929695164e-01
2.442292536673238978e-01 -1.634309280760933847e-01 -2.361966835362779293e-01
2.521800020721957636e-01 1.127801539683963850e-01 -2.245071984038833068e-01
2.335117231651984149e-01 8.770497284508266267e-02 -2.859880002805356147e-01
7.559972030825715117e-02 -1.704728269040735322e-01 -3.329953402838762844e-01
6.640234446432051463e-02 -1.316063644270957789e-01 -3.506201617038813834e-01
-2.625214143779306397e-01 3.767663171815263112e-01 3.270940731099836185e-01
9.435247847985482952e-03 2.989758932123154356e-01 3.856203646040302080e-01
-1.462053489507797455e-01 3.967843738492219385e-01 3.914239772600360823e-01
-2.275304569783422326e-01 3.346055007280793192e-01 1.310512712354999776e-01
4.481531571764163502e-02 3.357564844270119475e-01 2.344392681373026754e-01
-1.232487788827594244e-01 2.632101351296600722e-01 4.259199804102800080e-01
-2.733154635525532061e-01 1.289036151376766748e-01 2.734091973477562054e-01
-1.055037187481978889e-01 1.682465440257925327e-01 1.252118902167473069e-01
-2.335649463060652797e-01 1.461280573869383759e-01 1.963842428968419485e-01
-5.302978364064008659e-02 4.043728587050543499e-01 1.257138466265311783e-01
-4.983717567101419305e-02 3.765552732039491590e-01 1.653526639401103338e-01
-4.909326363607860455e-02 4.205476394874452795e-01 2.307772252813923008e-01
4.437526546740577088e-02 3.822347856091423690e-01 1.040868674779401454e-01
-2.715962527075533109e-03 3.740355090728584853e-01 1.261998191506028821e-01
5.152719406822905274e-02 3.567494402405523291e-01 1.689470841436487569e-01
1.589912769020649860e-03 3.584326588414750714e-01 1.503762188722040094e-01
4.181053595406548085e-01 3.692929738180448229e-01 -1.795755264249475069e-01
3.709430636288398309e-01 2.772795614572256540e-01 -1.431858927162664163e-01
4.712500244106859193e-01 4.325585410238606543e-01 -1.973083767654108117e-02
3.628289503535812033e-01 1.274895933451994645e-01 -2.871442677653561759e-01
3.203949022949772463e-01 9.690820148263779021e-02 -2.299187732854840460e-01
3.453076823557947317e-01 1.396459892360646105e-01 -2.565981273608197166e-01
3.715562057004556662e-01 -6.361592142790223336e-02 -2.052703573334613563e-01
3.412466537162378577e-01 9.702007910311101491e-02 -1.781375601248780527e-01
4.267095775408460412e-01 -7.287864021674379800e-02 -2.745142489386706575e-01
3.681569369952807924e-01 1.818327493374336246e-01 -1.713629437290164204e-01
3.810808853144218022e-01 1.466742789173332562e-01 -1.148132811835518852e-01
9.151010891497528277e-02 -1.243261363780487766e-01 -4.543736639481502637e-01
1.589228819041060004e-01 -5.497455645731813556e-03 -3.907555385045273222e-01
4.306329970921299877e-01 2.059061332096374236e-02 -3.431215791903772794e-01
3.544295607217509692e-01 6.949988018552825941e-02 -3.853966711192049477e-01
4.018976784401940283e-01 -1.138456819816859311e-01 -4.019557558204958081e-01
2.596432196950547722e-01 2.428080078275532405e-02 -3.703993062677740089e-01
2.134680062857763627e-01 -1.179480827829249533e-02 -4.092091948195774598e-01
-3.031824712644093922e-01 -2.639715379514275262e-01 -3.897239284518379532e-01
-1.344381126345819688e-01 -2.173527468701306198e-01 -6.378604296261253248e-02
-1.157340850731948395e-01 -2.335577586864216182e-01 -8.973566326880647037e-02
5.745937449774472447e-03 -1.730017232785448777e-01 -1.118787241798069321e-01
-2.289848703910239980e-01 -4.374748220289383926e-01 -4.229869089358949119e-01
3.485411369708343865e-01 4.826363688689470077e-01 2.993157466808581968e-01
4.150838481217731801e-01 4.118488464742745547e-01 3.510328134638539543e-01
-1.464607920954485720e-01 1.041364187301116601e-01 -2.099687809548698714e-01
-1.815790134800095712e-01 7.582892846290585631e-02 -1.704906382387796071e-01
-1.330384130715903668e-01 -3.889305373207511962e-02 -2.267229049433828192e-01
-1.562501572385042170e-01 3.470719594468579805e-02 -2.449521252027281049e-01
-6.269684573101660940e-02 -4.868677450687382280e-02 -1.758704122270652870e-01
-4.910329564037371752e-02 -8.480099164903928677e-02 -1.321096300397421042e-01
-5.949262919109504083e-02 1.571613004867166916e-03 -5.091807467223641998e-02
-9.032438576020998533e-02 -8.267861604230809791e-02 -8.943012458973195744e-02
-4.200181211326154546e-02 7.261184069298137755e-02 -2.551718505370226264e-02
-9.836366514162314667e-02 1.154798548469352371e-01 -1.789674237307767590e-01
-9.044926258090964233e-02 9.433720830003844426e-02 -1.180354696368852707e-01
-4.096981914160193611e-02 2.388106706834519644e-02 -1.703201843163526796e-01
-5.076697622050352354e-02 3.715923270283674751e-02 -8.435255813810284276e-02
3.710839455677845261e-02 5.884107719367098061e-02 -2.630410233125481112e-02
1.511435334228543592e-01 1.192763309969236685e-01 -4.255377672576987624e-02
8.286310302238313052e-02 6.561130314969737531e-02 -2.900490279084746437e-01
1.361934249779878370e-01 6.027559019184022121e-02 -9.355528333187194956e-02
1.744876300527951063e-01 1.149357806888585826e-01 -2.633341912759719627e-01
1.657343943358629557e-01 7.012700851809279545e-02 -1.300614256818667103e-01
1.597976265015741137e-01 2.764996828749569785e-02 -1.689186223616213067e-01
1.960582474786608520e-01 1.056419018785013653e-01 -1.414309388604182149e-01
1.860980325301057892e-01 8.183517068379733694e-02 -1.722871959989106805e-01
4.602261432872111618e-02 3.756957365000258564e-01 7.648916848615372466e-02
1.091857987688828607e-01 3.510261297986796980e-01 3.660220563642480746e-02
-1.617888911877949504e-02 3.499791372006828549e-01 8.563446941305062621e-02
-9.328852658984194968e-02 1.845499171590438414e-01 -1.470305558232195831e-01
-1.968639084402239448e-01 4.510599250505437641e-01 -4.138310077576308754e-01
-1.714639478941899220e-01 3.958283749540179586e-01 -3.051721800968723586e-01
-2.434202004574992362e-01 3.318072334265675938e-01 -4.357206233359999792e-01
-1.122328611719957681e-01 4.717193759459165081e-01 -3.771082069798918912e-01
-2.269841465761676946e-01 2.028108100935082647e-01 -3.680090238079193332e-01
-1.671512301759742192e-01 2.362358567717170177e-01 -3.058641506126730802e-01
-6.259846641145441759e-02 -2.149869633150194859e-01 -3.372765011172160765e-01
-1.136582569500829559e-01 -2.458324356929092736e-01 -4.158131597383518674e-01
-1.164745464072219905e-01 -1.816480745892299631e-01 -2.733801975396896733e-01
-1.559955886660936430e-01 -1.541340078234869904e-01 -3.825201116150578340e-01
-1.610750927828250301e-01 -1.486194391156333283e-01 -3.026726512699479121e-01
-1.209954176412887938e-01 -3.843015126133619286e-01 -3.666107074576421820e-01
-1.974134511874002518e-01 -3.910226584785312376e-01 -4.106306079484746130e-01
-2.730868578015422932e-01 -1.673582431833072759e-01 -3.555950855577431069e-01
-2.406018318433170711e-01 -3.765559607216336646e-01 -3.726056220370811967e-01
-4.180344075441521645e-01 8.670340880238433523e-02 4.569518695514527273e-01
-4.310059902738541115e-01 3.851974781107118939e-02 4.601146189216517857e-01
7.583314709295635447e-02 2.530378559695203866e-01 4.408127497818753460e-01
3.084240568446299791e-01 3.672475177254697076e-01 -1.548546946796761081e-01
3.475588043680827299e-01 4.492876584075773949e-01 -2.172252592414670169e-01
1.163951627226536140e-01 4.224539267438922052e-01 -9.021946824524236519e-03
2.895559129833629175e-01 4.692458701521904918e-01 3.145610061869794083e-02
4.580575327806746810e-01 -3.617029039189467166e-01 -1.724215104511191698e-01
2.932571162643337614e-01 -3.354912450446926320e-01 -1.963932258337761083e-01
4.158143708404791195e-01 -4.164947680756572179e-01 -2.267193923370070807e-01
3.836777178889411721e-01 -2.808143519887045247e-01 -3.794546631145603310e-01
3.317898431378888957e-01 -3.296382510129513554e-01 -4.719111171153666517e-01
1.833972187141940380e-01 -4.462194023451764857e-01 -4.265287505422732939e-01
4.369035620528309849e-01 -4.410787907591832702e-01 -4.312229609206359449e-01
3.001712415470112472e-01 -2.566057147423075890e-01 -1.999438903783570809e-01
3.548696906414954277e-01 -2.305889497744865457e-01 -1.357705238445492124e-01
3.762779103388751434e-01 -2.724588682098356140e-01 -8.564451459349269047e-02
2.931539792279867496e-01 -2.072788227038673825e-01 -1.938319299528777628e-01
1.996650505736441428e-01 -1.645021228371176536e-01 -1.823735736245113703e-01
3.817407367418140102e-02 -2.743828338524460508e-01 -2.241952418957176008e-01
3.665386582537741994e-02 -1.975296861188935993e-01 -2.067784894001941376e-01
3.232742870778271271e-02 -1.912558434195267831e-01 -1.396150799275348853e-01
5.458752666698234168e-02 -1.848942360260755202e-01 -1.672789528989702679e-01
-4.810111009015310968e-01 4.159365439161283318e-02 4.624017439428724785e-01
-4.908475861343474800e-01 -3.627361011680788061e-02 4.550242121191396261e-01
-4.446475686053786291e-01 4.496454488687663953e-01 4.403380939224014745e-01
1.558144606902865381e-01 3.632914070159263403e-02 -1.277075516127187671e-01
1.966201698367075479e-01 -1.460699002621316522e-01 -1.526744970713340144e-01
1.498239090211532232e-01 1.523778806640268060e-02 -1.304860435595502355e-01
1.450085289493928953e-01 -2.693310487235442419e-02 -1.567621664270760773e-01
1.555240936351664771e-01 -1.637417853287029823e-01 -1.423674298928766790e-01
1.007486798429170216e-01 -1.276052128171400180e-01 -1.585686767301021372e-01
4.655500942824166710e-01 8.619387949303497498e-02 2.570637889792233913e-02
3.918448700376963578e-01 1.647310348022863191e-01 3.513925723329554968e-02
4.546248107918807735e-01 2.247148753714809655e-01 5.859122451773939727e-02
3.754053960566152703e-01 1.640927932896421304e-01 1.436868157568621518e-02
3.989710454842484988e-01 1.724356109418755112e-01 -5.620140641286556007e-03
3.925032043488755340e-01 1.498788789332327065e-01 -3.726451557164795619e-02
4.443539881970409722e-01 -2.705209236065147030e-02 -3.355640013749310313e-01
4.740233863835131567e-01 -1.110918855561472823e-01 -2.291285181184131714e-01
4.632823263788123924e-01 -9.182992435458213476e-02 -2.497223850244502941e-01
4.529165632857519719e-01 1.341211903520683479e-01 -1.432238950218235884e-01
4.531199110805583241e-01 1.793899112480956404e-01 -2.250727323475272823e-01
4.052019630753124213e-01 1.494335606575954434e-01 -2.403279089869420626e-01
4.313276848399051899e-01 1.555648642422348127e-01 -2.014452374311590244e-01
2.436478014934078951e-01 -6.370632221671648776e-02 -3.674456905374033355e-01
2.285533100597695877e-01 -1.610791891503645934e-01 -3.042860334462282323e-01
1.975310664465052268e-01 -3.404581139390599476e-01 -3.985911525659672217e-01
2.064373559790276813e-01 -5.991400893344014933e-02 -4.131609102606541017e-01
1.409956932242409089e-01 -2.402953157626008529e-01 -4.094295075532596861e-01
1.480362937090883291e-01 -1.784501605878673902e-01 -3.602199928958025876e-01
3.123007148941078226e-01 -2.589163617754837166e-01 -2.727618948339296523e-01
1.259113269640511623e-01 -1.669616139123999976e-01 -4.589436883932400679e-01
1.131931967798213284e-01 -1.295707858840908500e-01 -3.977078021838289512e-01
1.232338639224998117e-01 -1.296351544583608517e-01 -4.315504650172515833e-01
1.448592004031087066e-01 -9.165837963654743792e-02 -4.067474115104544041e-01
4.621060361336301048e-01 2.670064564197227597e-01 -3.768485600717229045e-01
-4.669339242877105223e-01 -4.745397829003937806e-01 -2.541179719297875783e-01
-3.738261946699131255e-01 -3.382930825121093776e-01 -2.742835538482393809e-01
-3.705840587616689441e-01 -4.749660656780653745e-01 -3.036440164358416571e-01
1.981929491674874061e-02 -3.345540433927148838e-01 -1.971610235405665268e-01
6.350681711092327764e-02 -3.453516718639088601e-01 -2.350993532273231434e-01
1.132220496446325192e-01 -3.912553922778296278e-01 -1.984509582978572217e-01
2.322244559671747255e-01 -1.310117120605796548e-01 4.660243285068937924e-01
4.170118520960732766e-01 -5.259761565898259106e-02 2.457507531021207448e-01
3.985780548473359386e-01 2.868607871269106269e-02 3.332813069402945638e-01
4.029538840654088849e-01 3.023133275137728643e-02 2.753774307477487859e-01
3.664941170850660179e-01 8.061450025317294654e-02 3.515452133245193789e-01
3.037678366893810655e-01 4.975428576092457561e-02 3.474817953226495559e-01
-8.371018583230621646e-02 -1.407771398984659084e-01 6.981736926473742014e-03
-3.988199678345070998e-02 -1.211193100479365931e-01 -6.283906021882368874e-03
-1.077255968327506808e-01 -1.219507256132697365e-01 -1.741899051495053585e-02
-9.732450480681376082e-02 -1.610125063824354996e-01 4.259259383654583064e-02
-3.626098761043469038e-02 -7.537457024227497970e-02 -5.803289708815310977e-02
-4.992932726377659336e-02 -6.680585150414915935e-03 -2.685205331131829826e-02
-6.987399392754835639e-03 -5.721683911773027716e-03 3.894979753340500200e-02
-1.814095548669893143e-01 -1.358788085669669354e-01 3.270719791411992594e-02
-1.534196023138366394e-01 -1.509045387360414547e-01 6.104335540199985755e-02
-9.304698223498537868e-02 -7.618427568457999954e-02 -4.979030263408434909e-02
-8.550922657139740923e-02 -2.700068627232877355e-02 -4.655373121239432532e-02
-1.123264323300029871e-01 -2.050566846307984303e-02 -5.015600187424738149e-02
-4.384360021174917715e-02 4.694814754821095837e-02 1.660938551198565954e-02
2.979536421929085063e-03 2.830575252861546043e-02 2.663163722176385348e-02
-9.600840021267140201e-02 8.370850469354680634e-02 7.824097933139874395e-02
-1.771145146131105630e-01 -4.549425761953252573e-02 -2.089898248817483595e-01
-1.947349455673054730e-01 -5.354318545973937339e-03 -2.266914672961198862e-01
-2.070867555091612244e-01 3.940544452473685594e-02 -1.744949109962341538e-01
-2.380153367504131701e-01 7.023747686211298524e-02 -1.520100374038610980e-01
-7.475809263216760814e-02 4.752479540047535589e-01 -2.228363312748852798e-01
3.217347439695276284e-02 4.615337918635558645e-01 -1.715015425170976215e-01
6.482451938487308885e-02 4.601277600751665364e-01 -1.509207122451440841e-01
2.216828304369730662e-01 4.463625300397697226e-01 -2.986777740581903484e-01
1.228102890045711520e-01 4.055636120687244328e-01 -1.430079575810594972e-01
1.673147517739259627e-01 2.256285327699318333e-01 -3.167577022466625536e-01
9.157005589174233018e-02 2.394899688635546975e-01 -2.288700310134444971e-01
1.443332032382404762e-01 4.396352656864763175e-02 -4.161834261871682483e-01
9.771337907712815407e-02 2.566284609594104982e-01 -4.223797492524372088e-01
-2.073110388088962586e-02 2.038375892485906060e-01 -3.518873455012010432e-01
1.442225020259879920e-01 6.759134898450619433e-02 -3.482136465917020640e-01
1.016868632505134595e-01 9.534512995919913747e-02 -3.038310110226334904e-01
1.362781069536028733e-01 1.358935335196572169e-01 -3.145209009104572573e-01
1.269210701296626664e-01 1.727298292060792384e-01 -2.903055123794189285e-01
1.232127726423259129e-01 2.076577129249249642e-01 -3.043187444256844065e-01
5.477223829215046441e-02 1.269483285000727046e-01 -3.062287586431616249e-01
-1.086223706873263861e-01 1.660532639885343442e-01 -3.227791369337603133e-01
-1.070254511324638391e-01 1.928292415399757431e-01 -3.355170608262717513e-01
-1.344415662526135258e-01 4.998307988616550179e-02 -4.366606531910663946e-01
-1.340586248612059828e-01 1.718696477251522303e-01 -3.713195537201182117e-01
-1.415375853909044135e-01 6.836439183071417458e-02 -4.015048312472533909e-01
-8.797533424761738718e-02 7.203402968119380911e-02 -3.420625212055541930e-01
-1.485340725182895671e-01 9.810295106771771412e-02 -3.343203275920431650e-01
-1.402226535875941704e-01 1.175658344215896045e-01 -3.963128546436838207e-01
-1.807963374168773396e-01 8.243258156477312193e-02 -3.816716135558633760e-01
-2.902868982977510059e-01 -3.305640656100486963e-01 -3.184068785966541748e-01
-2.881843791077195460e-01 -2.932041549944366943e-01 -2.877591163851657141e-01
-1.582775158540539739e-01 -2.471497917892438168e-01 -2.107451445215996200e-01
-1.363570165548405877e-01 -2.971294866377122701e-01 -2.535794370127368857e-01
-1.451592505409350642e-01 -3.495754715623637932e-01 -2.796839592032502875e-01
-1.212054732537137525e-01 -3.238273985789971166e-01 -2.154002260168255412e-01
-1.163852135301402801e-01 -3.890801038926997579e-01 -2.304997512728059750e-01
-2.667300492735903972e-01 -9.780993981441955462e-03 3.708805090838169227e-01
-1.992632401422598232e-01 1.558951598182357623e-01 2.885233494023847212e-01
-2.515113793637455686e-01 1.201083609995893531e-01 2.549004598756153261e-01
-1.488822555268838332e-01 9.218434734800437513e-02 1.327612348933751574e-01
-4.671870236924304809e-01 -7.271570254408139811e-02 4.570595284807754677e-01
-4.290354151444455422e-01 -2.862272178227063743e-02 4.675044003294656081e-01
-4.507491507869628711e-01 -1.437600413388433751e-01 4.045069526388925807e-01
9.340459493348893250e-02 4.173971365089046426e-01 -4.760042113468646030e-01
4.155453299677551726e-01 4.353440710957981463e-01 -4.455035849725125230e-01
4.088558953291278608e-01 3.337266119445302937e-01 -4.051587278988171836e-01
3.623574733872256814e-01 4.361038421394465847e-01 -3.661424949791763361e-01
4.045372609636668781e-01 -3.634505104037815126e-01 -1.142649770063623588e-01
3.487010511443507932e-01 -3.113610665991074500e-01 -6.980838492510320348e-02
3.633060198019201215e-01 -3.837894095009853346e-01 -1.240741650222358244e-01
3.327805912755220641e-01 -3.601869389891173556e-01 -1.314693502079005150e-01
4.611746212822807056e-01 -4.433432688856940307e-01 1.220710733407986102e-02
3.477549013599374739e-01 -4.846477329052376049e-01 -4.414999558970087584e-02
4.023993347888807914e-01 -2.611717401206420930e-01 1.642209299119827548e-01
3.618405873168270559e-01 -1.034657567201734407e-01 -7.491933429562044888e-02
3.218790847206571271e-01 -1.549844042885087925e-01 -1.133004108244310693e-01
3.133834254518794715e-01 -9.868791836041122811e-02 -6.804712437071173958e-02
2.930084591104787917e-01 -1.445945683838500695e-01 -9.911983039182507838e-02
3.532148061684028395e-01 -1.556049092207953954e-01 -8.857426121061501290e-02
3.438874117395679941e-01 -2.723100483636014535e-01 -1.409847626598220716e-02
2.130791487822714658e-01 -2.702885024975988926e-01 5.939082045724827091e-02
4.383989557356350319e-01 -8.304798511761547763e-02 1.636555273149087886e-01
3.609112631001384353e-01 -1.797187080201751719e-01 1.948586343136685939e-01
3.880416568861105864e-01 -8.345523344654959264e-02 1.942204700397619221e-01
1.991759745979332086e-01 -3.330385785716145075e-01 -1.387946256773984477e-01
1.543752301392156134e-01 -2.086440782830511209e-01 -9.208840865273072718e-02
2.409746126110470510e-01 -3.584470574036736634e-01 -4.069546509455181094e-02
8.375117721071462240e-02 -1.953001257546840008e-01 -1.273320063565314686e-01
8.884393201602723555e-02 -1.893565799389507476e-01 -1.448371410184119412e-01
1.136486704697035749e-01 -1.622307793133508647e-01 -1.247397175215299026e-01
1.685519958795053327e-02 -2.136274365152995847e-01 -9.034708673855325334e-02
1.056638011604562194e-01 -1.687285857097234332e-01 -1.319116349811654265e-01
1.187660532008118497e-01 -1.441969320585420045e-01 -8.027858376220405046e-02
1.806162648675714300e-01 -2.164625119302637790e-01 3.479770272072701953e-02
7.866731959165669530e-02 -4.407394319858417009e-01 -4.166502249838677924e-02
-3.260005797796561855e-01 5.828858874408573976e-02 -1.073634346132758127e-01
-4.852752328026436746e-01 3.287959265597659164e-01 5.146353769607180800e-02
4.614771204455038744e-01 -1.068473071473696051e-01 -1.608495498783708011e-01
4.692540180477713929e-01 8.016534119926314872e-02 -1.056910902201811664e-02
4.593830532300289260e-01 8.192817683499561965e-02 -1.185793616765129510e-01
3.954699385503350761e-01 -9.778849084118831914e-02 -5.399537119513844047e-02
3.742655864882127315e-01 -7.821276306676129553e-02 -7.610954731239624738e-02
4.028059057198331572e-01 -7.260467313760088359e-02 -1.549498479103149917e-01
3.803341134142044777e-01 -1.085410542467394636e-02 -1.179640244402990340e-01
4.084621709132241762e-01 1.254439282465138750e-01 -1.091819977663294888e-01
4.099760006951700397e-01 1.286891907284943293e-01 -4.747448475824309067e-02
4.319585790940965730e-01 1.212689754795378688e-01 -1.116595805763788002e-01
3.952613703675783019e-01 7.773836821636337380e-02 3.366438243140192077e-02
4.062872360519001469e-01 1.109362093571179680e-01 1.845932249051038948e-02
4.269038953424849625e-01 9.611836534787986108e-02 2.932691631137292892e-02
-1.381111956436412713e-01 -2.131160741713842011e-01 6.070391658477979242e-03
-9.620375940026930361e-02 -2.007734433402853791e-01 4.790053448035511835e-02
-1.507769945502191178e-01 -1.811816451924918581e-01 5.524822304985867877e-02
1.417325567735916447e-01 -4.649035824045219534e-01 -2.898761588442163584e-01
1.142330843470145685e-01 -4.456168575344496285e-01 -2.550777445324416970e-01
6.372939489980736227e-02 -3.848988781594599451e-01 -3.225636261345901645e-01
1.499580086700038062e-01 -4.266412982030183265e-01 -3.566935385856568330e-01
5.920882869195473464e-02 -4.133037427697428545e-01 -2.944365364208613167e-01
8.631002603840329246e-02 -1.574806364096099920e-01 6.675470004601176399e-02
1.633408391261257919e-01 -1.984815200802723112e-01 3.893807601809053109e-02
1.985419217772881328e-01 -2.245776892545155723e-01 5.686298982180155309e-02
2.554417695186844139e-01 1.196494807227587304e-01 2.974660894384349996e-01
3.168002936574556005e-01 6.993447319925406858e-02 2.860508304155344739e-01
2.934743882967362216e-01 8.700981418552071467e-02 3.017711216111200190e-01
2.073917131248593504e-01 1.373952534943377324e-01 2.753615650491991751e-01
1.979160091346651440e-01 1.010900323619966373e-01 1.048282999514392050e-01
2.586872920040037549e-01 9.886056147956118201e-02 1.297687167704824063e-01
2.591316755063541866e-01 6.798446560941949490e-02 9.946361348423789217e-02
3.284691527571242942e-01 3.251776886924550442e-02 1.190188428951462346e-01
3.479458620218534581e-01 3.151033432489266234e-02 2.371839540255576695e-01
3.429188138000338060e-01 -9.940791169219358181e-04 1.998791488784601722e-01
1.849799027919910854e-01 1.589650206651706255e-01 2.237176194895648673e-01
2.067335333096016470e-01 1.424422042514440490e-01 1.708259705746004442e-01
1.485085910141009102e-01 1.709459723632573980e-01 1.927854850496429628e-01
-1.892744259719492672e-01 -1.215949784221771190e-01 7.958916548084375708e-02
-1.457144880977077062e-01 -2.720261773780472958e-01 2.062088818530937451e-01
-4.224218693907092481e-01 2.805473295996268046e-01 -3.707328993322179245e-01
-4.558048050960964992e-01 2.737969758125445852e-01 -2.763990472998242853e-01
-4.411783505395064364e-01 4.005578346169552661e-01 -1.978397360588687870e-01
-4.139489893889423122e-01 4.618155547154551011e-01 -2.382198954181330153e-01
-3.702052563401643792e-01 3.870161674443179378e-01 -4.580516803722520236e-01
-3.934439811580734414e-01 4.721920748950977909e-01 -4.768872699526622849e-01
-2.730865969814317840e-01 3.907858072223920759e-02 6.366491812330805911e-02
-2.760374460539374297e-01 -4.824504356161003760e-03 8.124239000466673688e-02
-1.869494858800036796e-01 -2.773150918906491097e-02 6.136946311209313248e-02
-2.149924522360829870e-01 1.556424903951414071e-02 1.075109138222875710e-01
-1.684687266754807400e-01 1.432213477912119837e-02 9.796514527962063568e-02
-1.569898141139243752e-01 -1.282082153655232995e-03 -5.517217004815244165e-03
-1.499322607677733565e-01 5.083554051788237438e-02 4.740508844755350615e-02
-2.649119264424406595e-01 6.856492504456487835e-02 1.050515989570080522e-03
-2.720760420100394317e-01 4.384154952665106353e-02 -2.848177238329475947e-02
-1.976221489733847869e-01 6.825370616190380713e-02 1.990507730905088056e-03
-1.700396629747831789e-01 -5.368900561077756539e-02 -1.133765036527673714e-01
-1.484729999249405075e-01 -3.104813307558557112e-02 -9.005735489167872310e-02
-2.253148242553427161e-01 4.921861865842763056e-02 -1.031158346582296548e-01
-2.751182237781083506e-01 3.008964319902493814e-02 -9.345448504059046535e-02
-2.057240249827603229e-01 -1.136832328133852710e-01 -2.617358893085210830e-02
-2.043017450018826953e-01 -1.236816780563533211e-02 -1.446687534668340547e-01
-2.979608644572556697e-01 1.222494449049078835e-01 2.896234477100222415e-01
-3.043483145838791759e-01 8.700838250996795198e-02 1.200189066169934787e-01
-4.324611956308164196e-01 -3.441487098635910291e-01 1.095380325654107811e-01
-4.146053188829199598e-01 -3.955332645763107724e-01 8.681317193445330094e-02
-3.997024259446235184e-01 -4.354960783159299575e-01 -4.634596620989888532e-02
2.720561081048200047e-01 -4.813451021142723385e-01 3.415290725959639895e-01
1.770860730030490438e-01 -4.589189389657872264e-01 3.226245249058465325e-01
2.404613384100812989e-01 -4.627670618899312194e-01 3.492784408069248836e-01
1.975734445828866981e-01 -4.731611362435804713e-01 3.522438946481573074e-01
1.433014869817439696e-01 -4.605490212924172044e-01 4.428148960637098286e-01
3.381279599507805433e-01 -3.494449292453989941e-01 3.637696890380108239e-01
2.805854055781033529e-01 -4.427488988423066707e-01 3.712366913174096617e-01
3.041865881509651648e-01 -4.112248133731005173e-01 4.726331747512255710e-01
1.400570801940479171e-01 -1.409616070395361132e-01 4.125971501326709534e-01
-9.513814746896509522e-02 5.116818147581424225e-02 1.291611262172449037e-01
-1.046373122573758668e-01 -2.634076075123907915e-02 1.339734827533740347e-01
-6.103927981935448888e-02 6.868421187916992632e-02 1.342668913957540122e-01
4.126433150869970173e-02 3.272840834752333006e-02 1.496817453999886860e-01
-1.870104557792101954e-02 2.524128328837693669e-02 1.014263882330795064e-01
-2.299405701484072417e-02 -9.802119912548420966e-02 6.614876689951358635e-02
5.556771522874355551e-02 -1.356758757083144362e-01 8.015185117386226799e-02
4.676137403980241969e-02 -1.952101510034473519e-01 7.503399694875127757e-02
8.223175480720396058e-02 -1.725786911448556615e-01 9.895094885754884828e-02
4.385169221870496847e-01 -9.375482951147814936e-02 3.870048734412930846e-01
3.270409143191213008e-01 -1.693308455738199714e-01 4.497865260435996437e-01
-2.301732953400971171e-01 -1.421971912014182715e-01 4.517766869102312621e-01
-3.202702081908933573e-01 -8.591142059523944330e-02 4.012046838360393552e-01
1.040396759898615242e-01 -1.583138785976840601e-01 4.577116949372531662e-01
-4.274206129968338153e-01 1.568214584863079908e-01 -2.173074747021234709e-01
-3.929533102365742048e-01 2.395540421587638580e-02 -2.935541103589591749e-01
-3.831998481385369693e-01 -2.828557586596409587e-02 1.096855058408056222e-01
-4.114390122467297406e-01 -8.602404367060695334e-02 1.379834549694236301e-01
-4.651582853312410948e-01 -3.597161086249045514e-01 1.087175843121988283e-01
-4.738297660035766246e-01 -4.034634376015026058e-01 8.559652334452930167e-02
-4.496580143270457186e-01 2.693448993755513388e-01 9.963936884194589394e-02
-4.414814927659219124e-01 2.963671803462158971e-01 1.042783003701253097e-01
-4.582614033169223333e-01 3.082008947944550603e-01 7.075019989973807544e-02
-4.084247395743877962e-01 2.652785020106562253e-01 8.593065135841593261e-02
-4.245050684287785536e-01 3.097338816300619913e-01 4.924667259439229061e-02
-3.463601584718270510e-01 1.775336559355363553e-01 8.791469267613875871e-02
-3.192580910114944381e-01 1.732127004330760445e-01 -7.749470225457798234e-02
-3.192502157923296502e-01 1.231012306320462130e-01 -4.543292091085279760e-02
-3.529147132730762748e-01 1.938818497051378043e-01 -1.720159581445864228e-01
-3.191343770563769278e-01 1.939614281814460994e-01 -1.539322800318628504e-01
-4.142966827608820513e-01 1.501995242278516551e-01 -1.691835304962663600e-01
-3.212070804807938273e-01 1.158242379116957849e-01 -1.374060085519990260e-01
-3.439565771766488478e-01 9.042157268966642680e-02 -1.010267230321118537e-01
-3.785009012898026270e-01 8.198101504454020916e-02 -1.794332120927848717e-01
-4.081772931121919745e-01 7.946555388042927937e-02 -1.008015274631302999e-01
-9.559448887877926293e-02 -4.629624480151299237e-01 2.563122465334636835e-01
1.920826423478304013e-01 -4.293969447077869428e-01 5.427068888974821703e-02
-1.825354910724465846e-03 -2.806658468053653821e-01 8.672872216243542043e-02
-1.293416102701699932e-01 -3.837989494728505924e-01 1.733651973451460493e-01
1.517464674737658004e-01 -2.842281311061998217e-01 1.290985797777939592e-01
1.127599421449371475e-01 -2.635926744936085697e-01 1.822848498173201826e-01
6.723201194792607915e-02 -2.366194536044287089e-01 1.227791289381823941e-01
-2.677592621072305001e-01 -2.589703497653238484e-01 3.366624492500103205e-02
-2.674668318223445973e-01 -1.489897331479841658e-01 1.404355655543937931e-01
-3.101412775330249505e-01 -5.114316242143297775e-02 9.258568729608512848e-02
-3.586200497350270355e-01 -5.424990963277867562e-02 1.214204904015488001e-01
-3.380056076974971013e-01 -5.915835305810120126e-02 3.247550666499145200e-02
-2.460843461259137888e-01 -7.334235179210379929e-02 9.742177912123621553e-02
-2.328992249999614350e-01 -8.831139515543967589e-02 8.049967569414299973e-02
-2.242575302245108371e-01 -1.145775004850206613e-01 6.926929069091820879e-02
-2.201652703539070111e-01 -7.905820167990242064e-02 8.689531369762137913e-02
-2.161421723603195455e-01 -1.198716069374244908e-01 9.614620774100039735e-02
-2.102079474573790574e-01 -1.143409965678670176e-01 1.208904625027727442e-01
-2.390852717343003586e-01 -1.694632436424635402e-01 6.830170292014919875e-02
-2.176451144462720477e-01 -1.432461771845096876e-01 8.553648255213749940e-02
-2.199961161357383566e-01 -1.568701118663722305e-01 1.306585834409382252e-01
-2.660773306863709609e-01 -6.264268286619145698e-02 7.440829419938010947e-02
-2.234829278255940355e-01 -1.135241280485217580e-01 3.062811559901326003e-02
-2.296011029655709024e-01 -9.219409083204740951e-02 -1.499714658038600254e-03
-2.589672345254192543e-01 -4.224806349411857620e-01 -1.929560030444084917e-01
-2.795846990836723389e-01 -4.265950107616265363e-01 2.225065665240337845e-02
1.466060231052617076e-02 -1.070977779833127280e-02 4.523312814373525725e-01
-2.051579389814485108e-02 -1.810771423303041139e-01 4.462645056505704089e-01
6.506683960821957324e-02 -1.611878577261035561e-01 4.650817764586011593e-01
3.782907222452987495e-01 -4.782018758429985028e-01 1.712992506857434760e-01
4.076912566886460865e-01 -3.297370811231223886e-01 3.133251677870388385e-01
4.548458270638029988e-01 -3.429107780690929808e-01 1.624344733829606036e-01
-7.098502780958822200e-02 3.768865320554640706e-03 2.292754013151210857e-01
1.484723737933862746e-02 -3.796396559046028713e-03 2.496109068797179031e-01
-7.997888519704439425e-02 -3.179668458858118940e-02 1.973484584758423421e-01
-7.183772998434775903e-02 -9.141781185729125347e-02 2.768893120525538487e-01
-1.818952856380648686e-01 8.604461512007266499e-02 3.581364232814086002e-01
-2.014636411202780919e-01 -6.047533040198036641e-04 3.951074113669552634e-01
-1.286795841183595579e-01 -4.966399105796188290e-02 4.411019324436595279e-01
3.707009294431435481e-02 7.958790606718700589e-02 4.151083267095668217e-01
-8.311359040134741472e-02 1.032869050650971759e-01 4.547586025977054525e-01
-2.094505235253254216e-01 -2.489068168679580140e-01 4.018108229530630848e-01
-1.750483418731690333e-01 -2.112021007086604119e-01 2.656656415765493162e-01
-4.340516290435146307e-01 -3.403563323908565530e-01 3.734534089895791276e-01
-3.424188661076590923e-01 -1.382016186859990614e-01 3.602754143537683085e-01
-2.774196097499173619e-01 -1.723245356552114693e-01 1.826322885708434873e-01
-2.450820197506244080e-01 -3.695450391655282218e-01 1.672139214724547018e-01
-3.859719199404291201e-01 -3.394602054062092478e-01 1.402847460512652022e-01
-3.490998110642508645e-01 -3.285570803392900974e-01 4.555633907463382259e-01
-3.544219569858591545e-01 -1.563728858876008709e-01 2.525942449296109116e-01
-3.427055618132706649e-01 -2.494849431643215154e-01 1.372804502525361015e-01
-3.005922054577117031e-01 -1.727779817702751464e-01 1.591839327745389332e-01
-2.956819194771458381e-01 -1.859547006146417825e-01 1.504384067758557375e-01
-3.273498481857816111e-01 -4.269893086628211432e-01 1.625168297163903930e-01
-3.682447397808688017e-01 -3.942470790508622036e-01 1.390059319403860738e-01
-2.956032172418949777e-01 -4.115241906166324237e-01 1.278859643428296167e-01
-1.486951169708371212e-01 -2.862404110851610728e-01 4.279325334765772260e-01
-1.188404949012287631e-01 -2.850878656816654422e-01 4.672028780970576833e-01
7.748147126174198540e-02 -1.697570028991316482e-01 4.590417784082538311e-01
2.598203981099864168e-02 -3.292744092505570097e-01 4.593494711308451772e-01
-3.451179105790920520e-02 -1.788434249286748878e-01 2.839111251387103074e-01
-1.207591233895444344e-01 -2.330447240870242298e-01 4.057475720076389458e-01
-1.136049617077861812e-01 -2.878152069470782948e-01 4.294416561303970870e-01
-8.259419335723679201e-02 -2.947341105693651597e-01 4.427286222590678944e-01
5.906520671120620014e-02 -3.844809406451118461e-01 4.158511169293901411e-01
-1.145534010433592875e-01 -2.370867938206732417e-01 3.056701798659545166e-01
-6.100908587110771830e-02 -1.825190852798872498e-01 3.139719207243696353e-01
-5.704519158998787309e-02 -2.754975508686922092e-01 2.212274644811307867e-01
-1.286607681457977576e-02 -3.978705423914867811e-01 2.865390799661109988e-01
1.037342432524721442e-01 -3.799900316996902561e-01 3.044548192639719431e-01
7.002290878373611249e-02 -2.886510935915288512e-01 2.360045134629520647e-01
9.884935182692318467e-02 -1.793694940324065124e-01 3.210368975470397346e-01
1.339819716102794989e-01 -2.478817543458552430e-01 2.994978601106421667e-01
-4.917089422820666161e-02 -3.873997167394785390e-01 4.305151420041243293e-01
1.350129870757230954e-01 -2.241913321415217319e-01 2.869963549852804774e-01
1.226296613755117892e-01 -2.305577016616865427e-01 2.512847083966907591e-01
-3.645362625154950353e-01 5.486986218733570786e-02 -3.833568199887223416e-01
-3.179464520788022885e-01 -3.766212696054821452e-02 -3.036432348649126811e-01
-3.063499322579277817e-01 -1.304523155158169301e-01 -3.577561837449628190e-01
-3.429604276262454565e-01 -9.468908968830962170e-02 -2.762384110285879268e-01
-3.014848677630203033e-01 -6.399607345834945615e-02 -4.024134174147927512e-01
-3.148643089629028502e-01 -1.622054132763157616e-03 -3.731114448176305332e-01
-4.471408137076522959e-01 -2.090224147395441101e-01 7.592076555456536702e-02
-4.426020817473724223e-01 -1.883102068254642880e-01 -1.146670495159755714e-02
-4.405898534233393948e-01 -1.635749888458607193e-01 -9.433349261952101231e-03
-4.248784955887985881e-01 -2.675080740698468351e-01 -2.430235448772314066e-01
-4.575480251675856369e-01 -2.791612381576554780e-01 -1.611785993811116757e-01
-4.660010079045547315e-01 -2.000985190955315574e-01 -3.033396041208083482e-01
-3.926682890905558443e-01 -1.050571661558683395e-01 -2.542605538554823519e-01
-4.167868813976703946e-01 -6.158558237024341908e-02 -2.481251607076616073e-01
-4.775806862499789029e-01 -4.578199403555205382e-02 -1.250713492484328837e-01
-4.803773901629014298e-01 -1.177861109779453352e-01 -5.924398412183456974e-02
-2.252229495211345300e-01 -2.433084425059484357e-01 -1.932650408536632225e-01
-2.924835952770029057e-01 -2.486561298174151113e-01 -2.491138132654814319e-01
-2.225044104214015384e-01 -2.790164991984370735e-01 -1.474086068984650222e-01
-3.257331487988984753e-01 -3.032790848527831540e-01 -2.221939006510716685e-01
-3.729964022793437750e-01 -2.522425569647454013e-01 -2.251556746250832630e-01
-3.860771186979830016e-01 -2.485474055791430381e-01 -1.820461478092891272e-02
-4.111389243346533773e-01 -1.985381932220367796e-01 -6.754678760804702642e-02
-3.875064700810421647e-01 -2.856544516690669444e-01 -1.216438924995411064e-01
-4.237283783358289924e-01 -2.540542073299607018e-01 -1.220816693523293500e-01
-2.364828238981901420e-01 -3.669682082372551779e-01 -1.053092436544802168e-01
-1.563483427491404731e-01 -2.795054983327052711e-01 -3.755849499408653661e-03
-1.371901020391611270e-01 -4.442829013895400192e-01 -1.519199146383583554e-01
-1.250775715981302938e-01 -2.691963818321982393e-01 -7.655437494573473500e-02
-1.266136296189059318e-01 -3.452795959616181132e-01 -1.553415929805938012e-01
-8.402510421141452801e-02 -4.287557680983731800e-01 5.993468103771226047e-02
-1.731088956710899462e-01 -2.729694827643346922e-01 -1.125386096442466261e-01
-1.705295144219619308e-01 -2.797476234637135684e-01 -1.505879402041861159e-01
-1.998421341117425643e-01 -2.917990006324419627e-01 -1.298958912978064317e-01
-2.834504063742231128e-02 -2.871411858524992589e-01 -8.905153947401987791e-02
-3.124394802296056456e-02 -3.451762420869156078e-01 -1.269468685973151323e-01
-1.144908859805361494e-02 -3.180431587236826618e-01 -4.055579469062872700e-02
8.713774753062782791e-03 -4.033297355837325848e-01 -4.256954912967547688e-02
2.927106332308229003e-02 -4.182527965478352039e-01 -4.727746944580097505e-02
-2.997473998833366342e-03 -4.123925546745533244e-01 4.883730854975641689e-03
-1.986040037300938754e-02 -3.685976296057457691e-01 4.240088155912074414e-02
-1.370461423635357112e-01 -4.533073583140247442e-01 3.865119039877891183e-01
-3.073830459240071700e-01 -4.534233106087157128e-01 2.885839935672506185e-01
-3.719938193083929812e-01 -4.268090414016774692e-01 3.967812592447775843e-01
-2.455399730381837564e-01 -3.723676517846092882e-01 4.201121174530540459e-01
-3.504590042371346081e-01 4.035104344565220574e-02 -8.304536375174430274e-02
-3.995283732854845171e-01 4.555820753673961443e-02 -1.120120419560896169e-01
-3.453061801170781431e-01 -3.899520111749772699e-02 -7.430153418581792596e-03
-4.518940932712246505e-01 4.243163209136291414e-02 -9.379582382448214961e-02
-4.071989221769080625e-01 1.852246678882129433e-04 -1.594469170066897812e-01
-3.436794846353520838e-01 -8.909741173331414688e-02 -3.766449472871502210e-03
-4.062838592230779144e-01 -1.153685891979580463e-01 -4.146043847274177852e-02
-3.713647692128244637e-01 -1.467734233365511620e-01 -7.511213728366415709e-02
-2.733561454399314750e-01 -1.220324100754286850e-01 -8.873677071254994220e-02
-2.776693479728173930e-01 -1.717361338680113980e-01 -9.441288876247974637e-02
-3.254201824643123686e-01 -1.018915436355740667e-01 -7.986936110721742921e-02
-3.316640631680941032e-01 -1.549518176484768472e-01 -1.030714152917298898e-01
-2.303225272584191186e-01 -1.061177586994555694e-01 -6.981037675588878944e-02
-2.169338336852703886e-01 -2.011590413919791542e-01 -1.301421543745255038e-01
-3.194410603218734157e-01 -7.747240731478693965e-02 -1.447683077358491721e-01
-2.084345891843955578e-01 -1.267051107200269644e-01 -7.299493157351354122e-02
-2.485024828676611064e-01 -3.048766188203054159e-02 -1.156444185759530341e-01
-1.894262270927618286e-01 -1.444511449828058125e-01 -1.184340621580370345e-01
-1.849640303873855973e-01 -1.792982804326753443e-01 -8.947614790607412438e-02
-1.815693609750712589e-01 -1.178615267701091651e-01 -1.935318852724483563e-01
-2.130607097185359955e-01 -7.646476108415903306e-02 -2.166292892138584059e-01
-3.567689607023989407e-01 -1.057156325541098590e-01 -1.810771107514967948e-01
-3.599479594211551503e-01 -1.370786685012869988e-01 -1.327975867612681826e-01
-1.630019269337441290e-01 -1.308008804953147142e-01 -9.308195442305798595e-02
-1.882445824344543550e-01 -8.840067822834270228e-02 -1.091384929507018958e-01
-1.875448919829646732e-01 -1.173508700807138760e-01 -8.194254825167250622e-02
-2.060521632121281865e-01 -4.689167992388246914e-02 -2.004675907701677362e-01
-1.870060485810674522e-01 -6.288211272501198490e-02 -1.327049896004558194e-01
-2.055338140801648561e-01 -3.777579220301637702e-02 -1.549343134733373595e-01
-2.100018473813966557e-01 -1.612225134917268377e-01 -2.412744510367539619e-01
-2.288053142243633431e-01 -1.947234102229516428e-01 -1.986997329929001133e-01
-2.890238424235390680e-01 -1.031003805298370407e-01 -2.516934725823794516e-01
-3.494376106411840599e-01 -1.038185339266186613e-01 -2.298540786216538845e-01
-3.437544976989824197e-01 -1.624385380277329483e-01 -1.961409776200266630e-01
-2.627691406328638291e-01 -1.543750517671321210e-01 -2.687781600771937951e-01
-2.943390838551716571e-01 -1.904979453232640563e-01 -2.351003954229521631e-01
8.882349327706079434e-02 4.092052924214196197e-01 5.000000000000000000e-01
5.686019375979746437e-02 4.308330523985720584e-01 5.000000000000000000e-01
-1.265985003625171301e-01 5.000000000000000000e-01 4.211131699839930076e-01
-1.599353639560677776e-01 5.000000000000000000e-01 3.156770714613759687e-01
-7.505146239239940398e-02 5.000000000000000000e-01 4.571664649624758159e-01
-1.560449661341643257e-01 5.000000000000000000e-01 3.043798161293256310e-01
-9.035178421903533597e-02 5.000000000000000000e-01 2.413074982774652544e-01
2.037760575512284067e-01 5.000000000000000000e-01 3.430733945985386946e-01
1.275580631531862963e-01 5.000000000000000000e-01 2.601140781100728661e-01
5.000000000000000000e-01 -3.651845583749682711e-01 -2.223040956155701020e-01
5.000000000000000000e-01 -4.448999112708472148e-01 -2.357467341068526512e-01
5.000000000000000000e-01 -2.364655150406395345e-01 -3.484371991049402539e-01
5.000000000000000000e-01 -4.787120869878418450e-01 -2.508409947415808361e-01
5.000000000000000000e-01 -4.690072368439084372e-01 -4.415774786516816208e-01
5.000000000000000000e-01 -3.438911019215157849e-01 -4.752339750943462837e-01
-2.261796174693521677e-01 3.242656072907381115e-01 5.000000000000000000e-01
-3.253548031625506654e-01 3.212077489176348721e-01 5.000000000000000000e-01
-1.422173832804019267e-01 4.716633868664332208e-01 5.000000000000000000e-01
-1.674294679054736668e-01 5.000000000000000000e-01 3.086203177482673143e-01
-4.195627184632269580e-01 4.467306284827641805e-01 5.000000000000000000e-01
-3.113430801619383459e-01 5.000000000000000000e-01 2.766920433757079079e-01
-4.096923934984988969e-01 5.000000000000000000e-01 3.898972782074254240e-01
-4.237657947716251261e-01 4.685938554038855397e-01 5.000000000000000000e-01
5.000000000000000000e-01 4.305200128525918379e-01 3.741909755908524593e-01
3.272709016408443250e-01 5.000000000000000000e-01 3.057250534169299039e-01
5.000000000000000000e-01 3.788757003554003022e-01 3.175342941165582022e-01
5.000000000000000000e-01 4.017242138186364331e-01 1.455683728664051713e-01
3.462719472301432067e-01 5.000000000000000000e-01 2.298738602364345796e-01
3.645357114349925820e-01 5.000000000000000000e-01 1.684973327728075121e-01
4.580935207791869690e-01 5.000000000000000000e-01 9.655108779032139932e-02
-1.422173832804018989e-01 4.716633868664332208e-01 -5.000000000000000000e-01
-2.053498558156912068e-01 5.000000000000000000e-01 -4.193113915226223121e-01
-8.532555652626325204e-02 5.000000000000000000e-01 -3.695789355232948492e-01
-8.276643177997392020e-02 4.797243011872391882e-01 -5.000000000000000000e-01
-8.276643177997397571e-02 4.797243011872391327e-01 5.000000000000000000e-01
3.484030252575051612e-01 5.000000000000000000e-01 -3.978743554019499584e-02
3.350011667942405236e-01 5.000000000000000000e-01 -2.425205937216305674e-02
3.707712131664867572e-01 5.000000000000000000e-01 -1.658294157607223540e-02
5.000000000000000000e-01 3.481606693776854167e-01 9.469091401762583238e-02
5.000000000000000000e-01 2.882986455774690371e-01 7.353161371398468649e-02
5.000000000000000000e-01 3.858819502925885936e-01 -1.413632703824479336e-03
5.000000000000000000e-01 1.492990895275783658e-02 -3.118983917004521933e-01
4.982722806363151791e-01 3.451055210363453141e-02 -5.000000000000000000e-01
4.756770940868672026e-01 -7.141857201412554756e-02 -5.000000000000000000e-01
5.000000000000000000e-01 -2.043685035306797015e-01 -3.451036118862817470e-01
5.000000000000000000e-01 -1.867100429652696625e-01 -3.113503866156013267e-01
5.000000000000000000e-01 -1.641170391258577332e-01 -2.760415968355722782e-01
5.000000000000000000e-01 -1.090821874603113556e-01 -2.565677082967479095e-01
2.212948614600573627e-01 -1.045501461682097344e-01 -5.000000000000000000e-01
3.488781651880529244e-01 -1.496858258823799415e-01 -5.000000000000000000e-01
3.145584534356445916e-01 -2.866948262703922778e-01 -5.000000000000000000e-01
1.524728301101958838e-01 -1.552736159135486016e-01 -5.000000000000000000e-01
3.320065019166136278e-01 -3.375965467338890580e-01 -5.000000000000000000e-01
5.000000000000000000e-01 -2.217751472406609692e-01 -3.454360655879247233e-01
-1.124765484749717104e-01 -2.983960327541730906e-01 -5.000000000000000000e-01
-1.183741730734789860e-01 -2.688108143212106782e-01 -5.000000000000000000e-01
-4.364356408541617688e-02 -1.684186583752722843e-01 -5.000000000000000000e-01
-3.578876643433542837e-02 -3.362138083273902844e-01 -5.000000000000000000e-01
5.323326671208754302e-02 -3.175142994590536838e-01 -5.000000000000000000e-01
1.049829274188130296e-01 -1.580797926693350564e-01 -5.000000000000000000e-01
9.785878594327672431e-02 -1.529733730232933353e-01 -5.000000000000000000e-01
5.000000000000000000e-01 2.670191626772556726e-01 -3.768149605734852359e-01
4.255382473241506869e-01 1.419336178950004190e-01 -5.000000000000000000e-01
5.000000000000000000e-01 1.621129359888631716e-01 -1.981656292279002640e-01
5.000000000000000000e-01 2.540448596989846042e-01 -2.653946663782872362e-01
5.000000000000000000e-01 2.690960773802003048e-01 -3.101157878064937368e-01
2.403827290754509405e-01 8.205103661488608729e-03 -5.000000000000000000e-01
4.084973816034499494e-01 1.508699553389822312e-01 -5.000000000000000000e-01
-5.000000000000000000e-01 -2.364655150406395900e-01 -3.484371991049402539e-01
-5.000000000000000000e-01 -3.438911019215157849e-01 -4.752339750943462282e-01
-5.000000000000000000e-01 -4.690072368439084927e-01 -4.415774786516816208e-01
-5.000000000000000000e-01 -3.651845583749682711e-01 -2.223040956155701298e-01
-5.000000000000000000e-01 -4.787120869878418450e-01 -2.508409947415808361e-01
-5.000000000000000000e-01 -4.448999112708472703e-01 -2.357467341068526789e-01
-4.814279658160445230e-01 4.470568677522266943e-01 5.000000000000000000e-01
4.845142700815126269e-02 -3.410433983273623154e-02 -5.000000000000000000e-01
4.851468354373417169e-02 -3.531867478229669399e-02 -5.000000000000000000e-01
4.714410454653511495e-02 -3.394597050353528878e-02 -5.000000000000000000e-01
1.165657644029870210e-01 1.062742380445639845e-01 -5.000000000000000000e-01
8.529606587485531743e-02 2.542470999639517837e-01 -5.000000000000000000e-01
-8.544498969413072409e-02 1.927935793706591072e-01 -5.000000000000000000e-01
-1.176367568864863378e-01 6.655550901489021287e-02 -5.000000000000000000e-01
-1.220299583533131921e-01 8.739774942721792450e-02 -5.000000000000000000e-01
-4.255098246509765869e-01 1.565636265880106515e-01 -5.000000000000000000e-01
-3.253548031625506098e-01 3.212077489176348721e-01 -5.000000000000000000e-01
-4.066817106309394969e-01 8.955574407582114760e-02 -5.000000000000000000e-01
-2.261796174693521677e-01 3.242656072907380560e-01 -5.000000000000000000e-01
-1.190372376731763798e-01 5.000000000000000000e-01 -1.597223260686481960e-01
-5.411325806871394861e-02 5.000000000000000000e-01 -2.598203480339691951e-01
9.304507328445837944e-02 5.000000000000000000e-01 -1.861647714904475226e-01
7.942345824989087422e-02 5.000000000000000000e-01 -1.055205356580785070e-01
-1.154299052487272742e-01 5.000000000000000000e-01 -1.493561516099914388e-01
-1.548744019407490291e-01 5.000000000000000000e-01 1.739940250401304442e-02
1.122759988987733493e-01 5.000000000000000000e-01 1.724693020270430532e-02
-7.423070394084405055e-02 5.000000000000000000e-01 8.423236726163188526e-02
-5.966381364173817259e-02 5.000000000000000000e-01 -3.446179300896141107e-01
-2.987789588339820335e-01 5.000000000000000000e-01 -2.014721285778467152e-01
-3.165353143465590713e-01 5.000000000000000000e-01 -3.244227428265001323e-01
-3.291083403492908732e-01 5.000000000000000000e-01 -2.699955153528992846e-01
-2.435737263815866971e-01 5.000000000000000000e-01 -4.091088024591840178e-01
-4.489851111896809299e-01 -3.337888280767357663e-01 -5.000000000000000000e-01
-4.283130757056500260e-01 -5.000000000000000000e-01 -4.787168827576864238e-01
9.538328777450956475e-02 4.345371887144872658e-01 -5.000000000000000000e-01
1.414566368260281592e-01 5.000000000000000000e-01 -3.898455631310823177e-01
8.882349327706076658e-02 4.092052924214197307e-01 -5.000000000000000000e-01
1.516498694489425425e-01 5.000000000000000000e-01 -3.781874845201184665e-01
3.888674287253892081e-01 5.000000000000000000e-01 -4.472643611518102302e-01
4.226687241573570675e-01 4.287176751325287305e-01 -5.000000000000000000e-01
1.091097268720208763e-01 2.823872194004333758e-01 -5.000000000000000000e-01
3.390002445057934133e-01 2.495081122607422652e-01 -5.000000000000000000e-01
5.686019375979751295e-02 4.308330523985721694e-01 -5.000000000000000000e-01
1.739523672825950551e-01 5.000000000000000000e-01 -2.781286058865817257e-01
5.000000000000000000e-01 3.047632462233447193e-01 -2.576185370500577720e-01
5.000000000000000000e-01 4.437460180279033661e-01 -4.976689144854206659e-01
5.000000000000000000e-01 -2.459667778051111697e-01 -1.487258307888959796e-01
5.000000000000000000e-01 -3.426695144962357831e-01 -1.584247781885463058e-01
4.022597659817481186e-01 -5.000000000000000000e-01 -4.380328196656813056e-01
3.302480752204556280e-01 -3.419145581549854485e-01 -5.000000000000000000e-01
4.100962469720179637e-01 -5.000000000000000000e-01 -2.571450407105281832e-01
-8.544498969413075184e-02 1.927935793706591627e-01 5.000000000000000000e-01
8.529606587485534519e-02 2.542470999639517282e-01 5.000000000000000000e-01
1.091097268720208902e-01 2.823872194004333758e-01 5.000000000000000000e-01
3.390002445057934688e-01 2.495081122607422652e-01 5.000000000000000000e-01
4.084973816034498939e-01 1.508699553389822312e-01 5.000000000000000000e-01
4.226687241573571230e-01 4.287176751325287860e-01 5.000000000000000000e-01
5.000000000000000000e-01 1.520632572616064382e-01 3.464653310766704353e-01
5.000000000000000000e-01 9.850737295378607372e-02 4.469280114908025237e-01
4.255382473241505759e-01 1.419336178950004468e-01 5.000000000000000000e-01
3.001407069292121310e-01 5.000000000000000000e-01 3.267861130867975583e-01
3.075970742816379611e-01 5.000000000000000000e-01 3.198815466407519126e-01
-2.647093301135535204e-01 5.000000000000000000e-01 3.432976514238129245e-02
-3.703471237934468641e-01 5.000000000000000000e-01 -9.391955660118192495e-02
5.000000000000000000e-01 -1.272969118882691375e-01 -4.529911500852176753e-02
5.000000000000000000e-01 5.041617913871417750e-02 -3.233791344710040816e-02
5.000000000000000000e-01 -7.676362441120274105e-02 -1.516606099147971010e-01
5.000000000000000000e-01 -1.333909996997865721e-01 -5.707160394120083802e-02
5.000000000000000000e-01 1.018040416504871065e-01 -1.131763409057661013e-01
5.000000000000000000e-01 1.647816913216512691e-02 -1.372642097628335167e-01
5.000000000000000000e-01 8.536570372388785355e-02 -6.955763356271986442e-02
5.000000000000000000e-01 -1.917745381347608635e-01 -7.875393943251725315e-02
5.000000000000000000e-01 -8.308189091952866701e-02 -1.924873528197832973e-01
5.000000000000000000e-01 1.409978334913998266e-01 -1.435338948596839859e-01
5.000000000000000000e-01 -1.352847237549324455e-01 1.120529860952695911e-01
5.000000000000000000e-01 -2.622989593116388241e-01 1.007073809593439229e-01
5.000000000000000000e-01 2.431578635430663993e-01 8.887167471843637756e-02
5.000000000000000000e-01 9.559197823040366249e-02 4.443711735849888156e-02
5.000000000000000000e-01 2.740073695744828508e-01 7.309687990709903826e-02
2.467630396646659230e-01 5.000000000000000000e-01 4.090595127072292614e-02
4.564583320890873153e-01 5.000000000000000000e-01 5.023254577593308512e-02
3.509258267272236664e-01 5.000000000000000000e-01 -2.163086915033204660e-01
1.343933513139750902e-01 5.000000000000000000e-01 3.354778371237612106e-02
3.509258267272236664e-01 -5.000000000000000000e-01 -2.163086915033204660e-01
1.739523672825949996e-01 -5.000000000000000000e-01 -2.781286058865817257e-01
2.717189115994909088e-01 -4.242976286185556334e-01 -5.000000000000000000e-01
1.516498694489425425e-01 -5.000000000000000000e-01 -3.781874845201185775e-01
5.000000000000000000e-01 1.468899207751576674e-01 3.251817957792562663e-01
5.000000000000000000e-01 -5.804306032881411531e-02 1.683272611140653741e-01
5.000000000000000000e-01 6.450240300994944387e-02 5.370277844730284023e-02
5.000000000000000000e-01 8.357208166659976789e-02 4.517350889349577292e-01
5.000000000000000000e-01 4.075179696784547723e-01 -2.944692074767275500e-02
5.000000000000000000e-01 3.971381336078208535e-01 -2.055291975437920360e-01
5.000000000000000000e-01 -6.263810080840165329e-02 1.688149106150826639e-01
4.022597659817480631e-01 5.000000000000000000e-01 -4.380328196656813056e-01
4.100962469720179637e-01 5.000000000000000000e-01 -2.571450407105281832e-01
-2.513429555956531170e-01 -1.829548489211309803e-01 -5.000000000000000000e-01
-2.439257172751501945e-01 -1.172003059625735255e-01 -5.000000000000000000e-01
-1.707272135911158395e-01 -6.683163294401370247e-02 -5.000000000000000000e-01
-2.405033885592795240e-01 -4.088673058348948897e-01 -5.000000000000000000e-01
-2.548825534038385854e-01 -4.050921302424471682e-01 -5.000000000000000000e-01
-3.439703389960938051e-01 -2.882254014752910765e-01 -5.000000000000000000e-01
-3.519529673914839063e-01 5.000000000000000000e-01 1.810339134898527602e-01
-4.195627184632270135e-01 4.467306284827642360e-01 -5.000000000000000000e-01
-5.000000000000000000e-01 2.670191626772556726e-01 -3.768149605734852359e-01
-5.000000000000000000e-01 2.690960773802003048e-01 -3.101157878064937368e-01
-3.763956996479914663e-01 5.000000000000000000e-01 -2.967863468735942312e-01
-3.719441800612124926e-01 5.000000000000000000e-01 -3.104147264054554767e-01
-5.000000000000000000e-01 3.047632462233447193e-01 -2.576185370500577720e-01
-5.000000000000000000e-01 3.971381336078208535e-01 -2.055291975437920360e-01
-4.716613723767800748e-01 5.000000000000000000e-01 -2.386352361246199538e-01
-4.237657947716251816e-01 4.685938554038855397e-01 -5.000000000000000000e-01
-4.283130757056499704e-01 5.000000000000000000e-01 -4.787168827576864238e-01
-5.000000000000000000e-01 4.075179696784547723e-01 -2.944692074767271683e-02
-3.979133406285284558e-01 5.000000000000000000e-01 -9.340162504960025647e-02
-4.133112840607959804e-01 5.000000000000000000e-01 -4.968067764846061385e-01
-5.000000000000000000e-01 8.357208166659998994e-02 4.517350889349576182e-01
-5.000000000000000000e-01 3.486835388597260554e-02 4.972792291533252307e-01
-4.322580688043256014e-01 3.746657923120575578e-02 5.000000000000000000e-01
-5.000000000000000000e-01 9.850737295378607372e-02 4.469280114908025237e-01
-4.066817106309394969e-01 8.955574407582118923e-02 5.000000000000000000e-01
-4.255098246509765869e-01 1.565636265880105960e-01 5.000000000000000000e-01
-5.000000000000000000e-01 1.520632572616064104e-01 3.464653310766703798e-01
-5.000000000000000000e-01 3.788757003554003577e-01 3.175342941165582022e-01
-5.000000000000000000e-01 4.305200128525918379e-01 3.741909755908524593e-01
-5.000000000000000000e-01 4.017242138186364331e-01 1.455683728664052268e-01
1.500550211526061606e-01 -4.717380608555677979e-01 -5.000000000000000000e-01
1.165657644029869933e-01 1.062742380445639706e-01 5.000000000000000000e-01
2.403827290754509405e-01 8.205103661488598321e-03 5.000000000000000000e-01
2.212948614600573627e-01 -1.045501461682097483e-01 5.000000000000000000e-01
3.488781651880529244e-01 -1.496858258823799415e-01 5.000000000000000000e-01
5.000000000000000000e-01 -5.744707064441210986e-02 4.420961725664535602e-01
1.524728301101958561e-01 -1.552736159135485738e-01 5.000000000000000000e-01
3.145584534356445916e-01 -2.866948262703922223e-01 5.000000000000000000e-01
-5.000000000000000000e-01 2.540448596989846597e-01 -2.653946663782872362e-01
-5.000000000000000000e-01 3.481606693776855277e-01 9.469091401762588789e-02
-5.000000000000000000e-01 3.858819502925886491e-01 -1.413632703824510561e-03
-5.000000000000000000e-01 2.882986455774690371e-01 7.353161371398468649e-02
-5.000000000000000000e-01 1.468899207751575842e-01 3.251817957792562663e-01
-5.000000000000000000e-01 2.431578635430663993e-01 8.887167471843637756e-02
-5.000000000000000000e-01 2.740073695744829063e-01 7.309687990709906602e-02
1.343933513139750902e-01 -5.000000000000000000e-01 3.354778371237618351e-02
2.467630396646659785e-01 -5.000000000000000000e-01 4.090595127072294002e-02
3.350011667942407456e-01 -5.000000000000000000e-01 -2.425205937216319552e-02
3.484030252575051612e-01 -5.000000000000000000e-01 -3.978743554019489870e-02
9.304507328445835168e-02 -5.000000000000000000e-01 -1.861647714904474948e-01
7.942345824989087422e-02 -5.000000000000000000e-01 -1.055205356580784792e-01
1.122759988987733076e-01 -5.000000000000000000e-01 1.724693020270432614e-02
-3.719441800612124926e-01 -5.000000000000000000e-01 -3.104147264054555322e-01
-4.716613723767801303e-01 -5.000000000000000000e-01 -2.386352361246200093e-01
-3.763956996479914663e-01 -5.000000000000000000e-01 -2.967863468735942867e-01
-4.104233186623082452e-01 -2.903675159798497774e-01 -5.000000000000000000e-01
-3.165353143465590713e-01 -5.000000000000000000e-01 -3.244227428265001323e-01
-2.435737263815866971e-01 -5.000000000000000000e-01 -4.091088024591839623e-01
-3.979133406285284003e-01 -5.000000000000000000e-01 -9.340162504960024259e-02
-5.000000000000000000e-01 -4.305934050061118734e-01 3.485554317051425821e-02
-5.000000000000000000e-01 -3.596957275940201870e-01 -1.449814135132488080e-01
4.845142700815138759e-02 -3.410433983273614827e-02 5.000000000000000000e-01
4.714410454653488597e-02 -3.394597050353515694e-02 5.000000000000000000e-01
4.851468354373431047e-02 -3.531867478229694379e-02 5.000000000000000000e-01
3.707712131664862576e-01 -5.000000000000000000e-01 -1.658294157607261704e-02
4.564583320890873708e-01 -5.000000000000000000e-01 5.023254577593305042e-02
5.000000000000000000e-01 -4.295217768283494664e-01 3.864225808377423632e-02
5.000000000000000000e-01 -3.491251526926729687e-01 1.231352603508350796e-01
3.645357114349925265e-01 -5.000000000000000000e-01 1.684973327728075676e-01
5.000000000000000000e-01 -3.559271552372605951e-01 1.286398522573735936e-01
-1.220299583533131921e-01 8.739774942721793838e-02 5.000000000000000000e-01
-1.176367568864863239e-01 6.655550901489017124e-02 5.000000000000000000e-01
-1.707272135911158673e-01 -6.683163294401368859e-02 5.000000000000000000e-01
-2.439257172751501668e-01 -1.172003059625735533e-01 5.000000000000000000e-01
-4.140079019075948441e-01 -1.521659274568406064e-02 5.000000000000000000e-01
9.785878594327676594e-02 -1.529733730232933631e-01 5.000000000000000000e-01
1.049829274188130435e-01 -1.580797926693350564e-01 5.000000000000000000e-01
-4.364356408541616994e-02 -1.684186583752722566e-01 5.000000000000000000e-01
3.302480752204556835e-01 -3.419145581549854485e-01 5.000000000000000000e-01
2.717189115994910198e-01 -4.242976286185556334e-01 5.000000000000000000e-01
3.195539960671749391e-01 -4.364392810251697119e-01 5.000000000000000000e-01
5.000000000000000000e-01 -1.239121059942385888e-01 3.795413262061500537e-01
1.275580631531862685e-01 -5.000000000000000000e-01 2.601140781100728661e-01
3.075970742816381831e-01 -5.000000000000000000e-01 3.198815466407517460e-01
3.462719472301433732e-01 -5.000000000000000000e-01 2.298738602364339134e-01
2.037760575512283234e-01 -5.000000000000000000e-01 3.430733945985387501e-01
3.001407069292121310e-01 -5.000000000000000000e-01 3.267861130867975583e-01
1.500550211526061606e-01 -4.717380608555677979e-01 5.000000000000000000e-01
1.312454574827271736e-01 -5.000000000000000000e-01 4.675470032686762645e-01
5.000000000000000000e-01 -4.305934050061118179e-01 3.485554317051421658e-02
5.000000000000000000e-01 -3.596957275940202425e-01 -1.449814135132488080e-01
5.000000000000000000e-01 -3.357107332972806835e-01 3.298047671487008281e-01
5.000000000000000000e-01 -2.898100083788310299e-01 3.794239512380178647e-01
-5.000000000000000000e-01 -5.744707064441205435e-02 4.420961725664535602e-01
-5.000000000000000000e-01 -1.239121059942386305e-01 3.795413262061501092e-01
-5.000000000000000000e-01 -5.804306032881410837e-02 1.683272611140654018e-01
-5.000000000000000000e-01 -6.263810080840162553e-02 1.688149106150826917e-01
-5.000000000000000000e-01 -4.326770461377269505e-01 9.437824346185909319e-02
-5.000000000000000000e-01 -4.295217768283495219e-01 3.864225808377404203e-02
-3.519529673914839063e-01 -5.000000000000000000e-01 1.810339134898527880e-01
-2.647093301135535759e-01 -5.000000000000000000e-01 3.432976514238129245e-02
-3.703471237934468085e-01 -5.000000000000000000e-01 -9.391955660118189719e-02
-1.183741730734789999e-01 -2.688108143212106782e-01 5.000000000000000000e-01
-1.124765484749717104e-01 -2.983960327541730906e-01 5.000000000000000000e-01
5.323326671208752914e-02 -3.175142994590536838e-01 5.000000000000000000e-01
-3.578876643433542143e-02 -3.362138083273902844e-01 5.000000000000000000e-01
3.320065019166136833e-01 -3.375965467338890025e-01 5.000000000000000000e-01
-2.513429555956531725e-01 -1.829548489211309525e-01 5.000000000000000000e-01
3.272709016408443250e-01 -5.000000000000000000e-01 3.057250534169299039e-01
-7.505146239239941786e-02 -5.000000000000000000e-01 4.571664649624758159e-01
-5.000000000000000000e-01 1.621129359888631438e-01 -1.981656292279002363e-01
-5.000000000000000000e-01 1.492990895275782270e-02 -3.118983917004521933e-01
-4.322580688043256569e-01 3.746657923120570721e-02 -5.000000000000000000e-01
-4.140079019075948441e-01 -1.521659274568411963e-02 -5.000000000000000000e-01
-4.781286559815467463e-01 -9.569729406827838514e-02 -5.000000000000000000e-01
-5.000000000000000000e-01 -2.217751472406608304e-01 -3.454360655879247233e-01
-5.000000000000000000e-01 -2.043685035306797015e-01 -3.451036118862818025e-01
-5.000000000000000000e-01 -2.898100083788310855e-01 3.794239512380178647e-01
-5.000000000000000000e-01 -3.559271552372605951e-01 1.286398522573735381e-01
-5.000000000000000000e-01 -3.491251526926729687e-01 1.231352603508350241e-01
-5.000000000000000000e-01 -2.622989593116387685e-01 1.007073809593439506e-01
-5.000000000000000000e-01 -3.357107332972806280e-01 3.298047671487008281e-01
-5.000000000000000000e-01 -1.352847237549325010e-01 1.120529860952695633e-01
-5.000000000000000000e-01 -3.426695144962357831e-01 -1.584247781885463058e-01
-5.000000000000000000e-01 -2.459667778051111420e-01 -1.487258307888959519e-01
-5.000000000000000000e-01 -1.867100429652696625e-01 -3.113503866156013267e-01
-5.000000000000000000e-01 -1.641170391258577332e-01 -2.760415968355722782e-01
-5.000000000000000000e-01 -1.090821874603113834e-01 -2.565677082967479095e-01
-5.000000000000000000e-01 1.409978334913998266e-01 -1.435338948596839304e-01
-5.000000000000000000e-01 9.559197823040366249e-02 4.443711735849887462e-02
-5.000000000000000000e-01 1.018040416504870926e-01 -1.131763409057661013e-01
-5.000000000000000000e-01 8.536570372388789518e-02 -6.955763356271990605e-02
-5.000000000000000000e-01 -7.676362441120272717e-02 -1.516606099147971287e-01
-5.000000000000000000e-01 -8.308189091952863925e-02 -1.924873528197832417e-01
-5.000000000000000000e-01 1.647816913216512691e-02 -1.372642097628335167e-01
-5.000000000000000000e-01 -1.272969118882691097e-01 -4.529911500852171896e-02
-5.000000000000000000e-01 -1.917745381347608358e-01 -7.875393943251726703e-02
-5.000000000000000000e-01 -1.333909996997865721e-01 -5.707160394120087271e-02
-5.000000000000000000e-01 6.450240300994942999e-02 5.370277844730285410e-02
-5.000000000000000000e-01 -5.703527027994098608e-02 4.649814056425189968e-01
-3.439703389960938051e-01 -2.882254014752910765e-01 5.000000000000000000e-01
-4.104233186623082452e-01 -2.903675159798497774e-01 5.000000000000000000e-01
-4.781286559815467463e-01 -9.569729406827839902e-02 5.000000000000000000e-01
-4.489851111896809299e-01 -3.337888280767357663e-01 5.000000000000000000e-01
-3.291083403492908177e-01 -5.000000000000000000e-01 -2.699955153528992291e-01
-2.987789588339820335e-01 -5.000000000000000000e-01 -2.014721285778467152e-01
-1.190372376731763659e-01 -5.000000000000000000e-01 -1.597223260686481960e-01
-1.548744019407490013e-01 -5.000000000000000000e-01 1.739940250401304442e-02
-1.154299052487272742e-01 -5.000000000000000000e-01 -1.493561516099914666e-01
-5.411325806871392780e-02 -5.000000000000000000e-01 -2.598203480339693061e-01
-7.423070394084407830e-02 -5.000000000000000000e-01 8.423236726163187138e-02
-9.035178421903529433e-02 -5.000000000000000000e-01 2.413074982774652266e-01
-1.265985003625171856e-01 -5.000000000000000000e-01 4.211131699839929521e-01
-2.405033885592795240e-01 -4.088673058348948897e-01 5.000000000000000000e-01
-1.599353639560677776e-01 -5.000000000000000000e-01 3.156770714613759687e-01
-3.113430801619384014e-01 -5.000000000000000000e-01 2.766920433757079079e-01
-1.674294679054736390e-01 -5.000000000000000000e-01 3.086203177482673143e-01
-2.548825534038386964e-01 -4.050921302424471682e-01 5.000000000000000000e-01
-4.116990750727909099e-01 -4.955070453179167833e-01 5.000000000000000000e-01
-4.096923934984989524e-01 -5.000000000000000000e-01 3.898972782074254240e-01
-1.560449661341643257e-01 -5.000000000000000000e-01 3.043798161293256310e-01
-5.000000000000000000e-01 5.041617913871421913e-02 -3.233791344710038040e-02
-2.053498558156911791e-01 -5.000000000000000000e-01 -4.193113915226223121e-01
-5.966381364173813789e-02 -5.000000000000000000e-01 -3.446179300896141107e-01
-8.532555652626325204e-02 -5.000000000000000000e-01 -3.695789355232948492e-01
1.414566368260283258e-01 -5.000000000000000000e-01 -3.898455631310822622e-01
