369 360
1 342
11 14
343 344
470 448
569 570
73 74
590 858
564 577
116 72
376 377
635 637
106 107
85 84
373 371
136 135
366 368
321 711
129 132
133 102
331 346
141 780
491 484
275 222
162 165
454 453
285 235
424 430
28 201
476 477
149 347
557 550
112 56
9 80
41 32
54 51
235 126
240 241
546 433
108 58
149 59
575 576
103 766
329 700
338 340
605 604
568 573
452 770
608 609
230 843
131 455
306 307
545 818
64 136
313 697
26 109
17 555
339 340
93 19
372 374
525 467
305 55
290 304
102 104
117 269
604 616
176 175
155 152
498 863
467 238
552 425
71 9
146 677
209 208
180 181
17 303
444 748
120 395
630 237
381 170
213 214
205 210
567 217
110 350
560 178
52 754
573 605
246 247
545 543
537 539
354 832
625 917
279 280
123 441
309 308
527 530
156 703
542 101
91 85
313 314
345 346
323 327
152 445
76 77
400 403
379 380
419 416
132 768
377 190
145 707
401 404
464 460
616 557
482 477
164 167
227 223
301 294
242 244
99 195
309 154
541 540
533 536
13 12
544 545
16 17
228 574
46 45
577 578
203 108
181 89
599 602
31 1
253 639
82 83
201 449
276 363
72 38
115 116
93 97
443 741
169 92
211 354
280 719
440 442
62 676
171 174
473 475
316 3
485 486
415 799
215 216
539 542
518 519
146 876
277 276
71 702
0 4
472 637
233 126
225 122
274 652
217 118
314 688
570 385
548 546
393 380
20 18
584 585
311 310
325 65
562 566
459 819
614 613
248 635
535 814
336 339
22 63
396 390
388 386
78 80
366 367
583 890
348 349
370 373
402 405
381 382
359 709
30 533
294 234
432 433
413 191
196 193
185 183
623 903
444 443
627 910
480 482
199 203
124 438
11 3
26 540
247 401
602 449
317 316
616 612
65 509
285 283
350 349
48 47
70 331
255 642
598 599
631 633
613 615
413 410
63 148
384 383
376 379
395 392
114 113
49 658
136 137
335 346
439 440
466 802
148 147
472 473
202 203
412 458
505 506
67 689
224 752
206 209
466 285
298 292
638 626
434 747
258 750
291 289
158 25
128 411
273 649
41 119
229 844
241 409
66 328
29 1
351 726
463 113
630 635
405 409
424 422
76 89
209 210
490 488
250 772
221 220
200 246
459 357
592 248
235 239
561 489
287 286
6 7
622 621
433 834
119 558
600 602
39 40
539 214
249 524
347 687
231 884
372 860
625 631
105 107
485 99
108 112
378 381
160 158
599 879
551 839
312 148
231 223
548 833
440 742
194 192
270 825
585 608
329 502
529 447
125 443
46 70
56 343
174 484
508 509
552 551
53 50
276 653
24 23
296 302
62 135
574 575
86 83
109 103
134 276
352 727
636 635
408 399
607 608
499 517
152 64
496 777
499 782
223 847
257 760
632 637
204 196
411 409
160 534
340 501
433 549
219 360
435 738
211 212
636 913
628 909
222 221
326 315
212 213
244 245
503 505
422 553
536 538
588 585
191 391
361 277
580 581
517 790
255 641
278 279
314 690
158 708
584 587
199 107
505 793
281 670
170 165
636 638
118 383
140 142
215 581
184 185
609 886
163 162
367 715
117 460
57 0
272 828
304 142
133 260
251 252
477 478
262 261
542 544
284 285
493 50
295 294
14 15
495 239
179 119
277 654
133 646
306 308
318 319
603 531
617 615
110 109
392 389
348 691
28 192
581 899
333 419
114 115
220 362
106 111
446 445
409 414
449 450
434 736
188 186
488 563
151 154
622 908
483 484
510 587
344 60
181 182
476 481
576 568
81 180
314 153
498 877
270 461
589 852
550 515
601 597
320 318
578 842
417 516
582 583
627 591
353 351
85 42
51 49
615 616
402 243
87 88
556 423
88 89
150 149
17 559
494 483
338 321
604 885
210 171
21 12
511 513
243 204
264 821
581 614
414 208
533 537
24 22
16 18
283 282
541 806
618 617
589 590
522 420
537 808
340 788
261 644
253 640
330 335
144 733
341 344
352 353
399 205
256 156
342 345
350 694
222 279
562 613
576 368
386 387
419 420
492 490
122 462
346 701
302 249
481 480
437 739
485 487
4 34
634 466
68 692
558 556
606 898
625 911
478 303
439 232
190 165
341 334
584 586
23 698
56 57
76 35
288 300
574 577
558 569
211 116
77 36
356 354
141 286
90 91
166 86
137 288
123 124
403 407
426 427
174 175
425 431
354 816
229 227
624 905
197 194
510 511
241 237
521 520
305 487
192 201
522 521
25 60
535 805
555 554
547 550
293 139
59 58
59 323
27 25
65 137
63 64
362 360
621 620
599 452
104 101
120 454
74 78
378 569
373 374
336 343
447 296
333 45
377 380
494 492
162 168
598 878
225 224
268 823
495 493
269 266
528 526
105 200
218 220
83 32
273 650
389 224
279 846
295 296
554 556
277 656
603 906
212 38
347 348
289 486
92 94
508 795
432 836
122 121
487 479
464 761
198 196
446 447
50 218
609 590
453 751
147 150
180 184
224 370
406 410
597 881
274 865
577 228
630 914
254 663
273 267
91 376
265 263
131 183
524 523
310 679
24 322
506 325
546 547
388 226
331 329
579 580
21 289
324 326
582 850
512 791
519 421
124 386
250 233
430 429
77 81
150 151
169 164
351 815
172 169
431 429
404 412
127 283
183 184
114 84
145 337
165 166
49 220
198 199
530 529
358 831
349 108
260 259
127 669
415 547
323 320
290 143
275 280
315 316
574 576
159 334
9 426
138 311
422 564
14 95
61 27
300 309
319 322
607 609
7 730
54 662
496 778
499 783
333 342
496 140
352 355
8 731
79 117
412 406
493 480
32 5
367 749
385 388
13 28
454 753
415 416
606 887
34 87
617 142
503 794
540 532
568 222
436 740
522 520
355 114
514 516
37 213
594 130
125 820
246 472
515 516
19 20
156 434
197 206
20 21
143 729
52 53
603 601
481 495
573 578
18 176
53 54
404 248
263 129
213 537
525 803
418 417
429 426
440 435
73 4
451 450
141 144
442 746
411 413
455 456
308 28
185 186
230 374
488 489
207 210
186 187
624 907
218 219
170 179
529 526
59 348
20 11
614 606
252 253
543 811
129 39
547 552
587 588
38 37
557 565
430 232
71 70
536 807
402 398
98 172
104 103
435 431
166 163
502 786
475 769
25 160
178 173
450 452
526 447
10 36
266 263
471 632
269 268
517 519
33 177
299 296
2 418
251 256
291 292
42 82
321 320
292 293
482 8
582 849
51 50
623 621
95 93
318 696
572 841
357 358
535 810
624 622
287 299
524 800
423 424
359 705
421 500
357 744
611 889
136 287
195 193
358 745
457 867
464 763
396 219
553 840
597 883
490 491
531 529
253 255
638 920
10 39
3 0
553 552
67 695
516 521
81 184
69 704
284 629
58 57
144 734
328 326
94 95
397 398
623 624
139 511
423 41
95 96
501 784
294 305
226 436
407 182
461 827
146 672
163 87
160 161
139 138
387 389
419 421
62 678
121 764
444 743
223 366
493 492
232 42
492 118
302 286
194 195
312 596
366 716
619 896
227 228
530 531
68 320
591 281
31 29
479 305
475 451
75 72
234 245
334 332
541 545
345 341
593 592
633 628
64 62
111 30
151 66
629 630
241 405
297 306
356 355
27 710
448 474
60 69
335 682
463 459
426 428
454 755
179 178
161 538
406 189
238 233
230 229
361 712
201 202
189 456
271 266
390 217
550 584
525 527
544 540
231 229
256 667
5 2
558 560
264 262
610 607
221 566
337 332
515 518
539 812
507 514
27 26
61 693
559 561
30 31
322 325
548 551
414 408
600 598
592 594
363 362
355 358
134 655
318 67
396 395
527 469
532 26
34 164
375 722
565 553
484 485
583 607
315 298
371 724
466 467
245 468
497 311
360 714
308 295
507 504
191 384
499 500
549 586
510 515
242 206
532 533
187 90
628 915
162 182
554 557
312 880
437 422
628 627
429 9
266 131
141 774
362 364
200 451
432 837
258 392
154 600
468 467
579 892
453 258
137 138
157 345
465 461
475 771
278 900
188 189
167 166
572 565
303 291
254 664
6 562
575 570
254 255
43 480
236 237
583 610
269 270
328 325
538 809
561 563
634 633
592 636
364 363
572 578
582 851
97 19
315 507
74 72
523 801
47 54
387 388
44 659
121 125
420 421
431 430
443 441
80 352
262 100
311 779
619 895
611 891
272 824
468 470
370 721
486 487
465 464
538 534
271 864
22 797
626 912
272 271
571 567
601 446
393 188
324 317
3 2
126 481
286 290
219 120
68 67
47 44
134 49
497 775
390 383
69 68
448 244
153 147
331 333
372 371
10 247
283 671
580 894
382 384
321 145
405 404
397 400
66 300
187 181
179 177
48 660
596 874
208 240
139 140
460 461
471 470
365 717
622 904
504 503
548 838
256 666
478 486
37 106
559 560
257 258
42 41
260 263
580 619
560 561
193 93
571 570
130 10
625 626
227 845
323 324
319 699
378 376
86 88
337 344
489 478
327 150
216 728
188 257
455 866
245 238
445 528
238 235
456 457
489 491
536 157
185 79
365 275
182 190
252 254
504 326
55 234
5 4
329 330
173 491
528 804
82 80
588 855
29 74
415 518
45 427
60 61
510 792
75 77
382 377
128 52
134 657
502 787
101 214
268 211
86 91
126 127
159 161
595 871
189 183
389 394
513 509
462 463
226 228
496 497
259 261
290 477
12 11
44 43
417 554
135 310
562 563
594 595
34 35
627 629
79 186
65 22
259 647
257 457
155 446
428 46
100 101
132 133
399 397
391 393
159 681
359 706
414 413
73 83
144 143
324 339
591 868
330 684
370 720
177 176
317 336
316 520
35 92
509 506
153 313
207 204
199 200
513 512
243 242
523 525
631 918
37 30
236 239
524 526
195 207
328 327
278 735
156 71
602 603
465 826
620 471
353 356
590 857
364 365
528 882
501 785
382 190
596 873
438 436
605 613
84 124
146 673
215 278
332 683
406 403
379 386
398 399
439 437
175 98
523 250
113 123
244 197
483 479
14 0
619 897
246 243
585 612
13 306
198 202
250 249
260 262
519 522
571 569
96 196
351 157
51 44
128 758
586 589
208 494
586 854
611 618
131 130
403 180
361 363
465 829
164 163
7 216
1 56
394 396
372 723
498 862
438 439
449 448
361 713
168 169
332 686
460 463
479 476
242 240
282 47
43 668
249 773
36 400
575 385
125 859
194 55
597 445
380 187
69 145
75 76
367 369
16 291
637 638
97 99
629 634
142 781
458 757
267 259
474 472
307 66
506 504
621 527
251 665
167 177
500 502
425 737
532 534
167 33
237 128
293 288
606 605
304 303
555 559
566 568
390 571
236 284
610 611
587 856
299 309
111 109
159 680
119 378
632 634
112 110
104 106
392 393
604 572
374 375
92 397
122 123
579 893
594 872
407 408
23 153
418 423
437 436
273 822
280 718
469 468
457 759
620 902
490 118
473 474
513 138
304 293
100 643
307 298
226 230
450 203
8 7
274 651
270 272
369 394
343 342
40 75
205 408
127 43
473 451
579 618
299 155
418 521
85 82
458 593
543 817
530 469
350 767
373 225
275 364
442 441
129 130
391 395
174 173
35 94
453 756
417 16
135 675
284 282
564 565
543 542
39 105
265 268
15 13
497 776
588 140
617 612
261 648
339 338
383 381
631 632
147 24
512 796
593 870
498 861
365 368
48 661
596 875
520 507
427 428
442 444
512 508
63 798
217 218
416 427
88 73
356 116
633 919
310 674
102 645
359 158
452 349
143 8
21 19
347 598
626 916
301 302
387 225
563 567
96 198
121 371
53 236
334 335
313 312
593 595
612 608
32 33
556 564
541 813
394 385
368 369
98 99
401 402
441 438
551 835
412 411
265 212
2 18
12 297
434 435
107 40
379 90
462 762
233 301
168 171
456 458
508 505
281 48
500 501
132 105
471 474
113 357
514 292
482 488
267 271
534 535
23 319
566 567
70 251
618 614
264 265
476 301
214 264
57 317
600 601
157 31
531 623
573 848
503 789
375 231
78 353
216 732
610 888
171 172
375 725
620 901
514 511
202 15
518 517
462 765
297 289
549 589
221 6
282 281
103 544
420 336
337 338
89 87
36 81
15 58
161 341
100 102
398 204
410 407
455 595
29 78
61 110
152 148
384 391
115 117
459 830
120 52
46 252
591 869
330 685
425 428
6 215
469 470
274 267
432 853
