920 847
865 704
913 698
768 844
770 841
734 702
879 885
866 711
914 797
719 820
672 681
908 811
692 833
906 887
694 839
658 819
750 783
802 821
773 815
878 886
868 677
709 641
769 845
755 791
675 682
864 707
780 701
772 816
803 812
687 857
902 846
656 778
869 678
800 807
688 858
818 742
905 899
647 860
801 808
767 840
724 640
674 685
817 743
904 900
774 726
729 703
691 838
775 700
754 796
883 889
804 809
870 699
826 684
771 842
882 810
708 664
689 834
761 785
756 789
828 683
643 741
714 856
657 776
872 884
892 667
916 716
715 854
669 832
762 786
753 792
728 747
645 740
917 717
671 823
763 787
721 836
880 890
693 835
733 727
894 736
915 649
874 849
655 765
862 893
918 718
813 738
662 779
760 784
732 746
759 794
652 723
751 790
653 764
735 748
710 737
676 680
752 782
758 795
863 814
661 679
777 665
911 873
919 648
690 852
668 831
660 827
651 705
725 837
909 875
903 898
712 855
850 642
730 744
907 895
829 686
659 830
877 891
766 739
901 848
881 888
867 788
731 745
644 859
720 799
781 666
910 798
646 843
749 853
713 851
670 825
871 696
757 793
912 697
650 706
