1.036082946127367538e-01 8.074325938890258847e-02 -1.400909404312607465e-01
1.204670645487618125e-01 2.565452013177018653e-01 -1.390914807994606539e-01
9.995654014667974818e-02 1.745231962599798348e-02 -2.175319436519097815e-02
1.256200119611159682e-01 2.503531978819747983e-02 -7.458093871946040732e-02
2.173139064714035840e-02 1.227739405745922052e-01 -1.080003180029696502e-01
5.558392039346789909e-02 5.604167057666683410e-02 -2.840953467870096366e-02
-1.499869965661383142e-01 -3.882091941288051684e-01 2.638202541309552784e-01
-1.309109166249535772e-01 -4.642307811721261834e-01 2.032708933252178884e-01
-9.373795956641445271e-02 -4.472030577165392873e-01 1.471552313182333538e-01
1.798343975231270764e-01 2.704654809390009684e-01 2.177409232883182055e-01
-2.772374129624203820e-01 1.264400264099982407e-01 -2.493309502139161582e-01
1.106429493482898874e-01 -2.878709559979784546e-02 -9.182041100140242440e-02
1.140537958436860372e-01 -1.055343398667281801e-01 -1.067655002972500017e-01
1.345798715843502247e-01 -1.423059769723417356e-01 -1.547455269023283453e-01
8.641908768964633170e-02 5.444473270751307853e-02 -1.742996702690625122e-01
8.939219327751296573e-02 6.411628429746886459e-02 -2.396778531001906576e-01
1.322075329529701082e-01 -1.504607719990281867e-01 1.055130141955337025e-01
8.868073041420621028e-02 -2.218769210911778200e-01 1.564524300147752678e-01
8.364787135773985027e-02 -3.412660384504002248e-02 -3.539257467470952045e-02
5.966349497882335318e-02 -6.524108612269262364e-02 -9.341356109682477649e-02
7.680017476190119374e-02 -4.707569381961244914e-02 -8.119292891366648723e-02
9.032344887279863954e-02 -8.160402260593054014e-02 -8.639628029762412564e-02
4.616761262018537204e-01 -2.063773440054470221e-01 -2.232728045410256879e-01
4.688451946517268598e-01 -1.387981687161806976e-01 -2.944146835344413349e-01
4.539586783012440896e-01 -1.548137727677429132e-01 -2.697951271924472483e-01
2.798663365559631577e-01 3.423424053006354772e-01 -4.508871742788178594e-01
1.033457911927430362e-01 3.562512063492824788e-01 -4.532347646449227385e-01
2.135853173650314185e-01 2.716153002467660560e-01 -4.652058307968450768e-01
8.238801381310845162e-02 -1.731575782785965412e-01 -2.566606093682071710e-01
4.057115773898974792e-02 2.564099363752584404e-01 -9.817181523875767590e-02
5.203079136741763089e-02 3.260130488457569919e-01 -2.586632827017496528e-01
8.961504557951700811e-02 2.925078530720447434e-01 -1.496749180699192550e-01
3.906500279124505010e-02 5.716197499842264051e-02 1.423938321889428940e-02
2.944315581152430819e-02 3.423190152690372412e-02 1.107097293617245563e-03
-6.144369826215329011e-02 8.323041906958314473e-02 -1.427667535948009270e-01
-8.986352424285233564e-02 5.728790318282911409e-02 -1.803162256151149001e-01
-2.272566266151337111e-01 9.958644972883934354e-02 -1.935294080774390413e-01
-7.911024837851658720e-02 2.937062054627312957e-01 -2.912316117815313965e-01
-1.278548108712717624e-01 2.866946582888161288e-01 -2.290348645427875418e-01
-2.235800474882432554e-01 1.286136934484626293e-01 -2.759816080787267922e-01
-1.620812024704459675e-01 1.443202299999550575e-01 -2.524287548087888466e-01
-5.172120370663330427e-03 1.137400500230321132e-01 1.996810373921287241e-01
-2.444363374239208117e-02 1.795573087847783522e-01 1.864289993643865606e-01
-1.827588963766233754e-01 -4.461399400853603425e-01 2.592395340160477679e-02
-3.142287160987688455e-01 -4.160098278626702673e-01 7.654523630933204870e-03
2.553103409890115638e-01 2.652285473347762990e-01 2.161027278311035693e-01
2.621822075658397644e-01 3.016611748308775653e-01 2.492632412946801101e-01
-3.549308131099930264e-01 -4.192052744320980961e-01 -7.215212331873660512e-02
-3.839134777242058094e-01 -4.621838062157401228e-01 -1.163565645179316932e-01
-3.493905579203619438e-01 -4.290739786840611081e-01 1.464581257265892833e-01
-3.623591764836379681e-01 -3.385929386629735749e-01 2.836903563264827136e-02
-3.700756573723407161e-01 -3.728451147409788113e-01 3.161657378679554042e-02
-4.337027755159480469e-01 -2.259450197695057616e-01 8.413049323388309755e-03
-3.683153321631607024e-01 -3.296195807702314573e-01 -1.712666938324198390e-02
-3.912043583252311496e-01 -3.709192629887175796e-01 -2.121717680601462389e-02
-2.336920228893794860e-02 -2.097552043153863011e-01 -1.796924149357084222e-01
1.620624195721586946e-01 1.972595216638665383e-01 -1.616492044649438797e-01
1.585957076399659715e-01 1.279487153547125833e-01 -1.615297996287086146e-01
1.369550816881469624e-01 8.851170287993503916e-02 -2.920027070975597661e-01
2.413572066759182011e-01 2.413536793918452661e-02 -3.313908307474451864e-01
2.901041785900556058e-01 2.633187953902914047e-01 -4.156938474129447392e-01
2.084443678851644055e-01 1.837353696769783162e-01 -4.518385286435823156e-01
3.857195949857563644e-01 -4.035523897904423896e-01 -2.125416040335653400e-01
4.350789667064353106e-01 -3.161968093836790561e-01 -2.602356431906835965e-01
3.761757373322522358e-01 -3.552421882161787003e-01 -2.102987556282839010e-01
4.464260115557661668e-01 -1.832496481762030949e-01 -8.848080556875366487e-02
1.915455909288351632e-01 -1.838209443768392681e-01 -1.981933526903684462e-01
4.562133748808224754e-01 1.150362170125906608e-01 -4.664908895005071554e-01
4.233890320600683377e-01 1.590828896069718112e-01 -4.110958841396072372e-01
4.280452248766350443e-01 2.121233720932866884e-01 -3.973535968682698760e-01
2.567139456082879190e-01 3.821100939470157831e-01 1.909861581969043987e-01
1.969615732048578260e-01 4.162251724705190448e-01 1.958026460332617236e-01
-1.258128568473059761e-01 2.635472840322360955e-01 -1.531036572082518921e-01
-2.624382940518748750e-02 1.900542426228535864e-01 -7.608675919227231299e-02
-2.226617249496231493e-02 2.390124835460825936e-01 -7.843063731827731866e-02
-1.685723340335981146e-01 1.501602857678977498e-01 -1.993782863485556722e-01
-1.495045032335569068e-01 1.231236210847820450e-01 -1.788862056810533729e-01
-1.944125744984255555e-01 1.361486988570664580e-01 -1.934673127252641012e-01
-7.926197452226729431e-03 2.718656253858721117e-01 -4.587293947358737217e-02
-3.035864000564063581e-01 2.261580121573986968e-01 -8.139003813132793252e-02
-3.667700699174847312e-02 2.516769222726658040e-01 6.738298243443946456e-02
-2.317012294349490575e-01 1.320675041453311105e-01 -1.733527619981119761e-01
-5.157669806530019302e-02 2.130666939718584285e-01 1.195027292838914817e-01
-3.030136637910752634e-02 1.886935156579593598e-01 6.097696267893161493e-02
-1.669895629795450642e-01 2.719073028625287325e-01 1.425926530364517719e-01
-1.042857096791076771e-01 2.226181801449788056e-01 1.464238689889847955e-01
-9.264435681222120411e-02 1.711250108060315966e-01 8.612104033031292571e-02
-1.010682419272735805e-01 1.108073036412172696e-01 -1.431976972754494815e-01
-1.003792034099506569e-01 1.384961827463486173e-01 -1.324937242176015550e-01
-1.357667617296605678e-01 1.244095630058562607e-01 -1.433339193206394080e-01
-1.972258626274062954e-01 1.707098661009120166e-01 1.142073144280567054e-01
-1.281686206503126202e-01 1.779051252042503639e-01 1.201101279403329475e-01
-8.976254163677188647e-02 1.760990488466235987e-02 -1.852855203422780483e-01
1.483629643890726525e-02 -4.938055492682845438e-02 -1.296311411653490453e-01
-6.911481594275836748e-02 3.043605843249807055e-02 -2.012763605801311251e-01
-2.237551775938939613e-02 2.194705602672068767e-02 -2.043189263084900231e-01
-3.020632871510276624e-02 2.229200756497815017e-02 -2.417995854503234843e-01
2.181132717363675963e-02 -7.045029132849257858e-02 -1.008796368541375471e-01
-9.516175784704115903e-03 -8.610870543536613964e-02 -7.232895592325835898e-02
9.437959562071922964e-04 -1.096923270818237206e-01 -8.407482856743102306e-02
-1.923259181364811998e-01 4.161505363729512963e-01 -4.598651777935484075e-01
-1.309067931785042327e-01 4.148016756187468124e-01 -4.161332777874309219e-01
-1.672788841974607033e-01 2.092246639941304220e-01 -4.745449829544513554e-01
-7.291648622942799307e-02 2.082639203065035638e-01 -4.690409243601533218e-01
-1.000100358274561979e-01 2.006336805597657980e-01 -4.497710436745853135e-01
-1.593258259407114574e-01 1.026920322528448587e-01 -3.585899567498783136e-01
-8.644202153004752753e-02 1.536771920487567389e-01 -3.874103578966496264e-01
-1.061045421040474751e-01 1.192704309742240038e-01 -3.430139187618291841e-01
1.017189294463832078e-01 7.997053658297571810e-02 -3.844164982875876158e-01
9.382957812986598978e-02 1.748558350210628332e-01 -4.191675218784741141e-01
1.398543529969281385e-01 1.494156249663927682e-01 -4.293303582513346428e-01
7.706663292866786086e-02 1.194173750227570524e-01 -4.085275030213145753e-01
1.152318172305516752e-01 1.249012395944273796e-01 -3.960800701279085789e-01
-2.195921279816455129e-01 3.898252671585152318e-01 1.287675070697911484e-01
-1.788215218038331222e-01 3.332269260452446757e-01 9.418823950559801483e-02
-2.650101535261250030e-01 3.253291837243637574e-01 -4.929011314300528468e-02
-1.588906946897971073e-01 3.592585756582383771e-01 -9.295192377525635097e-02
-3.415624945099025589e-01 3.494075096231517574e-01 -8.913277101543214120e-02
-1.545525646822268617e-01 -1.912825027579080905e-01 1.071782486934050732e-01
-4.719491899365200333e-02 3.681944940206972883e-02 1.797864454548908919e-01
-4.055041119574237518e-01 -1.800310590692422996e-01 9.198744605030917398e-02
-4.016202316928152438e-01 4.085193228371619134e-01 3.765951401752382077e-01
-3.194483333653570512e-01 3.519651920198473838e-01 2.156856634924280702e-01
-2.140054610386821488e-01 3.414374505056362863e-01 1.752462030281991823e-01
-1.872478924658529387e-01 2.479648771383990979e-01 1.908020963121875857e-01
-2.438641583011930680e-01 4.728689129063278207e-01 4.795786096508258822e-01
-1.134799753379032855e-01 -3.917195024682633142e-01 -1.145886991757811141e-01
-1.494544887835177471e-01 -4.445013847782213201e-01 -8.887166047215980247e-02
-4.067677335393900528e-01 -2.122769777213545650e-01 -4.976943119415271066e-02
-2.650111973231858986e-01 1.565174468638617089e-01 -2.995683833782212258e-01
-3.143893911407996122e-01 1.353166789286387173e-01 -2.611922516398959004e-01
-3.344202990234886319e-01 1.381313838881826073e-01 -2.058157904927193638e-01
-2.265127708873732049e-01 1.420060034655691306e-01 -4.313025993292673443e-01
-2.283743164456353558e-01 1.793244365467683843e-01 -4.772384042178787755e-01
-4.197799210187437291e-01 -4.728246464920634051e-01 1.795179714924188541e-01
3.768033354801418877e-01 -3.895208834935383058e-01 -1.152765188514015410e-01
3.414773171540642638e-01 -3.481567214357198514e-01 -9.115628261660370379e-02
3.640888475184846929e-01 -2.994728288031630603e-01 -5.059459654999839961e-02
3.974876231865129839e-01 -3.019707527415684267e-01 9.336866159739018109e-03
3.310497609112541539e-01 -3.078916053804877651e-01 5.002849199523626278e-02
3.339606759975149997e-01 -3.696120626790733721e-01 1.640331256686355377e-01
1.163059308262410774e-01 -4.824844141190651747e-01 -5.192124887890439688e-02
2.200526706836985202e-01 -3.888364156868083232e-01 1.673223572565420425e-01
1.099233101285923692e-01 -4.611999946432987496e-01 1.110508007890970983e-01
1.171619839524213058e-01 -4.978583838760328173e-01 8.484049340870514211e-02
4.624894503326473783e-01 2.307697144308210602e-01 -2.858973195308508464e-01
4.828599039572569196e-01 -4.880796775721822911e-01 -3.057217131586841274e-01
4.140940575196169204e-01 -1.608721194627862339e-01 -3.108079602034497513e-01
4.042917425797452613e-01 -2.876995247338882122e-01 -2.995061751580891385e-01
2.750635859664233851e-01 -5.726237796685455100e-02 -3.320955571071639856e-01
3.173897065296698017e-01 -8.589382623407493256e-02 -2.876795610622331911e-01
2.463121676648846459e-01 -1.373445414988133106e-01 -2.628753030351773656e-01
3.067051258055734642e-01 -3.324121793700452465e-01 -2.779514751642334636e-01
4.472094550693153092e-01 -1.560592374451638120e-01 -3.799530914823264216e-01
1.791624849785664331e-01 -2.220120799579237691e-01 -2.762883574074546655e-01
2.055310715714867287e-01 -2.994564910011807690e-01 -2.894003213380250683e-01
1.836798757641351365e-01 4.822009348747668400e-01 1.990028384916832371e-01
1.183145838444653597e-01 4.071234606746361728e-01 -1.536086911141155975e-01
3.157755678293671098e-01 4.112699379295626789e-01 -4.645970046494566352e-01
3.412266809996843397e-01 4.656405444952991801e-01 -2.384319056870143061e-01
2.739882766377032541e-01 4.145762186522549131e-01 -4.221281030705260617e-01
2.585900076863046348e-01 4.400780371645424682e-01 -3.045975067490996890e-01
-1.327430959980532843e-01 -4.093590611504547769e-03 -2.999833980242306436e-02
-1.150205819350545028e-01 4.504167540385665969e-02 -5.868035201778816490e-02
-6.921811294561641681e-02 3.273483630381728710e-02 -8.772894066874584174e-02
-1.450061692255348589e-01 -1.438998443039940511e-02 9.832451768932057648e-03
-8.871420122015243048e-02 4.146661424395251677e-02 2.167859478994811975e-03
-1.181324813769035406e-02 2.304527278572303384e-02 -9.682081886639005638e-03
-9.564833569654723755e-02 -4.609379664841121299e-02 -6.609632843955459691e-02
-8.006904279955721904e-02 -3.348778860268226965e-02 -1.005299535964238461e-01
-1.178954760622433068e-01 -3.758933165099925811e-02 4.472444948526767272e-02
-7.428461153806581452e-02 -6.951423553594111848e-02 -5.507293712638265670e-02
-5.350344521403187226e-02 -6.278895139406531767e-02 -7.032768471676353883e-02
-3.769683138862684607e-02 -1.057420148894451101e-01 1.591570737134827968e-02
-3.743138394672110292e-02 -9.880595603687909734e-02 -2.200985716043663692e-02
-9.443830433787343132e-03 -7.463294618396584812e-02 -3.468838455164099943e-02
4.320857174472308299e-02 -3.369300836124815290e-02 -1.377482012569046857e-02
2.779560508862149310e-02 1.286600107224706788e-02 1.655761293043103710e-02
-2.976456883943965140e-02 -6.703091310500729205e-02 5.142536199539048808e-02
-3.363035528389558826e-02 -1.073035111322738662e-02 6.077543077630773866e-02
-2.347158018473477492e-01 1.136206017499904602e-01 -1.433847100124089058e-01
-2.233451091665701882e-01 1.088084181632448105e-01 -8.629426896821346116e-02
-1.867832622695966283e-01 -1.192144559678930821e-04 -9.045358538192408912e-03
-3.187518373227083979e-01 1.442778680282367776e-01 -1.393534811699517484e-01
-2.721908057645466839e-01 1.320076003099077133e-01 -1.489205709114278520e-01
-3.029372485460088416e-01 1.722355142274332451e-01 -1.056630678194627193e-01
-3.079733985697200027e-01 1.687818435640302817e-01 -4.742466523662422495e-02
-2.467734849113778772e-01 1.580626909305630767e-01 2.985779906441665341e-02
-4.075168885131360552e-01 1.018091797615792993e-01 -6.787273179758059050e-03
-3.920620640516908617e-01 7.585972316372194268e-02 -7.824753621460485420e-02
-1.806364005178143772e-01 -9.918292184021085256e-03 4.354826306070780362e-02
-2.508226368867624290e-01 -7.314252408019078500e-02 3.753004103407829584e-02
1.345318535278166791e-02 -1.348414120656942494e-01 -2.614680690255025142e-01
-1.262462232499963859e-02 -7.934599726754854032e-02 -1.967682744287710395e-01
-4.250948282804430794e-02 -1.640539039787263231e-01 -2.127480991307168501e-01
-4.731823740851081456e-02 -1.245721318792427368e-01 -1.896527798769530593e-01
-5.046285984551682202e-02 5.594343652061887009e-03 -2.292251147593356575e-01
-7.704358609770509125e-02 -1.947370693963414445e-01 -2.104208426133435395e-01
-2.773212476474020208e-02 2.934314309575466323e-02 -2.781062876968278252e-01
-4.151274712242290776e-02 4.666752551084080158e-02 -3.440628699095659160e-01
-1.374711781395797361e-01 8.041016292282206906e-03 -3.791803600505169181e-01
2.650145370227455222e-02 -1.234804038942822757e-01 -3.042684094231786207e-01
1.036637440130260338e-02 2.286420155847371585e-02 -3.198594689279042891e-01
1.085706876219262595e-02 3.031250003195039983e-02 -3.586632087774880295e-01
-1.366233074789094393e-01 -9.557610711699546235e-02 -1.969850034233328606e-01
-1.290772063263473934e-01 -7.116746335507698196e-02 -9.768953299722987760e-02
-1.023308484472627428e-01 -1.919872701369519374e-01 -1.692339519293671046e-01
-9.326023584265862032e-02 -1.285437913130867138e-01 -1.769642351472849318e-01
-1.558852383326517210e-01 -2.071452331289005411e-01 -4.029625574240799923e-02
-1.054485956794753293e-01 -1.848024934935927066e-01 -5.989575245913186796e-02
-8.072150855601684105e-02 -1.119013224314315824e-01 -8.073230130978946428e-02
-1.748088281850608827e-01 4.040275362230364986e-01 -1.417515809313801556e-01
-1.595959928132023586e-01 3.667906905124042605e-01 -2.431469754951058326e-01
-1.003407836781964463e-01 3.882169901796327927e-01 -3.059584255135113784e-01
-1.342279422904170405e-01 4.246411406416640277e-01 -3.503375585560651873e-01
-1.237320346797402271e-01 -4.203271423088984493e-01 3.070426265345786443e-01
-1.151384571468618973e-01 -4.756053246238778898e-01 2.651396669383335181e-01
-1.728441691782436340e-01 -1.843793404661158153e-01 1.525997072906353225e-01
-3.319953437522044637e-01 -2.419957858689409103e-01 1.374266506386635778e-01
-3.743286438576770569e-01 -1.893681238052445370e-01 1.398647672070931769e-01
-3.302155407218776983e-01 -3.571718586955225927e-01 2.270818869624586234e-01
-1.979642683004761983e-01 -3.404479122630477139e-01 2.676288242611772339e-01
-2.457013388549676991e-01 -3.291015084820806402e-01 3.761994350763072648e-01
-3.151451566196655785e-01 -6.324308639026793993e-03 4.704994739849779339e-01
-4.366874534858274370e-01 1.497009850416278764e-01 2.230741635840901016e-01
-3.780340262633380410e-01 1.958113420319529951e-01 2.399022383928068880e-01
-2.662879426819451112e-01 1.146386074643900438e-01 4.446589089768527292e-01
-2.588481400912279184e-01 5.428977738306712403e-03 4.755535994266152922e-01
-1.999593731176735611e-01 -1.870117365063597020e-02 4.304900010110550568e-01
-2.946522759289237348e-01 8.652061367217946108e-02 4.776642239603290929e-01
-2.963054484160355107e-01 1.195688993811425266e-01 4.642163487398096589e-01
-3.525433663785020877e-01 7.427902003585058754e-02 4.754032488135698231e-01
4.708534379608522724e-02 1.851563619742642164e-01 2.365745709846506784e-01
-6.711367507483947947e-02 -3.916905955256844707e-01 -1.424613027201164228e-01
-4.273167863956004592e-02 -2.319751885824319348e-01 -1.791066969665608133e-01
-1.649638703994533162e-01 -3.563828274744928470e-01 -1.421874236658662305e-01
-2.967021727465508074e-01 -3.044249013443662277e-01 -1.224027714357576041e-01
-3.316310654196087393e-01 -2.420245112819579270e-01 -1.378200100035023856e-01
-1.341426247853467202e-01 -3.516287587395625636e-01 -2.016680403053424109e-01
-1.988311662275105973e-01 -2.678598005481956368e-01 -9.112706444380444526e-02
-2.051548272421328256e-01 -2.037989987929040570e-01 -1.370068667581813837e-01
-2.742685445008380407e-01 -1.933100525734163799e-01 -1.386585849477081356e-01
-1.479667256608415971e-01 -1.730080197049971291e-01 -1.947767972737349251e-01
-1.966375057024978834e-01 -1.089341146709685015e-01 -2.239691887064742537e-01
-1.050375223681983550e-01 -2.137643876658243125e-01 -2.316371694899040101e-01
-1.028481412859698907e-01 -2.608398633005127309e-01 -2.224573820631073340e-01
-2.251620384762347549e-01 -1.034143262443118633e-01 -3.040607999296794373e-01
-2.491526538190663442e-01 -1.041698623481062541e-01 -2.622855064454217566e-01
-3.188019742013564750e-01 -1.074503136486796018e-01 -2.638140884776314921e-01
4.848791280071704929e-02 -4.666235555369466770e-01 -1.717239563514097178e-01
1.971398799050242193e-02 -4.695510481275504966e-01 -1.683959489561093203e-01
2.782196169230480298e-01 4.463278183373133867e-01 2.275101499111111258e-01
3.419960479214800841e-01 4.048600255366587852e-01 3.189664080474246544e-01
4.394328326472877744e-01 4.487643245981932649e-01 3.889733814911613963e-01
3.565018048588087241e-01 4.621672092346662541e-01 4.548897154937841525e-01
4.094402553965697522e-01 4.705179968358838560e-01 4.556517985568818152e-01
2.060779094603878703e-01 4.758991189369219943e-01 2.142146634291724194e-01
-4.724381712902187003e-01 9.482065377633962233e-02 6.252938709139658005e-03
-4.755883645423800155e-01 9.976777206095439887e-02 6.293893071892596447e-02
-3.511651735996621504e-01 3.850080695937541098e-01 -4.404666934049856208e-01
-3.041265116248187406e-01 3.698422131347329778e-01 -4.433624321786274747e-01
-2.876780301077649371e-01 4.437406837368922385e-01 -4.543613813828302206e-01
-2.422053602437513609e-01 4.159583324383095970e-01 -4.284921653880129910e-01
-3.104332481750836648e-01 3.085227037104715797e-01 -2.970875718736442628e-01
-2.023589649408195357e-01 4.303247993505066593e-01 -3.390218346660924809e-01
-2.263800091911055135e-01 3.870067538893487424e-01 -2.774740641587886691e-01
-3.699068826956830591e-01 3.190142897709804526e-01 -2.496564969754000718e-01
-4.254250928145086319e-01 3.975233226992044844e-01 -4.188033161365297685e-01
-2.636436535317747132e-01 4.174145327203102052e-01 -1.851365786001613056e-01
-3.697604171061502076e-01 3.788336741818094655e-01 -1.458544513302244827e-01
-3.815777852778541868e-01 4.116273895856874532e-01 -1.399038018469612454e-01
-4.500788668678693538e-01 3.216600117771087342e-01 -2.694146612615007652e-01
-4.522000737344228360e-01 3.700009973130984897e-01 -2.382399442163856407e-01
-4.807974950702331718e-01 4.681533296229618557e-01 -3.761154101370144387e-01
-4.722761035717573663e-01 3.574192683881788346e-01 -4.631878179707606402e-01
-3.023696929502961428e-01 -3.409030706874353611e-01 4.098179690854625856e-01
-4.416334375625588504e-01 -4.519771561131603610e-01 2.955276003264998841e-01
-4.799052993977540038e-01 -4.360995558050371756e-01 3.183746453826378775e-01
-1.730053995208410411e-01 -4.205699952307346834e-01 4.262819941083715869e-01
-2.224710989769861369e-01 -3.462727425930812175e-01 4.371932983103841153e-01
-2.665398583185797921e-01 -3.650515728297630269e-01 4.507709785740655062e-01
-3.567485799481583397e-01 -4.599077127974766643e-01 -1.421661121939343519e-01
-3.057330795171953608e-01 -4.145736519145807875e-01 -1.340585694572706821e-01
-2.604954898820434073e-01 -4.408197194669296604e-01 -1.531090278741144284e-01
-2.970345062307149786e-01 -3.674926455193802677e-01 -1.840083153333430810e-01
-2.501159123828686215e-01 -3.972908641212639647e-01 -1.870835847892978465e-01
1.195099360331791510e-01 -4.242763544658305075e-01 -5.373507930461268040e-02
2.225038199296198449e-01 -3.377424855138999038e-01 -9.210071886824332255e-02
2.655255267146788278e-01 -3.101145337945727110e-01 -4.702911861359226897e-02
1.118870898726768703e-01 -1.409842364581868346e-01 -6.068920902509381682e-02
1.187466138003152871e-01 -3.785408692971718447e-01 7.720842511700287680e-02
1.607028439441164358e-01 -2.024776071374313757e-01 5.523281893260768849e-02
2.027886887346566913e-01 -2.324293228790113575e-01 3.680555889165649380e-02
2.431744296705210806e-01 -3.010186846025178498e-01 3.591415271489378780e-02
7.825477638896079224e-03 -2.543945592210643536e-01 -1.654170082590425139e-01
7.103511381846082384e-02 -2.462564842552925071e-01 -1.851621421363044973e-01
1.237385519050540755e-01 -2.952349597308279727e-01 -2.391777094416462635e-01
1.304067323610648976e-01 -1.415822670303503450e-01 -1.015761346971858908e-01
1.864691351676641684e-01 -1.445584495075414866e-01 -1.180684063868681771e-01
1.705318492274343067e-01 -2.826661570609086405e-01 -2.313571509618486954e-01
1.792666202999171343e-01 -2.183886755778494670e-01 -1.952485527099330764e-01
5.856691765844546441e-03 -3.560170234936219646e-01 -1.125436541567688270e-01
5.468275892790509796e-02 -4.063423764647441372e-01 -1.469962998433344270e-01
1.194189126145033253e-01 -2.898067747960048623e-01 1.073379994148955241e-01
1.613026255896735373e-01 -3.443731540514743950e-01 9.471230272570894948e-02
6.579453832767864080e-03 -2.259592219371889255e-01 -1.436432887198546837e-01
1.453028324543748639e-01 -1.761214444647559996e-01 -1.578721380234703320e-01
1.714801183307259336e-01 -1.650808241917507690e-01 -1.593663378252791474e-01
1.256959148134509097e-01 -2.246015322868731845e-01 -2.153083162819526553e-01
1.557052704386980568e-01 -2.472635982363173279e-01 -2.275644301174537809e-01
4.333512862460340287e-01 -4.165994963252207528e-01 -4.135108343893598160e-02
4.524840981614591806e-01 -3.851779761641045963e-01 5.146159570983812291e-03
4.436560571025651156e-01 -2.802547481389754402e-01 -4.414015175843241656e-01
4.480989905716307176e-01 -1.825564305807629017e-01 -4.431020226319658528e-01
4.413046000270219316e-01 -1.544888799143021296e-01 -4.686877432777422636e-01
2.673991410553323567e-01 -3.340395538886671567e-02 -1.028371905501082595e-01
2.261450754174987865e-01 5.109373463260928616e-02 -7.567531532066179567e-02
2.379450629333322575e-01 1.122387289795131055e-01 -1.245741008846017878e-01
4.830134211090475471e-01 7.413917291540791932e-02 -3.371248947834402654e-01
4.682648778391547140e-01 -1.016718661673861879e-01 -2.713926984583200364e-01
4.689263546299523577e-01 1.325375717330658509e-01 -3.145479859464825889e-01
4.744661708904749919e-01 1.738925800421375067e-01 -2.801943494858072370e-01
4.407828123902947648e-01 -1.241588598083939454e-01 -2.361750855175129837e-01
3.311476647195574774e-01 1.341382767928175727e-02 -2.399382580759778505e-01
3.319559128344096721e-01 3.934885138635801916e-02 -1.762996468231561031e-01
4.537056200617908819e-01 -1.277832456078451806e-01 -1.283785221966861900e-01
3.362701155283080445e-01 -3.526488492245306167e-02 -1.547671593247544053e-01
3.439155506995851264e-01 -4.525313968190867314e-02 -2.399889198905671150e-01
3.490184522154223812e-01 -6.216665467210762824e-02 -1.935623126698316765e-01
4.158513114971419955e-01 4.251786060892584485e-01 7.555636288160419434e-02
4.153045373930727702e-01 4.520536402336627346e-01 -8.984386465510718969e-03
2.830921964018798254e-01 3.494599593962882111e-01 1.488722083072492597e-01
4.520254907224647289e-01 3.517301917148999424e-01 -1.556561145632870125e-01
2.660300409877189298e-01 2.556089305372650222e-01 1.596037128114773662e-01
3.253430452474649903e-01 4.259147151078223614e-01 -1.852855387710582169e-01
3.048181310294894031e-01 4.539908970384929354e-01 -1.245516428419038701e-01
2.525060662554582391e-01 1.681190535330694680e-01 -1.200910002931188103e-01
4.222795121830782428e-01 2.324502025943609718e-01 -1.965950428850914700e-01
4.049086333566648266e-01 1.726192349240652235e-01 -1.477931444287159390e-01
3.491415561708711146e-01 1.609558007698585480e-01 -1.392963830556027960e-01
4.260174974233832956e-01 1.683708171209709059e-01 -9.635499649411199963e-02
2.751175178141527233e-01 3.955348950614931969e-01 -1.960710061285527162e-01
2.041846654698304120e-01 2.889992536199945117e-01 -1.368197591656748757e-01
2.222321172167996683e-01 2.447417457190710910e-01 -1.510084935593367927e-01
2.966820892263464238e-01 2.905383232480614475e-01 -2.156062390079748203e-01
2.169470200790877823e-01 3.951317076427450226e-01 -1.574727675912058200e-01
2.312345127144751211e-01 4.231417806376185364e-01 -1.230032542594157452e-01
2.351821762012921424e-01 -5.790511350745011082e-02 -4.337677781241376929e-01
2.015971861449240843e-01 3.535540997184340867e-02 -4.320901794855990241e-01
1.311171023102659372e-01 5.412109387404517163e-02 -4.293668017037272633e-01
1.502838113881774518e-01 1.097089048080298335e-01 -4.671315227381562241e-01
9.703109005810862941e-02 4.610586392398853817e-01 -1.386985919906090492e-01
-6.303853667906884894e-02 3.407963383018848269e-01 4.037878342274026089e-02
-5.836392580579669725e-02 3.595338393160281143e-01 -2.872088448578837341e-03
-1.206208388436477430e-01 4.322958423888467738e-01 -9.099834575442997120e-02
-1.249988267329109060e-01 3.703936258094769896e-01 3.236910840025765401e-02
-1.154615279385774185e-01 3.699874830177196094e-01 -1.649679690719216274e-02
-2.033435136484431638e-01 4.679659706510689299e-01 1.268480105102658406e-01
-1.640945593364802058e-01 4.899472420240773562e-01 1.082828526693556531e-01
4.379710596115396481e-01 4.506373003944693645e-01 -4.581180688706800175e-01
-4.431013772618381252e-01 -2.345087449599125018e-01 2.526096103077117294e-01
-4.749101415100621670e-01 -4.225522797118493323e-01 3.314723641449247027e-01
-3.830402746357017274e-01 -3.463445944256156039e-01 2.972241901524029228e-01
-4.206103391016197679e-01 -3.976277698413543393e-01 3.263527606363458844e-01
-3.649237199838042955e-01 -3.552092785117231810e-01 3.626065667862555242e-01
-3.432783451691396315e-01 -3.123406996591641116e-01 4.116966177232088686e-01
-4.076376355539473306e-01 -9.197146784537910125e-02 4.402642721148489202e-01
-4.618985291269900317e-01 -6.203477009443632284e-02 4.113209309343416886e-01
-3.832523181953769731e-01 -1.276321000535928507e-01 3.955004636954521091e-01
-4.242957107104081693e-01 -1.159927661014364952e-01 3.538848415812947401e-01
-4.729185121350878984e-01 1.511557079934773562e-01 2.708950899674590906e-01
-4.490722027320453447e-01 3.816927909596293800e-01 4.146333533711997199e-01
-4.253371035227168084e-01 3.442250363061584162e-01 4.667818789743037877e-01
-4.155017224904790640e-01 1.815658516274735457e-01 3.295354860688115006e-01
-4.010010595462146776e-01 1.671188904898778249e-01 4.059210008224564681e-01
-4.480865790607194143e-01 9.685885837666864673e-02 4.263717715818725051e-01
-1.643584570345507923e-01 1.144636300951448749e-01 1.294920508362437939e-01
-1.867311396211635277e-01 2.897927509625670278e-02 8.762977932502348521e-02
-1.263257368697725813e-01 6.268330747673066597e-03 1.588342089893729492e-01
-2.096924924947551061e-01 1.471159124872047919e-01 1.264339310908655090e-01
-2.288558049697368146e-01 1.294447166994367460e-01 9.822588121825713559e-02
-1.697528188868416277e-01 -4.326207394712235782e-02 1.032703278176497902e-01
-1.990426598533297231e-01 -2.607624521642311344e-02 7.056562365058477448e-02
-1.856963164821393009e-01 -1.311699236329126883e-01 1.092278495371612757e-01
-2.272667594506118383e-01 -7.704626062184607993e-02 6.842828984151219651e-02
-2.039361950674015711e-01 -1.034609106223781938e-01 2.645578948886023740e-01
-2.693942843031286172e-01 1.972874410975890835e-01 1.988781720776642281e-01
-3.377007305945828319e-01 1.738514913684796326e-01 2.206499425825420857e-01
-2.907583291290817273e-01 1.723884044170403695e-01 2.341933505933597726e-01
-4.169444700806685389e-01 1.294915350721656533e-01 1.843914990727160141e-01
-1.678135797438372323e-01 -1.349200882097161824e-01 1.554089777341022272e-01
-2.700586857387490825e-01 -9.648109372079806401e-02 5.493596807248745523e-02
-4.367550347829894930e-01 9.521976418651113827e-02 1.075718468998378974e-01
-3.856905637010759613e-01 1.026452839704283249e-01 8.870209405091460109e-02
-3.393580982501301913e-01 -1.143438505100453501e-01 2.085769096445759530e-01
-3.254650314980391812e-01 -1.267922796970501198e-01 1.187311153015025156e-01
-3.363116136831919012e-01 -1.482867455780108035e-01 1.610088273344754128e-01
-1.523615953384125365e-01 -3.013698533458022966e-02 -1.725115773928369012e-01
-1.610885338276533130e-01 -7.475011402214806755e-02 -1.773189919705314421e-01
-1.460028106452275209e-01 -6.889720441038281462e-02 -1.315907961468382181e-01
-2.100724609183804714e-01 2.870435301527930749e-02 -1.667430198677830044e-01
-2.458022054045129190e-01 -1.085425218092928856e-01 -2.136407899850039649e-01
-2.150394838102838713e-01 -1.159770932653710063e-01 -1.907353849105485055e-01
-2.482466085530616873e-01 4.050171148086181838e-02 -1.151348318881450089e-01
-2.885344843844858675e-01 -1.101173063369283861e-01 -1.902334288737013712e-01
-2.620126810988638866e-01 -1.412903937666581955e-01 -1.675890923069790206e-01
-2.852426282007778924e-01 -2.581593999798496852e-02 -9.046974766537188573e-02
-2.078255170490754533e-01 -2.814459038800812274e-02 -4.338813199733778520e-02
-1.749012543423678623e-01 -6.727088972255154675e-02 -8.038441048171063308e-02
-2.701388889038394692e-01 -1.569922862450967016e-01 -1.230917071820682995e-01
-2.486682264645356799e-01 -5.291147313729101936e-02 -3.968310239925326721e-02
-2.960856978786253757e-01 -1.353445936714635089e-01 -1.042542855744907071e-01
-3.234332626086103835e-01 -9.446349895460207091e-02 -1.325503045748119280e-01
-2.374019561153956348e-01 -8.133319342087884374e-02 -2.988592029169086228e-02
-2.308471530697566998e-01 -1.171901982431175770e-01 -6.036518026396366088e-02
3.990465680761664524e-01 1.353788098801929629e-01 2.505463825236500242e-01
2.797438184595687494e-01 2.153889249435354536e-01 2.081688863484389418e-01
1.846220764038298268e-01 -5.532231168340865507e-02 1.566428636042660749e-01
1.688794858857870507e-01 1.653623462091995816e-02 1.337128653739123041e-01
3.040031033545733674e-01 1.921476917622113312e-01 1.864151888091027109e-01
3.015954904065920039e-01 1.569936638567187015e-01 1.537572475498379110e-01
3.552554332339059595e-01 1.740452411932039700e-01 1.622653579431594661e-01
4.993565889906231847e-02 1.244232834522117082e-01 3.608110439105479128e-01
3.511392681754150341e-02 1.158804449453076091e-01 2.219252208220401645e-01
6.706199016757667664e-02 1.636005153831947279e-01 2.705281148178461659e-01
1.824259751569928534e-01 2.157013682030927415e-01 3.451456602119560846e-01
2.076139192015610258e-01 2.473623282654193456e-01 2.252780741060934622e-01
2.307814684182646070e-01 2.587307370398501116e-01 2.285798115449784729e-01
2.306534508996203325e-01 2.527746873529477245e-01 2.423067105602308424e-01
1.704262842593312621e-01 2.393691026313538583e-01 2.375913863876418508e-01
1.201552832982669822e-01 2.131092811713816426e-01 2.427925164710193207e-01
1.562391382151619990e-01 2.395050312935061154e-01 2.629140514425069575e-01
4.792810785394196471e-01 5.177658000875001720e-02 3.898663189552882824e-01
4.483123059777569530e-01 3.002204522352541760e-02 4.005387871765096475e-01
6.634137606497983453e-02 4.637477570612066335e-01 3.014879205648520188e-01
3.994040908223973896e-02 3.975348356970174191e-01 3.324551430384286577e-01
-1.457630194440973359e-01 1.886317372573559359e-01 3.978561218071852146e-01
-9.063068510519090015e-02 1.894993392776272434e-01 3.943299333930417871e-01
-1.130302069007811661e-01 2.472582974570738390e-01 2.545231870140404196e-01
-5.654017564713727934e-02 2.210281400057786949e-01 2.836464625015243657e-01
-1.199627228531725300e-02 3.891676228853725439e-01 3.243244891223477921e-01
-1.474232496340456833e-01 3.852970707878937695e-01 3.022291214290603878e-01
-1.131711324094219900e-01 4.258266410154603610e-01 3.170554650352927495e-01
-2.087986469318572347e-01 4.493824921463995259e-01 4.543536160611001407e-01
-1.790627800376491940e-01 4.724602662970946443e-01 4.411242106651292461e-01
2.331272498878134702e-01 -3.494963792793770452e-01 -3.406199413690587652e-01
1.711587477504568910e-01 -2.914894359206826602e-01 -3.151166201794051713e-01
1.215756842284747286e-01 -3.126854281280828651e-01 -2.887691906799385588e-01
-1.271142018925909001e-01 -2.028878981185539554e-01 -3.348196983647729330e-01
2.155351553660075914e-02 -1.082371797744671321e-01 -3.483704407933216896e-01
2.713761864559390002e-02 -3.050353915109347419e-02 -3.887202396657143399e-01
-1.248323566711947996e-01 -6.521941708035064456e-02 -4.054878427181998757e-01
8.798017965078848424e-02 -4.144720208643342535e-02 -4.389727191891462654e-01
-4.970819732336133612e-01 6.804357705742410112e-02 6.042186929292774761e-02
-4.851881358757695883e-01 -1.491491939609274620e-01 6.504743411151497900e-02
-4.074395421687543317e-01 1.069197905516038882e-01 -2.112125969705269946e-01
-4.261893561746854520e-01 6.637053225900109432e-02 -8.328925125139866048e-02
-4.866405651418404532e-01 6.660571516359575783e-02 -3.105072782035529430e-02
-4.191735487587711639e-01 -2.492280415315176884e-02 -1.235893108634758264e-01
-2.814651495005449089e-01 4.710686555261138775e-01 1.326589144147900523e-01
-3.945049709876942701e-01 3.713595284220227444e-01 -9.807363825776375943e-02
-3.944792079620452752e-01 4.189327497165715175e-01 -1.041624906817459340e-01
-3.492629692367058558e-01 4.074742757131123438e-01 1.597662863018858570e-01
-2.729452725682764425e-01 4.129332474377726547e-01 1.431179953530340165e-01
-4.680633318546704169e-01 3.437333287480657806e-01 -3.628380030941850271e-02
-4.761497117600097528e-01 3.679063207018266612e-01 -7.908615349213898860e-02
-2.357507053224714988e-01 -4.077229061091245388e-01 -2.746095749551876186e-01
-1.497041850702134358e-01 -3.707412118898047448e-01 -2.667118897436905334e-01
-1.223818980022377545e-01 -2.885767218697951608e-01 -3.159760012471731772e-01
-8.108539999406155774e-02 -3.072235144638637561e-01 -3.552382483847497108e-01
-1.245909588086977632e-01 -2.678650116399465264e-01 -3.569934369654398365e-01
-1.837111244902890628e-01 -2.493242345235054391e-01 -4.003143931154495294e-01
-2.199087433896130261e-01 -1.440828487922144463e-01 -3.558780594041761614e-01
-1.795247632453468301e-01 -1.192264479720795967e-01 -3.910426916356899985e-01
-1.856869703049796871e-01 -1.737528097558384277e-01 -3.763281707863764258e-01
-1.574406390823988311e-01 -7.899190910730519155e-02 -4.531940532687336876e-01
-5.249947551341881471e-03 -3.269950064754562624e-01 -2.839797303167425346e-02
3.773372279206282931e-02 -3.228772624960683513e-01 7.084427969987293350e-02
6.743567641986304706e-02 -2.670656625816005825e-01 8.976562700124807170e-02
-9.753698766169532214e-03 -2.244270772349070131e-01 -8.644167481626952032e-02
-9.314427177023887339e-02 -3.224058432883492031e-01 3.905493945111559312e-02
-8.240205707040937355e-02 -3.249623747318902689e-01 -7.606368307671440912e-03
-3.475864482037939462e-02 -3.284583220058575059e-01 1.027135130050871176e-01
-9.097806001200506310e-02 -1.856844147276315027e-01 -4.533879771540381270e-02
-5.673509192385558370e-02 -1.370498359785338738e-01 -4.466285070093997667e-02
1.584972720091068488e-02 -1.432487668984262219e-01 -7.736119816074976674e-02
6.128832886332243740e-02 -1.731131278695887121e-01 -6.095759279314186263e-02
2.718026571146740095e-02 -1.980187392694457704e-01 -9.629998376232001833e-02
-5.834225512292033622e-02 -2.397030419526010314e-01 1.603457118322874075e-01
-2.065979912717692824e-02 -2.282012721673671862e-01 1.613122691647478346e-01
-1.265241041549969025e-01 -1.981448596038450638e-01 1.030830407263627485e-01
-7.859606401152890998e-02 -1.392345914356530046e-01 4.257781266291221084e-02
-1.371563038941005508e-01 -2.177006737099398126e-01 5.937443459965247028e-02
-1.241415933724810544e-01 -2.507247244423526089e-01 2.451547497940257184e-02
-1.322468880522619794e-01 -2.182022653296545323e-01 1.733097625420355545e-04
-1.302180288101037198e-01 -2.636514040113260848e-01 -1.892257996901586595e-02
3.728149963902849251e-01 -4.505908580141874675e-01 1.594445264929210404e-01
4.223749742371092908e-01 -4.897612126750385819e-01 1.353273099976885774e-01
2.425528071276425168e-01 -4.735091107720174608e-01 -4.763961856659540417e-01
4.579521115608501391e-01 1.358375816918832579e-01 1.389613039088129498e-01
4.199645295938893019e-01 1.713378823126738004e-01 1.159676668012157852e-01
4.696575281584268180e-01 1.962601856675816048e-01 3.285162506396101939e-02
4.813118104216044246e-01 3.400596221427471533e-01 5.908611987173375407e-02
4.788124351234052667e-01 -3.031156749234835412e-02 -4.419230335442210500e-02
4.102257728237936329e-01 -7.005752798297698591e-02 -8.687408166427804113e-02
4.776155134781757128e-01 -1.164433960038579879e-01 -5.353725265243024223e-02
4.545094997428848482e-01 -1.351034962212946944e-01 -7.398372335654397614e-02
3.175348517701428452e-01 -5.958739901548504997e-02 -6.260220928744701652e-02
4.731418367615707887e-01 -1.621415926233455151e-01 -1.996209457489669936e-02
4.619673366597514819e-01 -1.751528164853883296e-01 -5.346717292372411834e-02
4.349950983846877506e-01 -1.839635581178472035e-01 1.158356241561948052e-01
3.781697988031622049e-01 -2.340375299378072427e-01 5.475852167966470396e-02
4.800523905228121224e-01 -1.920467073906173550e-01 1.953950267725371864e-02
4.382780592158426192e-01 -2.268772449136201852e-01 3.857690726775421519e-05
2.994120631679269007e-01 -1.744968928476206826e-01 6.120854080272498943e-02
3.628863222007654432e-01 -4.155137600770149320e-02 1.966658087793866083e-01
2.505286807701044838e-01 -4.585464683090774429e-02 1.601151533131473514e-01
4.215296564131280066e-01 1.276765605100520506e-01 1.495016027960752725e-01
3.959790221669701737e-01 1.339786211492512702e-01 1.906359629208263240e-01
3.787022560509107905e-01 1.427932137745498153e-01 1.641780636398128546e-01
2.510625906232062388e-01 6.800098638654383798e-02 1.002612539436159717e-01
2.472388205951384366e-01 5.899136114232477607e-02 1.268411584530323988e-01
2.765660678473796374e-01 9.650931154128185308e-02 1.306786876491327909e-01
1.500891235856735215e-02 -4.641766085956178789e-01 -2.132193298271003457e-01
5.236632234880349290e-02 -4.550133855790326476e-01 -2.154498321006100281e-01
-6.705341705714340517e-02 -4.278697808813845538e-01 -3.037252685411727660e-01
1.234443329172359716e-01 -3.686736151037439679e-01 -2.993863666016591263e-01
-5.606327884346380686e-02 -3.402843919846854082e-01 -3.802449567497064864e-01
1.869803266895921356e-01 -4.466142594759110462e-01 -3.622806060712915333e-01
3.795789697646730076e-02 -3.123057487053133574e-01 -3.723694203650438905e-01
-2.604468006081513479e-02 -3.272843970504639710e-01 -3.916966735548039202e-01
1.206192998371908437e-02 -3.051597980684655487e-01 -4.120805497079332302e-01
1.003199066763043601e-01 3.867738813942619980e-01 -4.300190711359699325e-01
3.970943406176824508e-02 4.152965672699038824e-01 -2.976305964669822002e-01
2.030887751125581286e-01 4.563159941168959954e-01 -3.987178583705682788e-01
1.948570894257020680e-01 4.860202431705338277e-01 -4.223585602081654788e-01
8.845979235933201790e-02 4.499988119220516003e-01 -2.487308674539178976e-01
-5.416248741183659482e-02 4.359219248019142179e-01 -3.162413512118654735e-01
2.130702976785688041e-01 4.716033591302208894e-01 -3.453527924315347719e-01
-9.056525802336665154e-02 4.647046345200468997e-01 -3.467460495235109019e-01
6.983410625984455555e-02 4.018229666148485646e-01 -4.689598988714132610e-01
4.567340554268647934e-02 4.204556667083290122e-01 -4.853586617739653608e-01
-7.970430608087857027e-02 4.441995630551091589e-01 -4.233424755873694267e-01
-7.852132561859963278e-02 4.555551744958385441e-01 -4.583622287788572391e-01
2.703424661451516234e-03 4.039773394492058856e-01 -4.604636901306571328e-01
-4.090698048073920096e-03 4.157641607821096486e-01 -4.826633412926027433e-01
3.951650118880944418e-01 4.740453584055639991e-02 4.042476062499055223e-01
3.926769319324354690e-01 3.870975408047436228e-02 3.470712884843494273e-01
2.481838622767469082e-01 1.155089936303994591e-01 4.779082335205219745e-01
4.387878120900521872e-01 -2.883518181086980672e-02 4.046677457096153341e-01
3.652115424644168384e-01 -6.429041089684674193e-02 2.927268698396746083e-01
2.115544614610953278e-01 1.292161219048789944e-01 4.739353523508652022e-01
1.866630815729374004e-01 1.443550237083898458e-01 4.393737620212015416e-01
1.084799546466955478e-01 8.469034335870438690e-02 4.429688300734541118e-01
9.990648495021207942e-02 -1.361862537964942388e-01 2.324635622352303199e-01
7.516213786927129770e-02 -2.044656635869916417e-01 2.001615481452514167e-01
2.844072621115540864e-02 3.080825139924912165e-02 2.732731576424380360e-01
1.240510517325032480e-01 -1.659997871898689636e-01 3.022567809177010290e-01
-3.574829521910859176e-02 -5.922974108544344640e-03 2.258207683720269421e-01
3.417478182900849509e-02 -2.171606008865779036e-01 1.761238148317913477e-01
7.361828571468050780e-03 -1.890701246565417160e-01 1.765040531136792823e-01
-1.098989127104576906e-02 -2.342792385980373149e-01 1.830931609848326369e-01
-8.199346524690832860e-02 -2.605463393774763436e-01 2.253686177541407154e-01
-6.879533808877143219e-02 -2.333175162051434326e-01 1.865973359044712787e-01
2.624930972169739821e-02 6.087334467808890731e-02 3.537286772789594025e-01
7.756400467660956588e-02 1.021778082750189956e-02 4.220786709412337467e-01
-1.260040927628223173e-01 -2.438567200961027914e-01 2.205642693375225727e-01
-1.276895987447504710e-01 -1.970050026770462093e-01 1.852108974835007249e-01
-1.696850320055760530e-01 -1.790292299662062381e-01 3.710875843976440547e-01
-1.368191864561276172e-01 -6.647613367834664944e-02 2.100941466392011736e-01
-1.654438989655047099e-01 -1.022499179718901058e-01 2.551092490428671367e-01
-1.514723569280006787e-01 -1.234656152407199170e-01 2.008875167057321554e-01
4.331505059533075075e-02 -6.886212966990612472e-02 4.675872456497555119e-01
-1.214662368516920971e-01 -1.802366810842373490e-01 4.463340620320116470e-01
-1.894580766416002204e-01 -7.500082206698277520e-02 3.952357173309473115e-01
-1.845073388273205384e-01 -9.759032524179932222e-02 3.310499857451391081e-01
-2.084794166658740511e-01 -1.113565632611881739e-01 3.672311879781479105e-01
-1.631884173719720110e-01 -6.146898587411166182e-02 4.319255620285515906e-01
-1.139796509804230917e-01 -9.689813229110889881e-02 4.616563237151662391e-01
1.640970484768217164e-01 -4.229667713274380403e-01 3.940031293910620791e-01
9.931502500949189460e-02 -4.430652141680216927e-01 4.038095044737818329e-01
4.188207032720961398e-02 -3.756962528193297235e-01 4.184299940136577689e-01
4.279632949453923696e-01 -3.870695425198708017e-01 4.433323376191258824e-01
3.574162684325414840e-01 -3.228555464473609748e-01 4.672933491860962740e-01
3.976008390201128395e-01 -1.185183335187737080e-01 3.220339954794797510e-01
3.434992251348496506e-01 -2.427371346395744700e-01 3.534971441269999515e-01
4.403298004511661534e-01 -5.565235690291558263e-02 4.140464521117355745e-01
4.337856462583331574e-01 -2.195560145353117609e-01 2.375290324081852367e-01
3.963330824597961488e-01 -2.898770778371271839e-01 2.715629123125836708e-01
4.331511764620419314e-01 -8.417631356986458868e-02 4.449762100488224292e-01
3.926594184102707441e-01 -1.181473101842047957e-01 4.898297396771440493e-01
-4.778235770016239781e-01 -4.194032714972663056e-01 -2.894658882145291767e-01
-3.660942046505962222e-01 -4.464819926540584266e-02 -2.778493580869091928e-01
-4.184167207078605122e-01 -1.630400099488404919e-02 -2.423778944644522926e-01
-3.816311212232753602e-01 5.077885153113920885e-02 -2.814514859128165458e-01
-4.127191442375082731e-01 5.332936904416948204e-02 -2.704283898214208115e-01
4.855607377510767764e-01 -3.346178619312028535e-01 -4.490339567531843601e-01
2.684257625070529674e-01 -3.428973401207588423e-01 -4.434042947661710476e-01
1.910252721648204866e-01 -1.344884464877513508e-01 -4.463000731864536497e-01
1.123230666019243845e-01 -1.173770482153428801e-01 -4.456058550653849148e-01
1.462152533244467645e-01 -2.134527028341167698e-01 -3.554814139873785916e-01
1.501022801859616118e-01 -2.518817617190224900e-01 -3.657470566932582434e-01
1.017149149670827091e-01 -1.707298207569094006e-01 -3.884099306882983216e-01
7.203349835589746564e-02 -2.533406388165194145e-01 -4.056828031523677658e-01
7.111569787228329276e-02 -1.430872131167364170e-01 4.605826955332897321e-01
3.991673276924758568e-02 -2.241270662575195749e-01 4.368832736767689906e-01
2.637766467683180793e-02 -2.980977147410661110e-01 4.524923058497453687e-01
3.198653404168342873e-01 -2.666794560109367884e-01 4.516542713079875759e-01
3.145304604756615774e-01 -2.480679957723943840e-01 4.167566019354235762e-01
3.104027780022149963e-01 -2.080768529449386339e-01 4.463102067728619282e-01
3.110090639501537080e-01 -3.297775456753171963e-01 4.745765217332703623e-01
2.645470875597099036e-01 -3.799500904891734421e-01 4.731880911216650998e-01
2.615889056826144476e-01 -2.541577574245136861e-01 3.749813267290269536e-01
6.119818270471441557e-02 -2.643317223816302741e-01 3.597804588748508836e-01
4.961471963240686456e-02 -3.335626039718136426e-01 3.978009912415366167e-01
1.351334438016006667e-01 -2.477680906817777418e-01 3.421899416951523776e-01
1.441803892801658826e-01 -2.125546590885410148e-01 3.504152819545403030e-01
1.859144983397199025e-01 -2.906268043333480877e-01 3.256902412682908254e-01
1.432615199227002256e-01 -3.490136900166595502e-01 3.769126618071503843e-01
8.875055205293418126e-02 -4.664069756461656779e-01 4.687390058131993276e-01
-1.474117856385962488e-01 -2.814872255531024048e-01 -4.743973679401532473e-01
-6.235575348696953402e-02 -3.471394806996528914e-01 -4.571161661245066732e-01
-5.312892036939793894e-02 -3.743137788278124711e-01 -4.836071225396412210e-01
-2.272538153957676110e-02 -3.403930853000784462e-01 -4.860614286820264529e-01
-1.586956848258942385e-02 -3.782146481878793653e-01 -4.958987884891444264e-01
-3.947884022442443852e-01 -2.787186205727181232e-01 -4.850383657708141616e-01
-4.132970643408457323e-01 -1.811669158427230975e-01 -4.851984964163317815e-01
-4.688427912452977075e-01 -3.989000619941738268e-01 -3.095238302151515075e-01
-4.539647534741387269e-01 -4.201395167706715728e-01 -3.630571054026728306e-01
-3.518789914121006057e-01 -3.464398485051696785e-01 -2.605331936226071288e-01
-3.537137759287178884e-01 -2.698960115784745373e-01 -2.165212441430925117e-01
-3.324739921884171112e-01 -3.247692794526209625e-01 -4.404883273872192140e-01
-2.796033560731480683e-01 -2.896030737033912228e-01 -3.669703351030982330e-01
-3.479572605438953636e-01 -3.992110130140584801e-01 -3.800735635009922508e-01
-3.193434505364059484e-01 -3.721917663392107500e-01 -3.278757935629128539e-01
-3.340042109296889605e-01 -1.361133815940540615e-01 -3.006800377039081651e-01
-3.563731102495955594e-01 -1.123037365554976769e-01 -3.177468575343788126e-01
-2.856568177443082890e-01 -1.619613052360873995e-01 -3.689517784818668322e-01
-3.295314867927969238e-01 -1.351291663187308700e-01 -3.865282762988772047e-01
4.738811670153196820e-01 5.000000000000000000e-01 3.659361589830652517e-01
5.000000000000000000e-01 4.202561785568154629e-01 4.096478343271715561e-01
4.379377236168734977e-01 4.417815690646091364e-01 5.000000000000000000e-01
4.243224936362335886e-01 5.000000000000000000e-01 4.641442869015645067e-01
-2.237897201551877491e-01 4.471463700558731547e-01 -5.000000000000000000e-01
-2.540452424045314128e-01 4.551361235117840631e-01 -5.000000000000000000e-01
-1.739288025694367690e-01 1.977935038342338858e-01 -5.000000000000000000e-01
-2.442517927493354224e-01 1.494264799684883460e-01 -5.000000000000000000e-01
-4.014527243977772941e-01 3.565810869019064855e-01 -5.000000000000000000e-01
-2.963542360683247834e-01 5.000000000000000000e-01 -4.179138723190800042e-01
-4.922032546038098699e-01 5.000000000000000000e-01 -3.757650264826825071e-01
-5.000000000000000000e-01 4.857332343269272212e-01 -3.883301990400406245e-01
-5.000000000000000000e-01 3.923965997410349127e-01 -4.782248339913005020e-01
-4.380101890839678824e-01 3.538836556883018236e-01 -5.000000000000000000e-01
-4.371696574537219937e-01 -5.000000000000000000e-01 3.287832469053452167e-01
-5.000000000000000000e-01 -4.548759780138285080e-01 3.241186009506081267e-01
-3.965173053415519400e-01 -5.000000000000000000e-01 1.906685768607370990e-01
-5.000000000000000000e-01 -4.465245224793566448e-01 3.093276590104744872e-01
-5.000000000000000000e-01 -4.956337204437321620e-01 1.495810272721966872e-01
-2.851126709677294091e-01 -5.000000000000000000e-01 1.305447393906432052e-01
-2.829844906416204009e-01 -5.000000000000000000e-01 1.255982907525995396e-01
-3.672016610781954071e-01 -5.000000000000000000e-01 -1.299291453981910593e-01
-5.000000000000000000e-01 -4.158409414894262968e-01 -5.333443446373449526e-02
-5.000000000000000000e-01 -3.778829580196468862e-01 -6.791561081106848446e-03
2.959063309114816076e-01 5.000000000000000000e-01 4.891755569128105607e-01
3.422529773560620270e-01 4.310142482925967133e-01 5.000000000000000000e-01
3.487346078696672569e-01 5.000000000000000000e-01 1.833833329070000961e-01
1.941388335383216757e-01 5.000000000000000000e-01 1.999206412040504255e-01
1.805318768384142625e-01 5.000000000000000000e-01 2.428673994539793657e-01
-1.626300426106975783e-01 -5.000000000000000000e-01 1.046618418401101813e-01
-1.327514905043541138e-01 -5.000000000000000000e-01 -7.842403372523210070e-02
-3.659036771343626149e-01 -5.000000000000000000e-01 -1.330455262127027971e-01
-2.814248107497074325e-01 -5.000000000000000000e-01 -1.748510112692213403e-01
3.701224442633279099e-01 -5.000000000000000000e-01 -2.561747655047634797e-01
4.911743886071813781e-01 -5.000000000000000000e-01 -3.135233820085154832e-01
4.261819626049757059e-01 -5.000000000000000000e-01 -1.731781952636720495e-02
3.350294954437657569e-01 -5.000000000000000000e-01 -1.302742908568413072e-01
3.545465812535377181e-01 -5.000000000000000000e-01 -2.478595147327484483e-01
5.000000000000000000e-01 -4.546438198096347527e-01 -3.095345985260162247e-01
5.000000000000000000e-01 -4.042383917548422190e-01 -2.917801512253191953e-01
5.000000000000000000e-01 -4.158409414894262968e-01 -5.333443446373445362e-02
3.545465812535377736e-01 5.000000000000000000e-01 -2.478595147327484483e-01
3.701224442633287981e-01 5.000000000000000000e-01 -2.561747655047639238e-01
3.350294954437657569e-01 5.000000000000000000e-01 -1.302742908568412794e-01
5.000000000000000000e-01 3.408337286009153200e-01 -1.995734023918802336e-01
5.000000000000000000e-01 3.714940007228681451e-01 -6.398838821116878406e-02
4.261819626049757059e-01 5.000000000000000000e-01 -1.731781952636720495e-02
5.000000000000000000e-01 3.532302173110673515e-01 -9.464694634425499520e-02
3.581561758543877483e-01 -1.080995139771522701e-01 -5.000000000000000000e-01
4.145489352950647022e-01 -1.298145953677886100e-01 -5.000000000000000000e-01
4.721594968660736691e-01 1.073428177939258904e-01 -5.000000000000000000e-01
4.232209466217706773e-01 -1.253203249695151733e-01 -5.000000000000000000e-01
2.471938805509775183e-01 1.194630100261389188e-01 -5.000000000000000000e-01
2.512294319893919603e-01 1.216078956400098721e-01 -5.000000000000000000e-01
2.106030698533633283e-01 1.483684877628166088e-01 -5.000000000000000000e-01
2.035172881125727751e-01 1.346027260813617565e-01 -5.000000000000000000e-01
4.878290371175824092e-01 1.146233579105635503e-01 -5.000000000000000000e-01
5.000000000000000000e-01 9.932796433564235195e-02 -3.179297655691756819e-01
5.000000000000000000e-01 -1.733244635630313280e-01 -4.675314753079365393e-01
5.000000000000000000e-01 -1.232538859957250654e-01 -2.861247657848869919e-01
5.000000000000000000e-01 -8.216538529509029298e-02 -2.697273601374684526e-01
4.234517754361930564e-01 5.000000000000000000e-01 1.154590486663596705e-01
1.278964895244449063e-01 5.000000000000000000e-01 -8.104056149824079291e-02
1.308643391341903217e-01 5.000000000000000000e-01 1.215538154705315538e-01
1.555779805127954218e-01 5.000000000000000000e-01 1.622302956309398803e-01
5.000000000000000000e-01 3.081096293280216059e-01 -4.452088600346112424e-01
5.000000000000000000e-01 3.923965997410349127e-01 -4.782248339913005020e-01
5.000000000000000000e-01 4.857332343269272767e-01 -3.883301990400406800e-01
5.000000000000000000e-01 2.470128439177756152e-01 -2.738283397653008544e-01
3.422529773560620825e-01 4.310142482925966578e-01 -5.000000000000000000e-01
4.379377236168734977e-01 4.417815690646091364e-01 -5.000000000000000000e-01
2.113664183918810557e-01 2.376484924880128691e-01 -5.000000000000000000e-01
5.000000000000000000e-01 1.539571117559453417e-01 -2.678524796959703691e-01
-5.000000000000000000e-01 -4.235000068991838229e-01 3.182776184143442655e-01
-5.000000000000000000e-01 -4.267373156293631231e-01 3.303176116661590833e-01
-5.000000000000000000e-01 -2.226550427975963475e-01 2.475552527229803734e-01
-5.000000000000000000e-01 -5.284415706391521611e-02 4.114174016427110114e-01
-4.214110397961116639e-01 -1.570675924109914412e-01 5.000000000000000000e-01
-3.811382152419227620e-01 -2.922218469959920184e-01 5.000000000000000000e-01
-2.847066283533277176e-01 -3.428984321305217353e-01 5.000000000000000000e-01
-2.508622026700935148e-01 -5.000000000000000000e-01 4.768895936397419266e-01
-5.000000000000000000e-01 1.471836921083253535e-01 2.677878557508134305e-01
-5.000000000000000000e-01 1.043495993112497494e-01 3.389036833078100108e-01
-5.000000000000000000e-01 1.120149521379374680e-01 4.851227353414215848e-01
-4.380101890839678824e-01 3.538836556883018236e-01 5.000000000000000000e-01
-5.000000000000000000e-01 4.202561785568154074e-01 4.096478343271715561e-01
-5.000000000000000000e-01 7.297332153345133243e-02 4.148329558082226587e-01
1.190511572313821820e-01 5.000000000000000000e-01 -8.563708169474565368e-02
9.316039560526574725e-02 5.000000000000000000e-01 9.358577428534757547e-02
-7.394173997162403755e-02 -5.000000000000000000e-01 2.713492004544897362e-01
1.555779805127955884e-01 -5.000000000000000000e-01 1.622302956309401023e-01
-1.673391909735921224e-01 -5.000000000000000000e-01 1.555866980143353062e-01
-1.531044260423889969e-01 -5.000000000000000000e-01 1.198765648613984020e-01
-1.082259997861096806e-01 -5.000000000000000000e-01 2.688602287094986609e-01
9.316039560526581664e-02 -5.000000000000000000e-01 9.358577428534750609e-02
1.308643391341903495e-01 -5.000000000000000000e-01 1.215538154705314983e-01
-1.867005270883321522e-01 -5.000000000000000000e-01 4.570306722635490426e-01
9.311272735541736845e-02 5.000000000000000000e-01 3.345833342177220726e-01
2.113664183918810280e-01 2.376484924880128691e-01 5.000000000000000000e-01
5.106273503998078056e-02 4.226014063858735126e-01 5.000000000000000000e-01
-9.528181632053969730e-02 2.035676739217476550e-01 5.000000000000000000e-01
-1.739288025694368245e-01 1.977935038342338581e-01 5.000000000000000000e-01
-2.237897201551877768e-01 4.471463700558732102e-01 5.000000000000000000e-01
1.743100873186992361e-02 4.155131968083667360e-01 5.000000000000000000e-01
-1.423265443641971162e-01 4.728115795349743800e-01 5.000000000000000000e-01
-1.673391909735920946e-01 5.000000000000000000e-01 1.555866980143353340e-01
-1.531044260423891357e-01 5.000000000000000000e-01 1.198765648613984020e-01
-1.082259997861096668e-01 5.000000000000000000e-01 2.688602287094986609e-01
-7.394173997162414858e-02 5.000000000000000000e-01 2.713492004544897362e-01
-1.867005270883321244e-01 5.000000000000000000e-01 4.570306722635490426e-01
-5.000000000000000000e-01 -3.657027212098373781e-04 4.074526186445104892e-01
-5.000000000000000000e-01 1.068894231695638741e-01 9.274472334767851212e-02
-5.000000000000000000e-01 8.640915420751366094e-02 8.527383392934716200e-02
-5.000000000000000000e-01 1.511627510382297646e-01 1.745234734887629591e-01
-5.000000000000000000e-01 -1.731747009565192674e-01 5.982036151575173544e-02
-5.000000000000000000e-01 -2.047391664572349723e-01 6.241090025527928214e-03
-5.000000000000000000e-01 -1.733663689740930214e-01 5.940206528663344310e-02
-5.000000000000000000e-01 2.247747145043803296e-02 1.034262060306218034e-02
-5.000000000000000000e-01 -9.668976239415980056e-02 -7.582854075680284245e-02
-5.000000000000000000e-01 -1.781396296383474243e-01 -4.321480382110172436e-02
-5.000000000000000000e-01 9.148575185345383942e-03 -2.382310447475916373e-02
-5.000000000000000000e-01 1.283137727389649929e-01 2.928250285586376372e-02
-5.000000000000000000e-01 2.887059702929891114e-01 -1.484082367038743605e-02
-5.000000000000000000e-01 3.463510179932857147e-01 7.201618923000070727e-02
-5.000000000000000000e-01 3.407431256062263270e-01 1.291798494508316492e-02
-4.371696574537219937e-01 5.000000000000000000e-01 3.287832469053452167e-01
-3.965173053415519955e-01 5.000000000000000000e-01 1.906685768607370435e-01
-9.528181632053972505e-02 2.035676739217477382e-01 -5.000000000000000000e-01
1.425609870684559910e-01 9.939246182143002262e-02 -5.000000000000000000e-01
-2.582191978915825969e-01 1.200318039794032732e-01 -5.000000000000000000e-01
-2.121097648777292566e-01 -2.862124590015229647e-02 -5.000000000000000000e-01
6.671554891733452730e-02 -6.292751331141605009e-02 -5.000000000000000000e-01
-1.411208293621527554e-01 -8.535711312423498176e-02 -5.000000000000000000e-01
2.579714954586996567e-03 -5.000000000000000000e-01 -1.576206199096806260e-01
6.258998415884531319e-02 -5.000000000000000000e-01 -1.624021794594353862e-01
1.190511572313821542e-01 -5.000000000000000000e-01 -8.563708169474563980e-02
4.234517754361930009e-01 -5.000000000000000000e-01 1.154590486663596982e-01
5.000000000000000000e-01 -4.956337204437321620e-01 1.495810272721967149e-01
3.487346078696672569e-01 -5.000000000000000000e-01 1.833833329070000961e-01
5.000000000000000000e-01 -4.465245224793566448e-01 3.093276590104745427e-01
5.000000000000000000e-01 -3.778829580196468862e-01 -6.791561081106849314e-03
1.278964895244448785e-01 -5.000000000000000000e-01 -8.104056149824077904e-02
1.941388335383216757e-01 -5.000000000000000000e-01 1.999206412040504532e-01
5.000000000000000000e-01 1.511627510382297368e-01 1.745234734887629313e-01
5.000000000000000000e-01 1.068894231695638741e-01 9.274472334767858150e-02
5.000000000000000000e-01 1.283137727389650484e-01 2.928250285586372903e-02
5.000000000000000000e-01 2.887059702929890559e-01 -1.484082367038744299e-02
5.000000000000000000e-01 3.463510179932857147e-01 7.201618923000073502e-02
5.000000000000000000e-01 3.407431256062263270e-01 1.291798494508316492e-02
5.000000000000000000e-01 1.041442120906424240e-01 -3.026693957325518602e-02
5.000000000000000000e-01 2.247747145043810929e-02 1.034262060306230524e-02
5.000000000000000000e-01 8.640915420751363318e-02 8.527383392934712036e-02
5.000000000000000000e-01 -1.733663689740925773e-01 5.940206528663427576e-02
5.000000000000000000e-01 -1.731747009565192119e-01 5.982036151575166605e-02
5.000000000000000000e-01 -9.668976239415985607e-02 -7.582854075680284245e-02
5.000000000000000000e-01 9.148575185345331900e-03 -2.382310447475919496e-02
5.000000000000000000e-01 -1.781396296383473965e-01 -4.321480382110177293e-02
5.000000000000000000e-01 -2.047391664572349723e-01 6.241090025527931684e-03
5.000000000000000000e-01 -2.091514229545230474e-01 -2.257089531714016051e-01
5.000000000000000000e-01 -3.925096214274786943e-01 -2.975033136948017631e-01
5.000000000000000000e-01 1.471836921083253535e-01 2.677878557508134305e-01
5.844952100750467477e-02 -5.000000000000000000e-01 -2.101094647036507168e-01
1.646189094495816713e-02 -5.000000000000000000e-01 -2.281884909976277798e-01
-2.279846194080238087e-01 -5.000000000000000000e-01 -3.092205025332298574e-01
-8.630422073284525764e-02 -5.000000000000000000e-01 -3.295599677198928767e-01
2.064613034299287442e-01 -5.000000000000000000e-01 -3.605502764327884746e-01
1.749984010246673216e-01 5.000000000000000000e-01 -4.532830073645466307e-01
5.901991203097900485e-02 4.393378168581698051e-01 -5.000000000000000000e-01
5.844952100750468171e-02 5.000000000000000000e-01 -2.101094647036507446e-01
1.646189094495810468e-02 5.000000000000000000e-01 -2.281884909976278908e-01
2.064613034299287442e-01 5.000000000000000000e-01 -3.605502764327884746e-01
2.065275673359707465e-01 5.000000000000000000e-01 -4.155523638601978931e-01
-7.563445538219079611e-02 5.000000000000000000e-01 -4.592074516155616459e-01
-8.630422073284524376e-02 5.000000000000000000e-01 -3.295599677198928767e-01
5.106273503998076668e-02 4.226014063858735126e-01 -5.000000000000000000e-01
2.133784528156360549e-01 5.000000000000000000e-01 -4.368422969097113251e-01
6.258998415884534094e-02 5.000000000000000000e-01 -1.624021794594353862e-01
2.579714954587059017e-03 5.000000000000000000e-01 -1.576206199096806815e-01
-1.423265443641971439e-01 4.728115795349744355e-01 -5.000000000000000000e-01
1.743100873186998259e-02 4.155131968083667360e-01 -5.000000000000000000e-01
-2.851126709677294091e-01 5.000000000000000000e-01 1.305447393906431497e-01
-2.508622026700935703e-01 5.000000000000000000e-01 4.768895936397419266e-01
-2.279846194080238364e-01 5.000000000000000000e-01 -3.092205025332298574e-01
-5.000000000000000000e-01 4.954326524716688995e-01 -3.587179298426079188e-01
-2.814248107497074325e-01 5.000000000000000000e-01 -1.748510112692213403e-01
-5.000000000000000000e-01 4.737756538530127903e-01 -2.982411663447327443e-01
-3.659036771343626149e-01 5.000000000000000000e-01 -1.330455262127027694e-01
-5.000000000000000000e-01 3.714940007228682006e-01 -6.398838821116875630e-02
-3.672016610781954071e-01 5.000000000000000000e-01 -1.299291453981910593e-01
-5.000000000000000000e-01 3.408337286009153200e-01 -1.995734023918802336e-01
-5.000000000000000000e-01 3.532302173110674071e-01 -9.464694634425493969e-02
-2.829844906416204009e-01 5.000000000000000000e-01 1.255982907525995673e-01
-1.626300426106976338e-01 5.000000000000000000e-01 1.046618418401103062e-01
-1.327514905043540860e-01 5.000000000000000000e-01 -7.842403372523208682e-02
2.512294319893922379e-01 1.216078956400098582e-01 5.000000000000000000e-01
4.721594968660736136e-01 1.073428177939259182e-01 5.000000000000000000e-01
2.106030698533632728e-01 1.483684877628165810e-01 5.000000000000000000e-01
5.000000000000000000e-01 1.043495993112498466e-01 3.389036833078097333e-01
5.000000000000000000e-01 7.297332153345133243e-02 4.148329558082226032e-01
2.471938805509774628e-01 1.194630100261387107e-01 5.000000000000000000e-01
2.035172881125727473e-01 1.346027260813617288e-01 5.000000000000000000e-01
1.425609870684559910e-01 9.939246182142998098e-02 5.000000000000000000e-01
6.671554891733458281e-02 -6.292751331141603621e-02 5.000000000000000000e-01
-1.411208293621526999e-01 -8.535711312423499564e-02 5.000000000000000000e-01
-2.442517927493354224e-01 1.494264799684883460e-01 5.000000000000000000e-01
-2.582191978915825969e-01 1.200318039794033009e-01 5.000000000000000000e-01
-2.121097648777292566e-01 -2.862124590015225831e-02 5.000000000000000000e-01
-1.828642409712544770e-01 -3.021357189701097123e-01 5.000000000000000000e-01
-3.250805458882172760e-01 -2.328659244447159674e-02 5.000000000000000000e-01
-1.525880298194261242e-01 -2.574468000268864132e-01 5.000000000000000000e-01
4.547314137182942306e-01 -3.657802130775586469e-01 5.000000000000000000e-01
4.243224936362335886e-01 -5.000000000000000000e-01 4.641442869015645067e-01
5.000000000000000000e-01 -4.267373156293631231e-01 3.303176116661590833e-01
4.232209466217706773e-01 -1.253203249695151733e-01 5.000000000000000000e-01
5.000000000000000000e-01 -3.657027212099484004e-04 4.074526186445104337e-01
5.000000000000000000e-01 -5.284415706391525080e-02 4.114174016427110114e-01
5.000000000000000000e-01 -4.235000068991838784e-01 3.182776184143442655e-01
5.000000000000000000e-01 -2.226550427975963753e-01 2.475552527229803734e-01
3.581561758543875817e-01 -1.080995139771522007e-01 5.000000000000000000e-01
4.145489352950647022e-01 -1.298145953677886100e-01 5.000000000000000000e-01
-2.540452424045314128e-01 4.551361235117840076e-01 5.000000000000000000e-01
-4.014527243977772941e-01 3.565810869019064855e-01 5.000000000000000000e-01
2.493011903434318721e-01 -4.592255314934299282e-01 -5.000000000000000000e-01
2.474600973758818712e-01 -4.577728193453788341e-01 -5.000000000000000000e-01
2.133784528156360549e-01 -5.000000000000000000e-01 -4.368422969097112696e-01
-5.000000000000000000e-01 2.470128439177755597e-01 -2.738283397653008544e-01
-5.000000000000000000e-01 3.081096293280216059e-01 -4.452088600346112424e-01
-5.000000000000000000e-01 1.539571117559453417e-01 -2.678524796959703136e-01
-5.000000000000000000e-01 1.041442120906424101e-01 -3.026693957325520337e-02
-5.000000000000000000e-01 -4.546438198096346417e-01 -3.095345985260162247e-01
-5.000000000000000000e-01 -4.042383917548422190e-01 -2.917801512253191953e-01
-5.000000000000000000e-01 -8.216538529509029298e-02 -2.697273601374684526e-01
-5.000000000000000000e-01 9.932796433564237970e-02 -3.179297655691756819e-01
-3.462689464942633188e-01 6.600481057497237236e-02 -5.000000000000000000e-01
5.000000000000000000e-01 -3.275589343590827873e-01 -4.625460052355866991e-01
4.547314137182941751e-01 -3.657802130775587024e-01 -5.000000000000000000e-01
5.000000000000000000e-01 -3.660852695779171495e-01 -4.131308063683268861e-01
4.954624060839853961e-01 -5.000000000000000000e-01 -3.416784153428348847e-01
2.527520281569238803e-01 -4.434632139628941760e-01 -5.000000000000000000e-01
2.331035941731894878e-01 -1.747457695530052479e-01 -5.000000000000000000e-01
9.127375693619667330e-02 -1.229327460161254298e-01 -5.000000000000000000e-01
3.836262600593127181e-01 -3.107441931059691798e-01 -5.000000000000000000e-01
3.062745698047943388e-01 -3.337803010077944887e-01 -5.000000000000000000e-01
2.065275673359707187e-01 -5.000000000000000000e-01 -4.155523638601978376e-01
2.751773351480436003e-01 -3.769093814769067796e-01 -5.000000000000000000e-01
-3.462689464942633188e-01 6.600481057497234461e-02 5.000000000000000000e-01
9.127375693619670105e-02 -1.229327460161254160e-01 5.000000000000000000e-01
2.331035941731895156e-01 -1.747457695530052479e-01 5.000000000000000000e-01
2.427327631860658891e-02 -2.828655537710204060e-01 5.000000000000000000e-01
3.062745698047943943e-01 -3.337803010077945443e-01 5.000000000000000000e-01
2.751773351480436558e-01 -3.769093814769067796e-01 5.000000000000000000e-01
3.836262600593126626e-01 -3.107441931059692353e-01 5.000000000000000000e-01
2.527520281569251570e-01 -4.434632139628904568e-01 5.000000000000000000e-01
1.805318768384142625e-01 -5.000000000000000000e-01 2.428673994539793379e-01
2.474600973758817324e-01 -4.577728193453787231e-01 5.000000000000000000e-01
9.311272735541739620e-02 -5.000000000000000000e-01 3.345833342177221281e-01
2.019048348330887421e-02 -4.069935290779034820e-01 5.000000000000000000e-01
1.202372162546345297e-01 -4.873687608216646927e-01 5.000000000000000000e-01
8.834583961360309434e-02 -5.000000000000000000e-01 4.847346074864892773e-01
-1.035431552519359977e-03 -3.116184372208510855e-01 5.000000000000000000e-01
-1.307958411023633916e-02 -3.657477631669878715e-01 5.000000000000000000e-01
-7.672877531084100478e-02 -3.856658654686694887e-01 5.000000000000000000e-01
-1.525880298194260409e-01 -2.574468000268863022e-01 -5.000000000000000000e-01
-1.828642409712545880e-01 -3.021357189701098234e-01 -5.000000000000000000e-01
-1.035431552519335691e-03 -3.116184372208509745e-01 -5.000000000000000000e-01
-7.672877531084086600e-02 -3.856658654686694332e-01 -5.000000000000000000e-01
-1.307958411023642069e-02 -3.657477631669878715e-01 -5.000000000000000000e-01
2.427327631860660279e-02 -2.828655537710203505e-01 -5.000000000000000000e-01
2.019048348330869380e-02 -4.069935290779033710e-01 -5.000000000000000000e-01
-7.563445538219079611e-02 -5.000000000000000000e-01 -4.592074516155617570e-01
-5.000000000000000000e-01 -3.660852695779169830e-01 -4.131308063683271081e-01
-5.000000000000000000e-01 -3.925096214274786388e-01 -2.975033136948018186e-01
-5.000000000000000000e-01 -3.275589343590827873e-01 -4.625460052355866991e-01
-5.000000000000000000e-01 -1.733244635630312447e-01 -4.675314753079364838e-01
-5.000000000000000000e-01 -1.232538859957250793e-01 -2.861247657848870474e-01
-5.000000000000000000e-01 -2.091514229545230197e-01 -2.257089531714016051e-01
-4.922032546038098699e-01 -5.000000000000000000e-01 -3.757650264826826181e-01
-4.214110397961116639e-01 -1.570675924109913024e-01 -5.000000000000000000e-01
-3.811382152419227620e-01 -2.922218469959920184e-01 -5.000000000000000000e-01
-2.847066283533277176e-01 -3.428984321305217353e-01 -5.000000000000000000e-01
-2.963542360683247834e-01 -5.000000000000000000e-01 -4.179138723190799487e-01
-3.250805458882172760e-01 -2.328659244447157939e-02 -5.000000000000000000e-01
